2.543179591909963,-3.8699279133541244,4.073024463295703,2.57566653660587,-3.5371786072996736,1.1184720466723697,4.255316276960316,-3.045080543915129,93.39284175708704,0.530689001083374
1.0249235219884199,-2.5541748787456293,0.5456455696148304,-0.6790424899905467,-1.4199597412571063,0.2629255713478491,1.0228145853882928,0.32748007057719875,21.35252914370239,1.037283182144165
3.1868854647600307,-3.7096242406755153,5.12,3.580930139873982,-3.7207280408165513,-2.7033593007863788,1.0348612892604727,1.721754841851796,95.8237881508372,1.6338176727294922
0.9757163659728487,-3.113689414327488,0.5414424637518742,-1.2554542890556144,-1.338553412907793,0.4988898480746409,1.0119652218319475,-2.761931174001502,30.922037993952912,2.201415538787842
0.9211439786317763,-2.6202525070441243,0.5916036964415987,-0.34007676019398136,-1.011302591331801,-0.6641493874911752,1.0218190029105303,0.48007045833400674,19.659248042050805,2.644408941268921
0.4023603399069593,2.1789834840209563,0.7556921709540223,3.463752613219996,1.7737320739531732,-2.5296752405288148,0.9788613168148528,2.0619311179923088,40.47581472618714,3.0640501976013184
0.8519631085859514,-2.796484758012902,0.6225537582941039,-0.15391931200079423,-0.7272972569390035,-2.1520024379591347,1.0140070046749665,0.660118740633818,21.949692501226178,3.588948965072632
0.6770901878916336,-2.0476416226912937,0.7949594860219449,-1.1510550666481043,-0.7508905999108162,0.511984823763993,0.8597387888979231,1.1324745887214087,15.763634660826217,4.123820781707764
0.4192708599791297,-3.0356038166074333,0.9446734656345042,-1.6198622020457898,-0.7623382314863036,2.9523627980091485,0.7468498133494927,1.7041324031942109,32.62591191053997,4.5383946895599365
0.6770534046260961,-2.048074503082545,0.7647402069321387,-0.9430370544002367,-1.0601570375248128,0.05379108895555973,1.6371728734608944,-2.2885245538953587,20.648150690908583,5.1163177490234375
0.6720075506748548,-2.001132065988595,0.7929574514536695,-2.4022304254034204,-0.551895712706127,0.36880774761426327,1.2022795215317332,2.306444180100832,27.76087559964558,5.572921276092529
0.5021476016917674,-1.7972224646504826,0.8688090156487895,-0.8253664379347834,-0.24816154545418456,-0.7824347145832782,0.8163961864970881,0.9290301326077017,13.17269385104857,6.189533948898315
0.29509921494956526,-1.608108029867009,0.9998933851692122,-0.6856114617574756,0.32310182588318437,-2.5101572985496516,0.745539054542621,0.23294206421123942,20.971912944680806,6.712268590927124
0.5392938582205815,-1.8113746207566161,0.8521994908480792,-0.84180078684681,-0.27117621170841044,-0.44642364617571495,2.7074226401000683,1.6279316059229698,24.744038267374513,7.2745959758758545
0.5656885990995804,-1.8394517997846505,0.8372994655077308,-0.8520976221180128,-0.3429864855303437,-0.2874732072732975,0.6233350962570485,1.8800853904033321,17.28755340126223,7.824395179748535
0.41226628872094384,-1.6796862380777253,0.8326449654299672,-0.8892163498556913,-0.4308820909279385,0.4216467809354887,0.8901250887238454,0.7444534945215571,15.253357041908787,8.439574241638184
-2.2862776674998635,2.357838003923141,4.049644962812448,2.1768930085596034,5.12,4.9632213777259215,4.069535972912017,5.12,129.66878762305538,8.994728565216064
0.5805073366882478,-0.7810764071124829,0.9730541165930813,-0.3255574818671043,-0.47248293025864996,-0.0698213640772316,0.8436939444507541,0.1306707464616519,9.952093716055709,9.581324577331543
0.6338529510072632,-0.06649698638333312,1.2134408763818207,-0.14818343648305188,-0.5084399530161736,-0.009583468666679806,0.8457267382099101,-0.09346404681065135,8.413315303335539,10.10065221786499
0.6447497749593092,0.490135840470332,1.5628839834914086,-0.18665720683386056,-0.5470180927913955,-0.0559265875634658,0.9497012487490455,-0.14824055557675564,12.97787738603469,10.60386061668396
0.6551338128451141,-0.5131765826803152,0.8784128299109453,0.663060038908907,-0.3714072107762618,0.29971545628389684,0.1451972202362084,-0.27152442259435094,12.102924809760193,11.216285943984985
0.9987586127325221,-0.5960959993384343,1.3518295312943591,0.09990796758439746,-0.6887327010469546,3.598065524606745,0.8291420651123484,4.837153726734162,48.501097479800364,11.94499397277832
0.2764482983710028,-0.34889311378777155,-5.12,-0.21076620787611322,-0.8052341893055015,-0.5828728765278814,0.2209521188813941,-0.4524363886510505,36.77472163660449,12.546069622039795
0.1504844756373691,-0.14656289712619142,0.27228537840918676,-0.005370733883738765,-0.5212749469615847,-0.09142084201295919,0.9860341462623357,-0.3517403311922296,7.196073601612907,13.111619472503662
-0.09854320159903018,0.04369922498298617,0.013385714121596948,0.01744878305444786,-0.5510389444594788,-0.09204850292558131,1.091572059782509,-0.2965498957296111,5.397318503443097,13.79577898979187
-0.6433006892531239,0.24894563203998032,-0.0897751146811343,0.04607002072121169,-0.6623814587857284,-0.20507942942625768,1.2377969274265714,-0.23295996096680494,9.425574644131014,14.387347221374512
-2.179442468114765,5.12,-1.6679143639060796,2.100185467548516,-3.2378591340979472,-5.12,5.12,-5.12,131.54785236385018,15.128134727478027
0.3116213902632481,-0.10508308156074442,-0.27786106291036194,-0.05348169295066807,-0.043418614765545094,0.3843026456777521,1.0877309012899357,-0.3764778721041271,8.126470655940224,15.837368488311768
-0.9129109677795011,-0.4031278520467483,0.13845444836557963,0.044937928398768534,-0.32053453330427395,0.16931806547930695,0.7840221608017153,0.07880131655118472,6.981823954678416,16.460028886795044
-5.12,5.12,5.12,5.12,5.12,-5.12,-5.12,5.12,211.88345098062877,17.08794903755188
-0.1627262869079793,-0.26439380221876174,-0.11177412062690362,0.10781499770171799,5.12,0.021769871659498286,0.7642685938967357,-0.05797954257131899,30.205786782766957,17.644362211227417
-0.35671203733057144,-0.14474478025716397,-0.2903619764580361,-0.1574643451233415,0.26867131504013386,0.05465077346711755,0.6021619864786292,0.016817837757361787,7.38619292843612,18.34332013130188
-0.5453077401198927,-0.5155501728450487,-0.020778757469644304,0.6928420088515228,0.1533598986885707,-0.04049161106430876,1.0082126900149468,-0.1561086720321576,8.331229181355363,18.89744544029236
-5.12,-5.12,-5.12,-1.1326569541003102,-5.12,-5.12,0.5125461517896133,5.12,162.78281532597657,19.509761095046997
-0.14566223380769294,0.3016763190980214,-0.2093780307742792,-0.3087444216975346,0.36029052766933223,0.08609363366276401,0.5918214223218579,-0.20787801440383014,8.957948243561882,20.102761268615723
-1.0314463423862978,-0.00914974637924093,0.5096117094834041,-0.42845497917472564,-0.0953728268219507,0.6605897874006521,1.0694376406918433,-0.5483043680680906,11.071890293059816,20.69332194328308
5.12,3.166815025612162,5.12,-5.12,5.12,-4.4192571884448855,-5.12,-5.12,190.8459959290214,21.34638214111328
-0.1363807590033863,-0.05108517526650935,-0.23751619644874022,0.6405048538931588,-0.4421672953004876,-0.39937427844720386,0.39386450000352724,-0.6982781209214091,11.284968395848542,21.93947982788086
0.3041647033605708,-0.17019243767541692,-0.20506581171441507,0.46953199448202465,0.3724393661998988,0.2475159491656589,1.2635817688867563,-0.11915794003887736,10.783731166948675,22.522680044174194
-5.12,4.720125005579608,5.12,-5.12,-5.12,5.12,5.12,-5.12,208.86420941217546,23.13091802597046
-0.32938925555728726,0.680593557672073,-0.35355372960655096,-0.32087217858120454,-0.3619400119850811,-0.2272786267535878,0.6103347805179364,0.8333792971469487,12.759983007021766,23.70843505859375
0.07692325553393609,-5.12,-5.12,-5.12,5.12,5.12,-5.12,5.12,185.51848129117278,24.463661193847656
-1.316072161209175,-0.7304759569648498,0.7413939673570633,0.8565529872703266,0.32435016361291247,0.03597019509976107,0.9230177770643948,-0.1513826586901521,10.499272465372037,25.05353593826294
1.0550779227544584,-1.9695726487652925,-4.00450206721213,5.12,5.12,-5.12,5.12,-5.12,153.53350419401684,25.650731801986694
-0.5021790031786741,-0.5117610653139817,-0.18833503452579947,0.012525868495807835,0.3864639631099225,0.1412981555900661,-0.06259781306157564,-0.561773859339322,9.787995554013762,26.253273487091064
5.12,5.12,-5.12,-5.12,-5.12,-5.12,-1.0160025440418528,-5.12,186.43533136494602,26.96986413002014
-1.019751618087251,-0.15277027727524217,-0.14580359822827038,-0.989404735340913,0.8215484740451862,-0.22318166191312638,1.1699487011859562,-0.47399824157706494,9.111377473339338,27.58695888519287
-1.3248754682113293,-0.02775091227152604,0.6150039267532215,-0.27122720999341254,-0.6779975925357871,-0.7780957347583719,0.34530005822580634,-0.52029346119929,13.831478296992653,28.225362539291382
-0.24835775142263383,-0.2208881474075426,-0.7985476613909963,0.22295055525119079,0.43521327397074927,1.089035312183146,1.4396770777867287,-1.4597203151066216,15.682938085366523,28.808796405792236
5.12,-3.686151867627762,5.12,5.12,5.12,5.12,-5.12,3.313270969717645,186.25571806943998,29.38822865486145
-0.509053930910401,0.7002113002022199,0.43189912624997717,0.1351290783549537,0.6957500788200841,0.7339298318043435,0.12848311935796985,0.5405311989142731,12.55229223067893,29.9606831073761
-5.12,-0.45506057072636086,3.7640859682626315,-5.12,5.12,-5.12,4.603880253322969,-2.41852225286982,153.9003660912815,30.479742765426636
-4.723027997946737,4.110066997342353,-4.265093687490554,-2.169799748883109,0.4198048571581037,2.975280337659531,2.5878339849928516,4.013517501779579,100.68558909964058,30.99132466316223
-5.0292421123564,-4.908242197242772,-3.1725289250597797,3.3282003144021006,-4.235649489039865,1.3938765477344477,0.7141209353307945,-3.923728486783219,112.52966825371755,31.64108920097351
-1.608246911393897,-3.950178335725511,-3.7585833750216158,1.0628631459187377,3.9808912821025073,-4.306439033582851,-4.75703959315713,0.3294657177467979,97.2160792846232,32.196507692337036
-1.1261849150778098,2.2854293040784475,0.017874067490387446,0.6637210164478802,-2.7993912672256083,0.0557257477076325,0.7172930047686101,0.7171339753122483,22.00640150952649,32.723344802856445
0.33540537833105866,-4.056930262243214,2.623305322251242,-3.3765832348167875,-4.060854303892995,0.2929712913805327,-4.976010190379363,-0.5904454895313833,84.73623304946044,33.28143262863159
0.2143035976125649,1.1103339468463194,0.04508867387614135,0.9865681399534507,-1.1055797678771135,-0.6439960448490956,-0.7839990549095353,-0.718020606406891,9.890742282438339,33.854342460632324
1.2146398488067511,1.073930700291652,-0.8251663224950878,-0.6588643372441272,0.5133292939451488,-0.7110000213330743,0.6219915417761674,0.3414690188216287,14.491747257505322,34.413360357284546
-0.3570496911585588,-0.3364863119343404,0.06372521920385577,0.9339786404682613,-0.34464541032445783,-0.8743411383142146,-2.315143570942642,-0.2776779289899025,15.16840005443366,35.057767152786255
-0.5520981296692433,-0.21606735301587232,0.755014365496506,3.7797828676879197,-2.547363538345389,-2.831339579243126,-3.226788221313702,-4.169395538534153,65.86416033151963,35.66334891319275
-0.1788579512214321,-0.8539859751136678,-1.3154395835607402,-1.1916594772812048,1.3684022306221353,0.6324498095917832,-0.5712735042881238,-0.9515443815108373,15.714994259443023,36.282809257507324
-1.6834854862965534,-1.1896807430919774,-2.0642188590728523,-0.2950756743650551,-1.269980622578463,1.4538086201733016,-1.311981601292079,2.0627560544353614,26.235630742327714,36.91807961463928
3.5160123559647216,3.8093906143613525,3.7639950618874076,-3.864914301238086,-2.053315976366295,-4.033006969437285,2.6408510110137398,5.110886804664649,115.38054523794638,37.55577230453491
0.5817313789456922,-0.11010867596896556,0.7918560304545395,-0.6378761016307033,1.5561010759918448,0.9167943221219037,-0.32279039385698205,-0.2706604110292048,13.95560231536136,38.2182936668396
0.47258030921936633,0.5516080440149009,1.0394427867103504,-1.2131264296069695,-0.5756428959186124,-0.3252004305821625,-0.8374902167962661,-0.07490895122549812,12.88842480860585,39.01649832725525
-2.9134415647779766,0.5617008777192041,0.6973289119455082,1.7465696297886435,0.25110200237388636,0.36040959283678475,-0.9878955191513183,-0.1381028652414713,20.947595778008175,39.756614208221436
4.9756398119725835,-5.0588626985695475,0.8504108527983769,-2.5477439710640826,5.0068959677342315,4.578074005935547,4.227557218028701,-3.7339536603735586,141.6935938886383,40.48878312110901
-4.712544322045541,-2.0058833870501083,1.2726203409723498,4.652860592275828,-1.3225425786954879,0.11984733960494953,4.2447140685736935,2.061950423319016,80.23384599730677,41.23846697807312
0.7896837787552364,-1.0452340487760203,0.8581422715363365,0.903960546259774,-0.722137116319268,0.0016621992566943078,-0.3370320160713245,0.36855611236427066,9.75427437563208,41.958970069885254
1.825985964173917,0.17113930584873138,1.8714774121118243,-0.356396174102783,-0.08631117778119712,-1.0179292831471045,1.0250762216668905,-1.308907086889198,15.318105946247059,42.69201970100403
-0.7258525228042023,-1.0364570003455036,-0.19152468251315113,-1.3015183481647723,-0.7056957785103473,-0.7713756805885259,-0.7125454906264306,-0.26396884590129943,12.600012355114151,43.50940251350403
-0.5691447056182621,-0.9422384574243265,2.0792238034440205,0.851127408655751,0.7774564260262871,-0.3835309877146402,0.4792313820671419,-1.5445327217203162,18.65112257613191,44.313215494155884
-4.617430259150118,-1.9973509212796245,-4.598774205397437,-4.678046126193299,-4.388291848609616,2.812901726933066,4.445284164585789,-2.545272434587551,133.0217490950918,45.17681956291199
-1.3870227665069552,1.009318449780558,0.0080209092699155,-0.5768872401311445,-0.6322779274374621,-2.2160221914954565,-0.6097039396340538,-0.2513797265385618,17.91041813836648,45.947651863098145
-0.2828971065934702,1.5605429614204578,0.9079081440050167,1.2115944698826384,1.2312130537495163,1.7071997644670462,-3.106707691136939,1.3532078920671564,28.746725006072914,46.7779176235199
1.9299192973909491,0.0528311672729016,0.6036892345142215,0.8163897646789566,0.1268814566328853,-0.1616827002008714,1.2175699656449446,0.3733149853606452,12.234057946949536,47.73393106460571
0.3180462079723929,-1.2316424188457686,-0.5626370873128828,-0.08871468470735522,0.06341757877009524,-1.1386130102883736,1.1671206845577853,-1.202064851933486,12.064640109997987,48.565693616867065
-0.631734650626302,0.015591270078697761,-0.07281889374338668,-1.230827088195865,-4.93958376915152,-2.085145361707585,0.6142850990220214,-0.5396813006679739,37.93259258325845,49.34037733078003
1.9132267916206196,0.3688162152896437,-0.6232781235203815,-0.19014066495962556,-0.1451216368955457,-1.8298638455761447,-0.7391182150185216,-1.312457849439899,17.388347109963192,50.23158097267151
0.10667012189795955,-0.2618587419216736,-0.5046963567773277,-0.19490448898885582,0.16122594198526574,-0.24356732552686022,-0.5816983086383445,-1.4364382161593316,12.03343337492132,51.07834005355835
-5.054059158108788,-3.0574251034394404,0.610357803419407,3.0625121123383385,-3.419572220388261,3.0451009117019607,-4.755642846225421,5.059564928546849,118.73974514349281,52.02893567085266
-0.2919273908603994,0.35419201292131675,1.1748255620568049,-0.1198552778424391,0.03495107022909316,1.8973076636917199,0.7279840935589137,-0.17764855693387283,11.376349278142687,53.055201053619385
0.4380602396356643,0.6628782781802478,1.0270288373097562,0.5390761303139824,-0.48962826003987825,0.6037678502710415,-0.950068543988202,0.37058454762015103,14.57980215895488,53.927525758743286
4.008406126819904,4.914645359872922,1.2992765775366752,4.338949864415967,-5.007028696773671,2.9721914103851885,4.943620725254482,0.6627082669589051,124.09488780069022,54.909451484680176
-0.5808975961990175,0.08405538689539149,0.18331988447134862,-0.23247661319960233,-0.16451707437606178,1.4999637670689099,-0.03033207182082709,-0.9134624494576222,9.688253974639045,55.74659061431885
0.9381867197825224,0.1455544363896868,-0.7293332484750739,1.0263054681194648,0.6521041775979901,-0.31888704509225363,0.5217587694837471,-1.6475757489319318,14.194909244155387,56.8115816116333
4.9317356255803775,-5.06731134245678,-1.2454966449729286,-0.9943350702382414,4.134019854197848,-4.5530840126220475,2.5786949067970486,4.227076378882827,121.0448592317666,57.778536558151245
0.6016987448277238,0.11360391013561078,-0.40865004043673814,0.8949766814558027,0.4461541125157771,1.0424333364378064,-1.1693378161358452,-0.008834698160672616,10.587366088568062,58.70871043205261
0.07663882144136114,4.385224913395041,4.402338217362437,-4.492195073483161,3.6828264039199494,4.6064773925097855,-3.2247583694479394,-0.38837274764151086,115.61043444760323,59.68128943443298
0.6245704535830967,0.28271943289432144,-0.5850109879274408,1.9637075299316962,-0.524609468484325,-1.9413828316523922,0.5894245796195614,-0.43287004874434487,19.86087413855842,60.656431674957275
-0.9554347723036054,0.7366590247722842,0.08159880625116411,1.1736482978801401,0.4618156240560243,-0.9960916695151472,0.9113736300164774,-1.6518113114269246,13.095172369957027,61.643720865249634
-2.7306585280725146,0.7570742006876081,-1.3565806066686759,4.294944629858409,5.03309110073647,3.85453879601475,-3.6869013727492934,-4.063822985864782,105.46647766686199,62.672515869140625
0.32691269739827344,3.5257704223526565,-1.5245406051698573,0.621295933974511,-0.5759025622794569,-0.6959447056731687,0.4236776498026291,-0.23275169474424828,29.461538128780496,63.70106220245361
0.5705788200406232,-1.2987786873824207,0.033619826738910064,-0.057805956166117944,1.3726767200575596,-0.3829371639321577,0.10984026924360624,-0.12245839784472157,11.315975039305082,64.77151131629944
-0.5114928740922657,0.5549245023408282,1.268941128890896,-1.5258188920973503,-1.4657279983849225,-0.277713535083282,-0.6549370703277875,-1.3861485317999627,22.595199391468462,65.84458112716675
-1.1362583715566745,-0.5718998064719516,-1.8990700678361456,0.192216512183486,0.4818482596346554,0.07724604857963069,0.768733448447998,-0.9005120666140067,13.165849121735267,66.9006872177124
-0.7628126989328576,1.114101717191435,-0.2978273084842389,0.4867107956894241,1.8585497689344264,-0.27791691778138006,4.667068413467471,0.36616217706721077,36.762730239059174,67.9181969165802
-0.4865705102853415,-1.6173416706186239,1.1609049094222685,0.18869595010554807,-0.12330496867036267,-0.5041169172894282,-0.28893690120148197,0.934829510373862,13.902528565879903,69.1951413154602
-4.949699361539957,-0.05024338674446316,-0.8917286295367051,1.2439260156361733,0.8355935476293164,-1.145315027441062,-0.8504840579438611,0.2678570121591868,33.33114492350726,70.3026237487793
4.637125896939357,4.694381059584038,4.287362311433919,1.9848011543914632,-4.442835498734383,-2.8587575627380177,-2.573749015731368,-0.2895308083903352,110.15632216714643,71.4051616191864
-3.349691277737837,4.925026712327866,-4.625401300810114,4.722755584489868,-5.046990502951631,-2.075170815099954,-2.926879764456663,2.8937166534454954,130.93580453327783,72.47450041770935
-1.1374669464054397,-2.9710218697727324,-2.5661512532741795,-5.043128939370206,2.0659473352546938,-4.059805670752465,0.13229166876101406,-4.786398348475736,89.38834012457978,73.57952237129211
0.017338629565329278,-0.7420385032581445,-0.4914583327466788,-0.4535044192340072,0.944056426402132,0.6153992028819957,-1.7319488788855115,-1.2200288346433865,15.50388228012349,74.7068841457367
0.11361302072784074,0.9405389271955231,-0.16911774788085587,1.3582554053085794,-0.026160323823389398,-0.7823420891811823,0.3561001280648277,0.7946126558227347,9.750776362686139,75.81254768371582
-1.2886959165071157,1.031160223448774,-0.8055032995296232,-1.890158206361861,0.431955062201979,0.8578635813098758,0.6968506939349641,-0.4591449868177939,16.289456994733126,76.94387531280518
-0.45448625728719083,-0.18901648769614088,-0.271911258426198,1.8838786201063895,-0.9400297890831464,-0.14346360040121464,-0.7394871699547627,-0.10105830335213373,11.014405139411238,78.11326718330383
2.21979928986275,-0.276670798196351,1.0642105395359236,2.917301023292702,0.5572681280011436,2.2252930062949563,0.2463744254045208,-0.16261856136277153,26.424017252137006,79.2919282913208
-0.04732773532722945,0.5863888663299237,-0.8648318910822423,1.1708516704047112,1.5851947139376117,-0.33204216955264787,-1.3497099921106015,1.7809946649422281,18.59012277193498,80.64427256584167
3.2749748100406366,4.842655237540414,4.970180290286673,2.300923554948797,4.355237478582715,-4.3075031951373965,4.284131822257936,-4.01242077952671,143.2716056203881,82.13945508003235
-0.4743022750536463,-0.5795683392832442,0.34735116044958403,0.8320299205648158,1.3920719036264302,1.375373704997668,-0.021168722363497317,-1.2760034647523755,17.436892777249284,83.47977757453918
-3.948798593601451,0.707472543834144,3.828438590532662,-1.5735804172776562,-2.191953953754932,-0.5323494572278618,0.5950512542791975,2.4756852001143814,54.97300013635082,84.76449823379517
-1.663486980515417,2.8753385884237357,-4.772888284926114,0.5329973316719689,4.839660566518419,-4.937386924111187,0.26922191483550506,1.5107836035769644,92.55877563924145,86.15720868110657
3.819798041805769,-5.049418949627501,1.363813259166764,-3.3517645286811613,-4.314386336439083,-4.656790542333438,4.627341327546486,-4.33618046054268,143.7301761491971,87.44875764846802
0.5066262638974841,-0.7816030797124087,0.5195731645670341,0.20493962965889967,0.7550717245362337,0.4278675851545408,0.4899576874356759,-0.5510938814270467,14.805556972661794,88.7306580543518
-0.19590883074201582,-0.48918069363265193,-0.6877447562197698,0.23484475487575285,1.5825285384358354,0.4255256882891896,1.723785925116176,1.373200675492459,19.922998655246992,90.06048154830933
1.5389302572061627,0.2867667517476411,1.133828183911227,-1.3009251789108651,1.50869601820437,0.07760865316233989,-1.0112154366247479,-0.1457300719640875,16.109681840122178,91.35890364646912
0.04103879977114122,0.6180686378173581,-1.1586355201246228,-0.5983746217613222,0.6218097910744662,0.3650199382840462,0.7728977241189341,-1.4527402463733559,15.549512124405087,93.01880836486816
2.005887554409446,0.8240775539075891,0.4482866338238152,-0.4920870852421224,0.1274536384217022,0.25762091580589086,0.5487223948225175,-1.4121039751470361,17.178437906360596,94.34802007675171
-0.5216001991995469,-0.10839956725198441,-1.3326283695249508,2.483529135910482,0.26122889581500885,-0.4698461450565734,0.21199057196589255,4.126300232258637,35.4073887574249,95.67984533309937
-1.5272585542323345,-0.5780102443158546,1.527749716959307,0.8290037345283396,-0.4522033980053557,-0.3236213527598375,0.33417211749764775,0.33882270998462793,19.035403474178345,96.995929479599
-1.2185537177433061,-0.059987827508874325,-0.1167167478861506,-1.9535680465342504,0.4783446995221432,-1.1957022530883434,0.7506325075897315,-0.24127017136014306,13.369293910869466,98.49944734573364
-0.8510390215737331,-0.21795385518793609,-0.7863719489849235,0.26045902191573855,-1.8832220247601748,0.27693443129507145,0.32176692275944596,1.1868705935781065,13.114692168795937,99.96601605415344
-4.438020442332532,3.3116801717043893,2.2040296222636346,-4.948343941364051,-4.098975119441387,-4.111837327648196,-4.966016497800667,-1.9047632571542983,126.69634394095277,101.35263872146606
-0.4177334064346381,-0.768279297544785,1.1514150150733906,1.8014469268104145,0.7453735711663816,-0.5744984608796484,-0.2883583473679634,0.1114284291386003,14.568878560267716,102.80444598197937
0.9173979756657324,-0.6228981906007389,1.822722058560097,0.22101449198242662,1.133711786128056,0.15923947208002698,-0.897848952250242,0.4326143412946939,13.033975737108877,104.50582671165466
-0.14689294510618556,0.7664065354074694,-0.7134277868993806,-1.9445911252011383,-0.14744796718806263,0.07985775965561537,-0.9605618620279355,0.43761039671315505,11.10033839020612,106.1046690940857
-0.9994138147080607,2.1924603634314543,0.35276475806187246,0.9608209487967132,-0.24702690500712343,0.5232807752513517,-0.47450064580954443,-0.486873633202241,16.883002357098395,107.65076088905334
1.0799551004087506,0.8129004310353718,-0.93539246472276,-0.8103129761462124,-0.18986023673130603,-0.4678646807053717,-0.8324003533771362,-0.8642212957073498,9.961452143741955,109.41995072364807
-0.22774068539119874,0.3333569110273267,0.19741091287860968,0.020869805358759486,-1.3593124277259672,0.15922713770663943,2.0998330114869184,-0.45324592032488376,13.97677202197972,111.05385112762451
1.108542090144688,0.5819932972410911,-0.24299643543408944,-0.4431368874234849,-1.078650949208936,1.100819542319866,1.0216261729647034,0.9799704378000476,11.519886188273698,112.69758629798889
-4.597897477693064,4.526763330396352,-4.328828079957227,3.568392458992009,0.44728914249221585,4.746859844014341,5.099423341684617,-3.1999953649210586,143.1134328668278,114.5650429725647
1.1813934396809564,0.15090334552564588,-0.046801398245133186,0.21889430182040126,2.143119768679547,-2.1915648214230594,-0.8298686722456239,-0.35311795836795934,16.666886025846456,116.51903057098389
0.4255433937644044,-0.052954463743334124,0.1924946619378911,-0.2632854813838197,-0.5183454046714813,-0.4308777251709577,-2.496351522929114,-1.4881776094889658,20.765817758776635,118.39244222640991
-4.278055847288917,-4.994984067186021,3.8068720926468727,-4.561015645786175,-2.4052648358666153,4.688823644599842,2.5034246091622743,4.871602050880587,145.5811857213844,120.28304958343506
1.0014364688877198,-0.09955549129871244,0.1444399248861945,0.7058887540299281,-0.10107890268154396,-2.246595528282463,0.49137109284196434,-0.36337247998370614,13.635881577008282,121.90478825569153
1.0436860988578296,-1.1953889525280568,-1.658659907239858,0.300755305981248,0.8152544997482654,0.6557194210569524,-1.1158149878390065,-0.2705284353836461,14.87175657684956,123.78355574607849
0.31208480257090176,-1.922098009138784,0.1594699305678482,0.012305648234853805,-1.0673520796188338,-0.04433475633269168,-0.5784153057116646,0.0029129269813275016,9.263251957244321,125.54053258895874
0.8004871337288337,0.3857931522753484,0.14861106609009056,1.9505382396784698,-0.05613292346434573,-0.14255242024088677,1.2723306778602508,0.21142512319633866,11.53426006906153,127.38543963432312
-4.873272039383789,-4.2401269887550725,4.8626638382050755,4.559545943918061,4.057083614052044,-2.6972735450502188,1.8239542370683504,-4.248104433970213,137.71890011129025,129.22077417373657
0.7108738860177688,0.42322763111661743,-0.6219448633737263,-2.742875012863894,-0.5260395123536865,0.46972053132576974,-0.9861236550636336,-0.039637720126071585,19.96382747298412,130.8702301979065
0.8950305464852795,0.1593580585236758,1.6070219658473999,1.1155150940671614,-0.7884198105644611,-0.2240220275357112,-0.2715409376217339,1.5533403245178041,15.19433098554068,132.7539575099945
1.7218072211400326,-0.1846389314620014,-1.1428084824325104,0.27096858186550676,-0.5111444285796809,-1.0778918261397346,0.9536414874085191,-0.11577687819461602,12.418916091556502,134.65611338615417
1.804764277005762,-0.28563072804141054,-0.6490360587126478,1.6065459899417291,0.5029888057571359,0.6984129093483027,0.17105079143158797,-0.40063566036003717,18.18675570734244,136.46623134613037
1.3700391358011608,0.02179060636564234,0.2211359814542586,-0.7498857705110495,-0.9570693736302065,0.87283919580549,-0.7496093913165991,-0.6695549619826275,11.51657154921169,138.46256613731384
-0.21251636696063336,0.40867816599249274,-0.10752621089316605,-0.6531611562895296,-1.206643698437647,0.07566554979036244,0.7283881245710804,0.3934427948464432,10.956536523023672,140.4077010154724
-1.1283654534901735,0.2254736805336357,-0.40294301088937345,-0.3977219223308044,0.13430920268304103,-1.6346493548732277,-1.5594266320715287,-0.8890724847469844,16.49446072099898,142.05476117134094
-1.1970656031542366,-0.4944892022005547,-1.2196243057347793,1.3631268700718389,0.3749489273754021,1.0717615757717942,0.08942753668544601,-0.4808301566410398,15.64050503792918,143.89256143569946
-0.8025638821428469,-0.8158848054157728,-0.2687643707756182,2.0927183182834597,-0.5733469508842077,0.9772817675623848,0.9963456296880144,0.07784662389692443,12.62344807074591,145.6181025505066
-0.5447758278457595,-0.2830379987266758,-1.0963259026373935,-0.523149254505137,0.12721793711680895,0.35940632902699665,1.1848317842162688,-0.6884897886829746,13.125735793113963,147.71966576576233
0.07231572921717344,-0.5973192369895255,-0.46219064288718403,0.02617034802026197,0.5982505409910379,0.9118547255579905,1.5221330705418152,0.23391667862749976,12.897360267290898,149.49530696868896
-1.1020550215644143,-2.708796115169259,-0.9141538377428127,0.9488953947708954,-0.28926484476894654,-0.3368868436206114,0.41289481846181264,0.6482602760752183,18.93775854748192,151.43202233314514
0.9055697245508769,0.06380121907863767,-0.19573702322050046,0.11187063184823831,-0.6553598548699311,-0.5372377065215197,1.061894541180532,0.15033758101316508,7.917713324796727,153.61958575248718
1.0792000746607586,-0.9768977061939541,-0.733291783528391,-2.052207645186418,-0.039766407077993726,0.33905797766804113,0.17065951886082154,0.5292296985660254,12.650871689092208,155.57242345809937
0.2538951008919552,-0.6704702661046102,-1.0450714278747988,-0.6891584506575512,-2.3580604327615373,-0.24808686246943612,-0.6369228078147424,-0.4353914195066748,18.40173663669567,157.52840399742126
-0.2552848046077152,-0.5859348267432942,-0.018905081303744353,0.5936660686359367,-0.06876409860947685,1.771671484192499,0.7128980209070299,0.423662844843709,13.396616602072873,159.7308874130249
-0.5656508336270303,-0.7667920466150209,-0.17786590059884144,0.47789342748651364,-0.425660289256637,-0.27993639731692177,-0.6583872022181732,1.5099802983230255,16.12658181629222,161.84863233566284
-0.726208006444991,-0.45761629916125024,-0.03339393060249218,-0.7259567395474651,-1.0576050245182662,0.544743194574135,0.24397257775705494,-1.0078036774230883,11.030364265613645,163.95193338394165
1.8677535704194828,-0.3733686790885722,2.385519674832211,-1.5271554950861668,0.9858306372299994,-0.4853987293373896,-0.2548582283369356,0.41382908880546765,23.74512347891474,166.01779961585999
-1.7941713177330878,-0.8212170054152397,-1.1015611772404759,0.7097063109009181,0.4776706005542817,-1.5655186631361384,0.6536464134063245,-0.7711012504137571,18.395559917820552,168.09861874580383
-0.6634112050325394,1.3644731799431602,-0.24709152139683077,-0.3320230400831976,-1.1039585202598357,-1.0736213702304553,1.3584356607144255,1.3506723338211932,17.697222126884743,170.38820672035217
-0.7446111245511853,-0.01956883640258056,1.013465335045515,1.4488842830648716,1.066115591971375,-1.0022265535440287,-0.5907501206317507,-0.03539859297373038,11.117926900252183,172.38532876968384
0.8377777513453495,-0.8861561344794033,-0.30150753948421105,-0.9333356270022115,0.35113101541267167,1.152318975177983,0.0184215490480355,0.6215547447718164,10.159069396418431,174.37789845466614
0.12942781763927869,0.4987410515321242,-1.1402937461999252,-2.0069248179132813,1.8624553496147156,-0.03623215529943291,0.6479118977758649,0.806475210841529,15.438977879594402,176.49982714653015
0.47066857314307864,0.5579922886210662,0.558721238382442,-1.2359569030851367,-0.9494229038903192,0.6089291023945602,0.8788221073710467,-0.9354702129047636,14.236318323370558,178.5792362689972
4.920127126020636,4.39033008236095,-4.875880089069251,4.91190799868384,4.97688245178018,-2.6539948555130897,-3.4234077516108616,4.106552647078417,157.79379239078997,180.6320514678955
2.3677856286028325,-0.289997877813831,0.2254909656639006,-0.03923349778394858,0.7446784423461388,0.04752846289727852,-1.1141800085861133,-0.4116194621455067,14.6843026516033,182.80135774612427
-4.536018867595425,3.402754820460097,4.852560431505746,4.135658193647342,-3.716916198989081,2.7649379887716377,-3.749849427427727,-1.9667920989832095,119.86514298454486,184.96128869056702
2.781790658175252,0.06540537016268022,-0.16064784003158383,0.049817945623703785,0.8740360501650581,-2.8200112607453156,1.1550211288424341,-0.30268329200672994,21.948442978721296,187.056960105896
-0.34835790223719343,0.28592077251824755,-1.3507673362855797,-0.17911227789042616,1.5184671238071523,1.0430125393925493,-0.836601039918544,-0.6135868689917414,15.761669333462862,189.41270875930786
-1.5954530633377164,0.2408934285809563,0.21878159953562815,0.8928657610886557,0.34574094628709684,3.732223963660501,0.5692601092211831,0.1525297576473692,26.64578915360444,191.87013220787048
-0.1495110006907332,1.4134037919307127,-0.48949017407928075,-0.919132657504135,1.4027121970271335,-0.8935286385114933,-0.44316194807408227,0.3256969559797005,15.991667347016673,194.47725081443787
0.17253030131741998,1.9647338837837731,0.9515918916677926,-0.3484853069386791,-0.44455538793266136,0.1293980212188952,0.5013797090452963,1.739266737040161,15.910347937226728,196.66095352172852
3.0767897802460658,3.3087146224432518,-4.657059289776345,-1.59059495239813,-4.671188268640826,-3.0060294414255786,4.491351700960622,4.268635363265028,123.34179614206448,198.9873685836792
1.5279922774614203,0.7133348212594868,0.11074695308417493,0.6766962152359213,0.08480583617108106,0.240771272567474,-0.5887622120132106,0.7918881138330223,12.91154158831736,201.27565693855286
0.37363810370092754,-1.2349017888911114,-0.7696385677237503,-0.711861081427414,-0.4881045007159299,-1.0019329178427627,0.8929792271607653,-0.48541741153419604,13.97018756371967,203.44533157348633
1.0947819122000757,0.30465421812747984,0.8892657715409555,0.1426898622160957,1.0237527622647482,-0.2945555513837306,0.37343587560072145,-0.8636501207723404,9.572283417679564,205.6857705116272
-1.1077048383816983,0.14423917712792367,0.8206191636114735,-0.16165720813866447,-0.2192493264350457,-1.3580213406920012,1.2772118953206881,-0.2528061811190039,11.80579231634749,207.9213364124298
0.7185060909287566,-0.17258268612734717,0.2799511553232943,3.354649368392349,-0.2991308290331949,-1.068703430420312,0.8524230124627197,-0.38075798301071284,22.036396037370828,210.70791721343994
0.3918083327448425,-0.6439449892852869,0.9348921593214525,-0.7305685980840773,1.2468096886800097,-1.373177520779429,-1.3877290741498536,0.30795950678790085,17.833288201392826,213.14437055587769
-0.11389381066876236,-0.04660665093276517,0.048662821581944904,-0.6464915216086267,0.6078296979805273,-0.716381972508012,0.3204217270847938,-0.19521491500040078,8.478143616649941,215.489027261734
