-1.4567671264323239,-1.6058491024033943,1.8163903616878807,-3.410108676290812,2.1943983416839794,-1.4073719217912362,-2.5094156450296494,-4.697138050550599,1255.4995101728427,0.0011856555938720703
-4.101411871674456,4.858055327053276,2.3119550744373134,3.735179830312071,4.918683760835809,2.1366423115006556,0.5227646166413651,-3.935108246566764,662.9063259964636,0.0021903514862060547
4.596547336844082,-4.873390351636738,-4.108518657474593,-2.9074623455452953,-1.004246538367532,-2.0107874561932038,1.9981513198356335,4.867803408379214,386.7379192439038,0.0032448768615722656
-2.093049263761878,-1.704992699158642,1.3510347568404208,1.4299234736918258,-3.331619713384351,-4.504552106116766,0.7286806369935386,-3.6716122562705733,1160.502764414914,0.004351139068603516
-3.7827584866517734,-3.6350879997036394,-4.569726920500731,0.10384886818310068,-3.8837581196072053,1.286982587361802,-4.465093549910578,-4.598643732814009,1090.5312735052325,0.005469322204589844
-0.019655783362482637,1.8339417058584226,-1.941508467494188,4.988927503535954,0.961200220713005,1.4657125506204087,-4.034160170727046,-2.447665307442365,512.2927881262464,0.0065190792083740234
4.944764456979958,-0.2554374540355422,0.8977795443369327,-0.11922224875515397,1.529576179399922,0.5903578958253943,-3.2319898373599845,-4.287967489051077,807.8587774025164,0.007502317428588867
1.9795003776094449,-3.6197451204982767,3.964079472338015,-4.201285895430801,-1.707492930091616,-2.6026956721005874,2.167340895898536,2.9364780146164753,684.1473095894274,0.008616447448730469
1.5837844190293309,-1.6302420063838605,3.2863585976609615,-0.9663111134298585,3.616396005574372,4.464030041689315,-2.226372729447232,5.027146381447497,1018.3627987750664,0.009628772735595703
3.488190966766994,1.7792397203963617,-0.07562588295402417,4.194245332428047,2.9246365821635854,-2.074034198279201,3.3284131804195995,3.837375542308524,646.5495397238386,0.010625600814819336
3.871260956124593,-0.011602682243396778,-0.8275638462972719,-3.8659545747079083,2.8472963441416326,-3.6025889564667235,1.4175101154287244,-0.9295968934726826,591.4345116063193,0.01160740852355957
1.5383408688322548,2.0010729129352285,2.387615528229076,1.2389167038745166,-4.232258887230572,-1.213320590497073,-3.286610707954485,-3.7743868200748523,897.8536236277747,0.012643575668334961
-1.0535399136749408,2.602282027137532,-4.11164502540808,2.7046481465422554,3.829656331590951,4.757048818588685,3.567660025339536,1.8657385568267877,795.1930929285464,0.013638734817504883
-1.2854025198600625,-3.4934098986165383,1.63447257213567,-1.9531750191686963,-1.1851735681351938,-1.8186736689534002,1.5772256038690138,3.6026219357021896,1020.1153686677362,0.014611482620239258
-1.5740753481272503,-3.011285780136771,-0.9835260924799885,-1.9916591219460993,3.699407214288798,0.9595991837129114,3.7691114562333246,-5.042099775622389,486.96103125601826,0.015609979629516602
-2.550213265234999,-0.6111452760566278,-0.8368786925846692,-3.751597907298569,-3.50348776673889,0.8432200606937661,2.4405904585251488,-4.953594656326455,1025.8966172742441,0.016685962677001953
4.98482468513865,-3.146265713189892,3.044838920579788,4.698434666739504,5.083937645236122,4.053128579810109,4.020065675794817,-1.1761325254086552,376.6220535372178,0.01767420768737793
2.525034062923379,-0.16637777473036053,-0.1809636972218236,-3.707839559241214,-3.0159388211876816,3.398611129233834,0.9400726015929521,-4.534003191036349,880.650915735462,0.018652677536010742
-4.830538933744172,4.086339263658984,-3.975056198227988,3.317347274496238,-1.3834223627781075,0.3031534953926496,-3.238951267132712,3.5089542439564267,899.8594952476353,0.019632816314697266
-0.7683498641630688,2.554147745701643,-4.607140726746653,4.868607167605579,-3.7465853364867825,1.6069824381022304,1.32920519754932,2.821893542912205,1056.0032267821402,0.02068161964416504
-1.7397200066221088,-4.6909663570829965,1.8408597414636576,3.6725200194668988,-2.296073474531134,-4.590980296686512,-1.510263527746294,0.43673669204155896,1210.817201862002,0.021910429000854492
-2.941989857841398,2.6130520132411776,0.0505585115279219,-4.883611953643575,3.7106402001222216,-0.5195390721373299,-2.053651750432934,-1.6833318405422784,743.4109558063817,0.02288651466369629
-3.9436758848550038,-2.6952330975316428,1.59629187771404,-5.061560392259647,-1.8992484291621947,-4.130343366849982,-1.925061769257821,0.7862192098834262,544.9449995071554,0.023889541625976562
-2.1193175136629354,-0.29571707490804844,4.8773227661777065,1.1445678115782902,0.2977103021542593,0.1339544010961058,-4.739185535839803,-0.4423940075032764,737.5593376328902,0.02495741844177246
3.418064729706466,-3.465375606769263,-3.5402100582142677,-2.7715613985785064,-2.9604805634237374,1.7439869448204197,-2.7586351028295297,3.804998638934406,1013.3496596655885,0.025945425033569336
-0.9669758414934275,-2.187481683687709,4.547442166941399,-0.4555954123087078,5.109748573899457,-4.041632279553806,2.586947776140862,-4.10914839028923,782.5211499957372,0.026943683624267578
-2.2504146536911542,-1.7506927990132914,-1.2337251831539815,-3.5153336863083844,5.001799989062941,0.3781412460053888,-0.9639189146287483,1.9813172983151208,716.5239928496786,0.027927875518798828
-1.2204898254306902,-5.04581496964112,-4.86276618058007,3.3166633451063605,0.1239142163241933,0.4478287297074699,1.0994166367165237,-2.851453025565996,615.2834314628374,0.02899956703186035
4.009331363936812,1.8900905635531506,0.04883956155653646,-0.49182916388752496,-0.32871300343589116,-4.587446027158917,1.8378705834753077,-2.9886406185416305,661.531234146522,0.029984712600708008
-2.5320885103185,0.9068565008682148,3.626312521837657,0.5779766232431287,1.8319309183772177,-4.607425102364065,2.1461675518919616,2.988121989095741,900.2212498746454,0.03096628189086914
-5.117933696547124,0.7975355836031577,-3.570554777775761,-0.850130034372274,4.841069194691204,-0.9117792814776307,1.1408550414125243,2.0114917093833338,495.9579399183782,0.031949520111083984
-4.120368016556143,-2.2409073367423114,-0.08586048952249659,-3.8293084083983624,3.8973903299337307,-4.277625080725432,0.33464611616942985,-5.060404573347762,579.0093817341349,0.033050537109375
1.24478377629422,-4.9114010770502,-2.3002623479758126,-1.7875211238128288,3.751536804079202,1.303288699490718,-4.6178935733246025,2.9654852465476678,807.6056407783063,0.03402376174926758
-1.5428641082124845,1.109537962154425,-1.9129281509737344,4.549309140733075,2.4904562377185258,-3.302661158506548,-3.33061820547967,-3.032217132181331,977.2230185054461,0.03499269485473633
-3.01651207274759,-2.983442295980529,-1.854608403969384,-3.1244327473617246,2.236428162904936,-4.421750607525524,2.017538396129332,0.7139028648615682,532.0868119105196,0.035968780517578125
-1.1718254143093083,-2.0311322415988293,-3.2756600807582843,-2.4128461368778398,-1.8805850398995512,2.9537094767965923,-1.5587107655609764,-3.922492034130398,644.2478610508526,0.03706979751586914
4.083083881294766,-5.084362014860041,4.250915561791845,0.7784519189688224,-4.270135950274005,4.358484697985181,0.8764734903402953,4.523555251690099,832.6633457547355,0.03805804252624512
