-1.8609257888670898,-1.0443789314291205,1.7462804967183487,-1.164564720050492,199.82991408704171,0.5805535316467285
-1.264277522282069,5.12,2.5339739503526078,5.12,421.3435816310747,0.9465494155883789
-1.0152590762212501,1.987784604834399,-0.052628508604293245,4.764617677571656,124.68603959368045,1.412503957748413
-1.0464203007273936,0.8322185492189202,-3.966237715670311,-3.262010123709848,192.7712331402112,1.8420031070709229
-0.9081329118519417,4.487445991643008,-5.12,5.12,343.4876118751554,2.2639894485473633
-1.357917009321532,-4.89017326239012,-0.854820123111006,-4.441600402516461,463.96587959100754,2.6377222537994385
-1.0542279022668684,-5.017623522839362,5.12,0.012569830757009903,86.27850853160554,3.0429534912109375
-0.9807661218099932,2.221571568721939,5.12,4.732088157798462,275.8001472093882,3.341625213623047
-1.9822387615996115,0.236051039600925,2.722554000081451,3.059133943441222,236.6073630965288,3.6818270683288574
-2.789483878681562,5.12,5.12,5.12,243.17907404699628,4.0187201499938965
-2.733973125837218,-5.12,-5.12,-5.12,277.48019244803913,4.409529447555542
-2.5116672442038412,5.12,5.12,5.12,365.9925052644926,4.785999774932861
-1.1086523001974342,3.16630513141794,5.12,4.755549686849734,255.9162108411382,5.138397693634033
-1.7289824828713445,4.169450441305446,4.624412183976427,3.336264309735115,540.1368724728062,5.639148235321045
-2.9258908880340604,-5.12,-4.7239362372002125,-4.760291005301854,327.3426577807152,6.2324113845825195
-1.0511682127083866,-5.12,5.12,-5.12,166.1812961809307,6.6271278858184814
-2.145888564729604,-5.12,-5.12,-5.12,203.70884193939327,7.023295879364014
-2.267657122146409,1.5997693208505526,0.8202491687467681,-0.6657125990882928,508.6745834246674,7.449941158294678
-2.074038142701811,3.4112795388335178,-4.840999464252471,1.6027878467451613,463.1780158116615,7.778528451919556
-1.060798542152754,-5.12,-2.904900195736725,5.12,140.73424298982255,8.249598026275635
-1.9152371880843027,-1.4232524840131653,1.0088304703120858,-3.862592707338215,259.24277864712553,8.593970775604248
-1.0463487069604511,2.3533774404380816,5.011883115412291,0.9546170211318339,201.6726278107794,8.92723298072815
0.08310283809244723,1.3707878049966329,-0.9840111901751456,0.9185352603263421,199.15839184052692,9.325176000595093
-0.018934923162282402,-5.12,0.5429426080688167,-3.410523068924561,446.9416521139259,9.7271568775177
-1.0144266909313089,-5.12,3.167056491250439,5.12,168.31720145406953,10.030386686325073
0.14888776573192075,4.358628333429986,2.9086164117443625,1.4742192273610852,448.1138094158175,10.472320318222046
-3.1900784299791107,4.965771186397968,1.6679059202971178,2.370697402522307,426.87237996327065,11.008323192596436
-1.0611225093269585,-4.472018971790049,-4.324486596515228,0.7905232040392534,466.1179905476286,11.492058753967285
-1.3726865646389173,-2.9827828868170774,5.12,1.4020634721347882,417.98150299323447,11.98475193977356
-1.033614752710446,1.4221702859295826,5.12,-2.1035728109911003,271.77314542462625,12.601975917816162
-1.1355043733176524,-3.576319889254288,5.12,-0.36160750196181013,454.87305630838944,13.077860116958618
-1.0014016580021012,-4.564574398360992,-4.211751497578148,1.5896024812489928,494.7538279811965,13.592860221862793
-1.1230413526015712,1.8508917715999917,-3.8496303615954637,-2.2274578250588615,220.95500317446243,14.190338373184204
-0.8944338024259739,1.855496054045208,1.6585135122436805,4.97803320521476,246.76062558258968,14.714165687561035
-0.9164905283085929,-4.9561934434852235,-5.12,1.7586253124923807,193.61429372282174,15.23649001121521
-0.9697683265668644,3.915522373147369,-3.3592994091084156,4.3513049508498804,384.8908359069685,15.719057559967041
-1.1583541737880285,4.193071581092206,-0.10998681620208473,5.12,205.7324362660697,16.202317714691162
-1.1878890268543194,2.0695832730637154,-2.5861780952368303,5.12,322.7588730171549,16.69264030456543
-1.2114800058875006,3.9914318135320768,-4.713193692598106,1.2298571924317718,327.60176649986977,17.17654013633728
-1.1246671050148325,-4.964925767502634,-5.12,2.7318084826630464,229.66095852610528,17.68567419052124
-1.048768285270656,4.212893870999687,-4.020165163419359,-4.328776775386737,283.60468107406797,18.40340566635132
-1.01305366788998,-4.940684892450696,2.048439686452613,-4.728220413230669,177.4275986613404,18.95209050178528
-0.7867739914115717,2.0163375187454413,-5.12,-0.3543928898820585,296.7422820781299,19.548879861831665
-1.8834696475406583,-1.2009908952489736,1.440337396179757,2.001085810396039,299.44581557280003,20.120145082473755
-1.0081945805452053,-5.044167557009403,-5.12,-1.1078938149388415,107.07550153422201,20.609102964401245
-1.0417503779077215,0.9994849507121515,3.505538211790051,-3.0747976205353393,238.03011331348847,21.05954074859619
-2.381229351989033,-5.10639197229523,-2.763235587009604,-1.8188082952236084,387.43021759688935,21.522908926010132
-1.947268368383853,-5.12,-4.702782159317317,1.5025098993876203,416.14389723216425,22.04456400871277
-1.0089581007866286,1.9502342880079446,-3.3875755156534075,-4.505988132452242,417.60896046828645,22.55422830581665
-1.0617557678835068,1.7215912003798524,-4.711935916021082,5.12,328.4893481459296,23.027010679244995
-1.094743685634712,2.6198554612185694,4.806545671591263,0.4939894120249049,486.71229901628806,23.477248430252075
-1.0220959178754194,-5.000036220945108,-3.677774603911328,3.328946422577304,343.0482584928771,24.188236474990845
-4.073978922822591,-5.12,-5.12,5.12,187.15983638573695,24.678496599197388
-4.069850357475306,-5.12,-5.12,5.12,185.99359534083695,25.22996687889099
-0.966909544779039,-4.933606282131589,4.19188049862814,-1.0092171944171042,119.05154480582878,25.788235664367676
-1.2281226846729925,-5.12,0.054810615159020415,1.0872845571588492,162.84535401654176,26.35071325302124
-0.796166028451105,-5.00766501315059,-3.741491898794952,-3.710305536465015,355.01601759465245,26.961753368377686
-1.1354925318601437,-4.990525277849627,0.8895043726009808,-1.3965959330709552,265.98845965293395,27.55475163459778
-0.913044114843439,-5.080484933662655,4.110273875279032,0.12249280768068882,121.87141334982383,28.140560388565063
-0.9999958106749434,2.013417298469192,2.655938285111678,2.7085333095551487,301.2794261354599,28.686746835708618
-1.0490679597400483,-5.12,-2.8333764931617185,0.9269151300824934,128.3563252653166,29.267018795013428
-1.2855322095823287,-5.12,-2.4665703081304686,5.12,434.3143363772805,29.91484546661377
-0.9745804618166218,-4.9693550159299145,4.841396800016443,0.2995314628010304,228.59386819399137,30.533238649368286
-0.9243634529989739,-4.947209256787862,3.3549948777330423,-1.9724283237062732,219.79320407663317,31.19503378868103
-1.044739954934716,-4.95051346219688,3.918186618961241,4.35983839346794,245.26780334672156,31.822410583496094
-1.0470651948296137,-5.12,2.8596153546877234,-0.26232629663202367,211.18192725411802,32.409833669662476
-3.9847676090898485,-5.12,5.12,-1.234645772271064,214.86306061317825,33.18625998497009
-3.989973617256477,-5.12,-5.12,-5.12,176.07087063217233,33.78239822387695
-3.9525106352585873,-5.12,5.12,-4.931795068696326,160.04158554410083,34.450682401657104
-4.0448521987448025,5.12,-5.12,4.797518106726911,220.54194160038898,35.095513582229614
-3.8437597542073743,-5.12,5.12,5.12,219.1649817552655,35.76204013824463
-4.251869774975233,-5.12,-5.12,-3.979303677001406,242.56743019991202,36.47807431221008
-3.763498570287842,-5.12,-5.12,3.6076341764094257,403.3330848219302,37.17441010475159
-4.21958531113882,5.12,5.12,-5.12,258.7635028884007,37.91023230552673
-4.36076023449465,-5.12,5.12,4.393380718849548,487.4506552857492,38.662572622299194
-3.989180673439657,5.12,5.12,-4.691731006175194,280.5910020949009,39.46966361999512
-3.6524322621298655,-5.12,-5.12,-5.12,330.8282144349863,40.19456434249878
-4.009468190054427,5.12,-5.12,-2.782899293638457,210.108004925085,41.115307092666626
-4.027265818235695,-5.12,-5.12,-5.11632275624648,176.03568107222137,42.04538321495056
-1.0669311296808335,3.963138470498177,-0.3807244936578691,-0.08474418146397866,215.43205732775021,42.921059370040894
-0.8316522383987861,-4.9253991465558435,4.0769095616719495,-1.286353346973795,239.02422374331948,43.74039077758789
-0.9773651587378138,1.9464851029553971,0.5091861078695263,1.992079658540007,215.53852744526898,44.594961404800415
-1.1292927301615543,1.9040602969360476,-0.19058201130813224,3.864931103478477,166.1511257593719,45.43349647521973
-0.971351767710873,1.8519503010560747,-0.42650226772457334,-2.76077131349058,336.7897599361694,46.29093098640442
-1.1130589509365754,2.098260123189,0.07067870437569734,-3.2790963861536393,186.92742345806525,47.1514573097229
-1.1654338705277003,-4.962469109341578,5.12,0.8954128494950142,153.02764727183182,47.95633292198181
-0.8549299960061578,-5.12,-2.8784942690821103,-5.12,182.14978978539685,48.75380992889404
-0.9852057726197554,-5.12,-4.816189560742703,-3.6727986681528635,297.632447487975,49.60041689872742
-4.0177440101563215,5.12,-5.12,-5.12,176.7157240088962,50.452001333236694
-4.029982860905933,-5.12,-5.12,-3.826686067920969,192.9482141222992,51.33273959159851
-4.01791328105212,5.12,-5.12,-2.7181306220795514,250.69024260947606,52.173083782196045
5.12,-5.12,-5.12,5.12,213.27014903143584,53.28725337982178
-1.051585787860268,-5.12,4.3134593291724626,-2.1091463031371367,244.11716387427026,54.15951371192932
5.12,-5.12,5.12,-5.12,213.27014903143584,54.95946741104126
5.12,5.12,-5.12,5.12,213.27014903143584,55.82140827178955
5.12,5.12,5.12,5.12,213.27014903143584,56.66852045059204
5.12,-5.12,-5.12,-5.12,213.27014903143584,57.582594871520996
-1.0412018255973852,1.8940554400383727,-1.661358153433964,4.409449220762311,388.66386034226196,58.50751280784607
-0.9191556895163053,-4.9028995881310555,5.1043860334568345,-0.05750608982394301,108.8139857508099,59.46077632904053
-1.0762357845096373,-5.12,1.9083412062851384,-0.8953631931185502,107.14888819162138,60.355509519577026
5.12,-5.12,5.12,5.12,213.27014903143584,61.223859548568726
-4.031378143145916,-5.12,5.12,5.024199921751202,151.22065453145893,62.153090953826904
-4.037257794516486,-5.12,5.12,-5.12,178.97965661695963,63.085471391677856
-4.038427425488802,-5.12,5.12,3.275052921489997,252.24692107541352,64.00987720489502
5.12,5.12,5.12,5.12,213.27014903143584,65.06846594810486
5.12,-5.12,-5.12,-5.12,213.27014903143584,66.11148166656494
-1.1792444918832792,-4.925014557061772,-4.370922800192183,-0.96713108382247,284.57613124672474,67.16549277305603
-1.0314738218369044,-2.636157840362798,3.8207461048495412,4.865190593623583,304.59159012928,68.27539348602295
-1.168597646939903,3.8539248429478628,4.426246088641167,5.017431056835144,341.3360005066401,69.49136996269226
-0.8852348423220748,-5.12,1.025354867912104,-0.9101118850912249,97.66808018330443,70.55644178390503
-1.1622694446322783,-4.6040238063924335,1.371384033395337,-1.0113421039782882,421.8079008430755,71.61275243759155
-4.026859970728676,-5.12,-5.12,-5.12,177.58893716324565,72.68199038505554
-0.946607441270725,-5.006344424919379,4.1572697267785275,-0.44599421383049886,288.37009372851725,73.70595860481262
-1.064066525736819,1.955524088989434,-0.11150206013619712,4.381829659055177,233.27431135066752,74.73368644714355
-0.9843928225075738,-4.966007537897297,5.089244003684047,0.3535929745004056,230.31172109238696,75.83800625801086
-1.0071566872775595,-5.027118850700245,2.1524833483144237,1.2122346146752205,152.92251724644183,76.90248799324036
-1.1407109298140865,2.085232507644709,0.08501682101267516,4.158360425348136,133.03282769168393,78.19723176956177
-1.1652122063700103,2.0746383198173275,4.454495169883569,4.5211452678164585,501.0113073959802,79.29302406311035
-1.070761109516054,2.081828408677195,0.08061638249177694,4.594380991115464,244.72848076741045,80.45435094833374
-1.1682492322587303,2.0246349761111153,-0.005892049286139844,3.863094759690653,107.28663678403565,81.64095759391785
-0.9680066541075636,2.117173278737673,0.5881766311054877,3.917670283206422,247.15109842250644,82.76678848266602
-0.9108489849971848,2.048438007857503,-0.354382059738402,4.607512674407443,385.2802588743084,83.98589491844177
-1.4937342065481567,2.200430931854079,-0.0017168990248555005,4.005066353590311,292.44861584233223,85.2737410068512
-1.2395724610422634,-4.86322714725662,-2.7590947872759513,0.927748834276902,266.23942553728284,86.44004392623901
-0.9110327470190542,1.8925593435621622,0.06456465993927019,3.935919458283146,73.17521721132714,87.66243600845337
-1.114406356317942,1.6275901954321252,0.02329450565672886,3.948730239908673,219.99039990107175,88.88869285583496
-0.7102531098673515,-5.12,0.9095376339389194,-0.7583524082473723,290.41693784901094,90.07376909255981
-0.8066208548632945,2.136219555811744,0.009847089574764212,3.9244738163192876,131.472244320537,91.40201568603516
-1.0184915762388345,2.063619205323473,0.12770444317222118,3.79408876724806,131.41708566883636,92.63912677764893
-0.8860026360095477,1.9012553318734335,-0.02240070535627492,3.6600239481062564,215.56586847206646,94.01489162445068
-0.8942849050330066,-5.12,4.089160579569385,0.4419638093695246,301.0050909067992,95.30654311180115
-1.112145016613848,-4.8310552609507065,-5.005095526860961,-1.124613630589788,155.12022430913288,96.62983798980713
-0.8201401694155042,1.9723931513689728,0.19491018065644194,4.078431965028829,158.04966356479633,97.87525963783264
-1.1334709915775862,-5.12,5.020561360200053,-0.1850347883157628,174.13243523327827,99.17397117614746
-1.2667278063781202,-4.783779049505895,5.12,-0.016984515023430014,267.80188242445945,100.43457388877869
-0.7693453447021019,-5.12,5.12,0.001214653256080389,195.1047506244015,101.87761759757996
-1.1146321724434154,4.107349738515535,-0.5842205670999148,4.9647205194355335,278.6059539574612,103.41505837440491
-0.7280181335972618,-4.8757889263843035,-5.12,-1.1284478137831155,252.43930192356905,104.90623259544373
-1.016565785972423,1.82268253168382,-0.005969291370467644,5.006448629015122,86.01686622683688,106.34925270080566
-1.1528944619607828,-4.9156778009638735,4.368938830754687,-1.089247419490893,285.4612908651486,107.79995322227478
-0.7597103814643127,1.8194586277191522,0.003101089875675811,4.913624274585946,194.05197375305912,109.25134444236755
-1.04654031956772,-5.12,2.093667602818541,-0.8239921945609181,135.7106755635621,110.99480032920837
-1.2585265460385284,-5.12,-5.12,-1.2467562176822709,313.09020169941084,112.47721362113953
-1.065982764874514,4.019000882094516,-1.117528719072678,4.791290036340318,151.07312783823915,113.95835041999817
-0.7742178750574968,-5.12,-2.86038982755175,0.913499928461813,198.25383901276138,115.44525933265686
-1.160737882872994,1.6996515838083397,0.03533306479766907,4.842590727768868,253.11150490099064,117.04308152198792
-1.025674356213294,-4.994758631915968,-5.117617777635075,-0.8503672813829048,121.38696548402652,118.45030856132507
-0.9171367571304749,-4.720551924002327,3.989682449343605,-0.9149634141579348,185.6745617615419,119.96381783485413
-1.0047971849570034,2.1108253457287445,-0.043065824922341456,4.003619021050725,48.48624012096303,121.52074074745178
-0.8409178420774444,-5.12,1.8335610140013383,-0.8217320223536602,210.30924623187602,123.16068983078003
-1.2672768281427929,3.7844705043730302,-1.0085061467692071,4.940070349568862,237.84298383799995,124.74896383285522
-0.9200610216870606,-5.12,-3.179120807762091,5.12,186.86214841652256,126.37385559082031
-0.9587494666325744,-5.12,-4.879494282118744,-0.9814850628993348,110.34651492604652,127.92549586296082
-1.1026526735213054,-5.12,2.109578722300478,-1.1395278534197804,139.18091857861157,129.43879628181458
-1.3127355427036105,-5.12,2.067507928982139,-0.8963025347914151,227.8710565946278,131.13208031654358
-1.0803358555956661,-5.085188606713553,1.7310954676781272,1.0704687308150627,179.11947493171868,132.7811017036438
-0.8691376527486829,3.9363803368406005,-0.8377135849989639,4.719796901111853,245.55278965980193,134.43363308906555
-0.9542325612651412,-5.12,1.6386825343648876,-1.2407421676360122,321.12353590752514,135.95664525032043
-1.1023322398056896,4.52112067302961,-1.0320733904625614,4.8708674069273,298.7079714753454,137.55314779281616
-0.9483444390181015,-4.667021082220045,1.8689448609434045,1.2709522374207562,327.9734313985593,139.1101381778717
-0.9951113990095006,-5.12,-2.884154457362578,1.2231152645416214,172.69864005172528,140.67257356643677
-0.9300206033476508,-5.12,4.491602242509118,-0.015131226772694184,284.18140245107355,142.2568440437317
-1.1888840178565538,-5.12,2.133952862468326,0.9356419513280345,164.13848432223256,143.8793933391571
-4.043988434385263,-5.12,-5.12,-4.675114486658903,293.9758065109245,145.52707195281982
-1.2105749286038936,-5.12,0.45828073585298323,1.0642127941328958,336.2199101800741,147.1689591407776
-0.9154748851858416,-5.043119976221611,3.837878910656289,0.013430744208874579,106.32587349480595,148.8156156539917
-0.8846309929117577,-4.752237071952068,3.972044755444368,0.0656547578679012,172.81200163264106,150.663072347641
-1.0862948720665333,2.3788032703376745,-0.06571239794535,3.9377974860484697,225.01608260203182,152.54985737800598
-1.0168032060588503,-4.847732052801102,2.0998714675576275,-0.9819735979739468,92.53678922822114,154.330828666687
-0.8922877077000555,-4.896449491674794,2.3518838626349385,-1.07973988750705,245.9613072932711,156.1283392906189
-1.1361246485141385,-5.100699987155383,3.9411743178445606,0.04752977954571591,107.78061699785434,157.83364748954773
-0.9921649552801153,-4.928078589337602,4.768498942486825,-5.06706536162267,180.99369208616963,159.5416967868805
-1.064464477266979,-4.763363550555283,1.9864837421430677,-0.7529135527400079,226.57029558790467,161.39640474319458
-1.3134464064791835,-5.12,2.0742630426768445,1.2801376851168182,329.3142300859257,163.19153428077698
-1.2444687361573834,-5.12,-0.32114527991334274,1.1088009438760196,318.4226913671238,164.98320412635803
-1.127311743832196,-5.12,3.606627538672968,0.022345773988552864,277.2890972903,166.80469250679016
-0.9558149588213016,4.022966639446083,-1.0022434937430704,5.102274757743243,68.96052235825448,168.6753647327423
-0.7073989835563843,-5.12,3.9653096864222013,-0.0304603214494783,200.18302356395915,170.53054285049438
-1.0196798677862278,2.1164626885223505,-0.020098496580841285,5.07040334323506,68.01369135223331,172.45354652404785
-0.9691889267347626,2.026608062690407,0.18055333279695684,5.078413686619224,103.76208857928368,174.55093336105347
-3.955640133593877,5.12,-5.12,-3.1963617056991893,203.29052898184304,176.5120029449463
