-4.026559386103498,0.5424897305413481,-2.445725612857102,-4.3890076377764595,4.993802857762797,-1.139604303183798,-0.8197698130677242,3.8160046112952335,5.11323072475824,-3.99959391068597,1.9265015528704161,0.3932904711062708,3.5941378330690954,4.123747268484419,0.4219776050951678,3.81187614113949,1.3256417398486269,2.086427451172958,-1.3612952186961906,-4.653369576560736,-2.9885177018033593,-0.05575347594053959,-1.7119007307079452,4.68407887035668,452.2001340688822,0.0
-1.3204630987852415,-4.66071342199274,2.9346885397542346,-4.3897627070425065,1.8077753340063207,0.577176769960059,-2.910967999429732,-0.4389213631875073,-2.171179765204507,-2.377539836351811,1.194381797163559,-4.208337228253276,3.4264012588541233,1.0775605425073298,0.30074803356468305,0.4069523316474406,1.518346895306844,-3.654145114426437,1.4508473215126525,-4.170099540206877,-3.1842697644713494,-2.318571665840796,-0.12872976323386887,0.08385772139076586,424.12770748307406,0.0
0.7300414836564819,5.088044994580575,3.5028105150033424,-3.6877418381467892,5.108348803336756,-2.2075499718966327,-1.898325704002486,0.236548778603904,-1.8726578940351186,-0.2264057650404121,0.20098796557515541,-4.672976512708951,-4.302991563953357,0.9500939743018089,-2.5103450955640945,-2.549147362778604,-4.340811231532537,-2.801073467071331,-0.05434608974407418,1.4093893415797822,4.940571605661217,-2.4139481015785256,0.33060525884546443,-0.37594072089845554,449.92546504865714,0.0
0.11709984075466728,0.10922984964186355,3.1665195977925604,4.549724608194489,-2.201163163835116,-1.0744380307770918,4.858145685743689,-4.4164163577103706,3.87715807931312,2.7779436151751993,0.26894663018469345,-1.6567634202183505,-3.488689311308153,1.1557016449291924,2.910336345511273,3.767088060804894,1.3098473806169366,-2.419532447230226,-1.0389777247735,-3.563554535083987,1.6449650356150007,-0.6053688027773108,-0.2717612438473891,-1.1188236710580615,399.7608516032638,0.0
3.873947110478512,-3.367530620664498,2.383390892599663,1.7446405985912312,-2.984755033977601,2.97452484036726,-1.5591618584927067,1.4417335577406387,4.257877478229095,1.5172937550910124,2.930669700615579,4.442696971144424,4.80271975483909,-3.644015495796485,-1.8889009204150997,-2.6745176142722045,-1.212103035149759,1.2083446048958368,-1.5621750587865737,4.1555805076918775,-3.5293591462514344,-3.0421102524368377,-2.231462617205305,3.2242376304254163,465.86704553826524,0.015630483627319336
-1.5664231675900355,-1.5179475973845258,-4.28372499493987,5.108148508600741,4.881500889238503,1.9056834573370187,-3.780104405282162,-3.194689808975996,1.580844076112256,1.1105832760837675,1.4448036875667496,0.4856714777185296,-3.239456993248184,1.3546369861236398,3.3161724932509182,4.783264903799835,-2.906343958366686,-3.635794287073162,-0.03738937005213128,-3.2474147745300987,4.742192573307185,1.131691396272247,-4.472097001542676,-2.7073993419929065,491.6154264970442,0.015630483627319336
-0.8152198828399522,5.0862020410407665,-3.3948099545112287,-4.724485640048034,1.5352569079357057,-0.15215607848177903,-0.37211664220592855,-0.20217292815542365,-1.0954793358975685,-3.373729325510196,-2.123904626876402,4.411623589811543,-2.9998269152692507,-2.181129522569816,2.0956811132564575,-2.21686753748295,-3.405286637733437,0.5375825471566484,-2.814549561830829,-2.235928177931607,0.5623998146590186,-1.9078926433018153,-3.565407631457275,-1.967079152384171,401.865033291101,0.015630483627319336
-4.53166068068899,0.5651699315096446,4.36990863742838,3.4475346046196487,-2.1893820740734595,4.332608230409634,4.685191662790248,-1.110201217032051,-2.2868031472734986,-4.572410309116276,4.8936644698808385,-4.230781817437571,-1.9936334834830185,0.3642136199268462,2.25179264203691,0.04615757827773326,-4.731129236103561,4.29141592992847,-3.3972462946342166,-2.9071502568097434,-1.659882839284041,-1.4071434464761663,-3.1176363526560418,0.2356675565403279,521.989710767238,0.015630483627319336
0.8507645573902245,4.8998211102799205,2.0501531591842186,-3.5598001072078236,-0.600645820282466,0.8713030705371372,1.0268936091295267,2.4691692945068953,3.7361161584989153,0.7433155662876141,-2.894313584808759,3.377073391983049,-3.8714159989826133,4.133083774884795,1.0442926684739993,-3.9385896650486267,-3.8513143253776603,0.8860771125741653,-0.22844206347762608,-0.08141310775718225,2.972089142350261,3.078152369149687,-3.2135973602389036,3.2607799811679437,338.97030755401187,0.015630483627319336
-1.395427112624565,-0.4619457463393548,2.572503050356758,-2.6455390709282036,-0.7935275571909068,-1.03024825905654,-3.792749473677521,-2.4147125004958543,-1.0263877366159768,2.161104737575169,-0.29948381281779746,-3.5120026187923767,0.7517313901182021,0.509539250281648,2.4882135683190176,2.9224378262199933,3.0177661611438653,-4.954770106702069,0.9810922437296856,3.622829088365381,-3.1913197550998436,3.1313064011362934,-0.9371017850979495,4.2591659192244125,391.81635811623045,0.03125500679016113
-1.1919229199287513,-2.938850024963186,1.5972497820945488,3.838886991848301,-2.0122874299211295,0.20077757655617745,-1.682431782955379,-4.2686283458152054,4.644977610505699,2.9732405568320948,4.717688840495492,4.095413085857859,-3.0499986603886517,0.5892405371596858,-2.336729114030613,-4.153207128593863,-1.45720155395616,1.9160363478135336,1.5858160049972048,-2.065024431871712,-1.8791362580674953,3.158350481594396,4.646005249850966,5.013696212494007,421.70072284358093,0.03125500679016113
2.770317455918333,-0.8301310924703369,1.7712137772549683,0.35694198447590697,1.4023829771128673,3.268381260323202,-5.106739265678198,-1.0171615772212732,-3.096104372404329,-2.9512888209537773,-2.0735552053036685,-1.4078042270829467,1.821666138026492,3.0915234503331073,-4.704159793677126,-3.3476114235801555,1.947422979048273,2.4419319049453696,-2.894776601149849,-0.46669301885767034,-1.470735042162119,3.530351094478127,1.9770570910910275,2.61061505912855,392.94411526992326,0.03125500679016113
0.7687393767846595,3.9748155604167392,-3.850475296211697,-2.232961278184867,-1.2282434383598448,4.667551374733589,2.326884976034009,0.19146097454965183,-3.3718427812255842,-3.84590985440581,3.9583915287413403,-0.09037209391511425,-4.249517183642915,4.511805619217369,-1.1082845322153299,-2.874152916944255,-4.081245382784798,-0.29202939643331227,1.0137981498110795,4.874694493770476,2.5309343907796347,5.01684356449834,1.1440320203916539,2.023893756850465,398.79315908903703,0.03125500679016113
2.9049959463178903,-4.8166217457606475,-0.14382477211144185,4.512478234459693,-1.3368944003059307,-1.47033840498655,-4.358689152828291,2.708763421671601,-0.7616000074327607,-1.42267524338879,0.0012283397523864537,0.12343647382841816,3.4231229714443403,1.068447696453502,3.2032932278538473,-1.270483144686204,-2.6760155868088473,4.553510190234971,-4.577046306871241,-3.633148905079766,-0.7625180665032048,2.340383490900848,-0.9614881042183496,-2.7995576676899234,452.2909744819125,0.03125500679016113
3.7067456012615816,4.4364069283757965,-1.442327624381083,1.2970727147040293,-2.6482349637660065,4.8553883256021235,-3.233063571867084,1.4368677656979392,2.2309951641622128,2.1862675980692403,-4.583924803636545,1.5326974061313896,1.279722107360982,-3.7456736086030045,-1.4339654821545178,-1.8210815913196332,0.17064181614610874,-0.3659237177441428,1.7728951222791016,3.471640458534112,3.5988122000092053,0.7348181200966124,-3.1877124108336226,-1.3138770691768906,487.09202388936086,0.04688000679016113
-3.0922657504523805,-2.2533806522987954,3.0516334314432774,-3.561065468421594,-0.3453743845556865,-2.431272158646279,4.063475671146198,3.638496117858428,2.9017552963796556,4.977217807378135,-3.386093998943215,-0.46811911402297834,-1.9050648381242006,-1.7234662443943587,-0.5121158017403769,-1.6859265716744183,-3.1217203002021185,-3.9815550105457653,-4.80582401221339,2.848414943271977,-4.955129857245242,4.601176101401449,-1.1425991384626641,4.204291792076179,461.6534624048288,0.04688000679016113
-1.6810410889568397,1.0382445639347484,0.9190233145691158,-0.6643770065166317,-3.6862074989470086,3.3302787734148707,4.667270009928582,-0.8185968044898937,-2.2762782252619043,0.09289276914597622,1.6220398184384814,4.326330166638594,-3.0061276371464816,-0.605640294087241,2.8849862471964434,1.2476081023390488,-2.0578397449691836,-3.2846835089267663,2.0332774333932644,-0.5682055695460253,-2.7070995778422056,3.3316248195493907,0.7609435316973432,-1.4066707504710454,381.69977447694646,0.04688000679016113
-1.1458694996590695,4.0810809788872,-2.041378418565344,-1.596452338282846,-2.125048150463685,-4.941309950122133,2.338292502687044,1.3180876954271934,4.162670388648178,-4.847244918711323,-3.3295797339139526,3.2176264981997766,0.16226616558478657,-1.4160187653447331,2.624662458418368,0.19110274051710974,-3.4317889713290763,-1.5072123524685135,-2.9655176539978614,-3.3629045118094254,3.0912384472696504,3.953273962367132,4.981285388768453,3.6079846770338504,440.37387643925865,0.04688000679016113
4.305758102899882,-2.8561308849899305,-3.9161039778214253,-0.24090238785768747,-2.3022841101591367,0.19920937079404677,-2.588255339005404,1.6967315514003118,-3.205417982418414,3.306860636311229,0.30396218814527387,3.343256832957894,3.57058323284759,-2.875572445538663,3.943949492959317,1.9703179890293399,-0.8044968825996355,1.3650809293876796,0.9840167739806267,1.7280291054762094,-3.417281101372565,3.933439694550894,4.060261152552585,4.524090533349976,427.5529197176822,0.04688000679016113
1.3374763723115066,-0.2532936015241365,3.3690157645656766,1.2787334155147905,-0.8586373636506703,0.42616893314135407,-4.459789439682902,-2.3804100405557627,-1.1062899453258206,-5.0556338152539215,-0.7060672994548396,-1.0361121989155428,0.2747296463892015,-3.3215898637074597,4.515315300826868,3.7255415416735262,3.709536854448646,-2.706464251979117,5.041411719614316,-2.017508457298157,3.5563956134495465,-3.720509233687305,1.254111654577227,-3.250151092963792,468.11197474306863,0.0625009536743164
-3.4695041605022503,4.526860747339787,-0.1446388082469232,3.1240728771979773,3.8064044092030587,4.437906401016968,-2.554124411030485,3.1458282568614413,-0.24428650892595094,-0.9713866150997434,2.619937525507625,-1.9527869804221263,-1.0790143905044474,1.503715322607892,3.3279331384484268,1.9216571619074738,-0.5709767069291933,-0.43933311959154064,-4.615082682779936,3.647953585032325,-3.8150858994311694,0.4835353700900713,2.8712439357848583,-1.5559313012527487,463.7674888636504,0.0625009536743164
1.1662883506964894,-0.9202230146291015,-1.6704729044948787,1.3455492711680312,4.611514213655478,-3.2158122661420165,3.6129549516143884,1.9843555228737522,-2.3678679479475075,3.3408544995245544,-2.358052657145999,1.2530901823427465,-4.716749450131176,1.3491646517063574,-1.7583420834193388,2.517312569611657,4.011025189669559,-1.3244854497552279,3.0547436813776754,-4.716230741283474,2.150127195954626,0.48171108412246433,-5.110392039053323,-1.0318509050027336,443.8017497803636,0.0625009536743164
4.714952284988917,-3.1825608278638193,-2.764675446102978,-4.9128340600346405,-2.260772809511984,1.0713641488819494,-4.648644910865434,-4.122197083084647,-1.180307627407498,-0.46716239562419126,-4.630425346750403,5.074690464105067,-1.514083129042942,0.030052263818952873,0.6294788369270119,-0.048535849174679235,-2.7333258785143717,1.182899950932618,-0.46865214797500876,-1.548848796784212,2.4470268571054605,2.2766950428797745,-4.873805419691167,-1.9719912323223543,441.3053653598716,0.0625009536743164
-3.524590294773378,3.8613724896682013,-3.75402938534178,-3.9649254675157395,3.931704373467382,4.756183198625966,-5.1093802489013544,2.2431680651538137,-0.7482670795427264,-2.750851917678392,4.739312044443154,-0.10658631828648435,-2.719303881633351,1.7467866407301056,-4.191799992013239,-3.615992329592876,1.3225006334538305,1.6526360458831473,-1.8156071112167895,2.0043877552041236,2.9906850170722388,-1.4141881366648938,-4.170039897858647,-4.678638132322813,469.00788785941467,0.0625009536743164
-4.969871919737777,-2.337075438821709,-4.917897012130774,-0.9983488883907699,-0.9014361976001215,2.7682895616556698,2.082788548942654,-3.269015613387367,-1.329851946098425,-0.2630051461668428,0.0024157656279628625,0.42069496386049554,-3.1408751651558178,-1.7433314385768988,-2.286951465138788,-3.3159994478987285,-1.558946884827165,-4.2222164412109615,-2.7996519232311208,-4.442352155522375,-1.1239663437783034,-3.493905626823441,-5.0750957635000375,4.927039914165484,424.92592705537004,0.07812380790710449
-3.7084874414051523,0.4627286916693967,-5.075842340976749,-1.5201282955173547,-0.1950078988977122,-1.8463472486513224,-3.031910170602336,0.4178793308698161,1.2250844717871372,-2.9372516009580405,-1.16228605785075,-3.4049436668587587,-3.5786551823735144,-3.6616268468779376,1.33294498151223,-1.5669036003869299,1.0476035119788651,3.304881702505287,-4.303852753771946,-3.406651236499506,-2.0588181852679175,-4.52198266851817,-1.970092545336633,4.048749313647018,445.76270071934533,0.07812380790710449
-0.7830294921443288,1.4814346031289345,2.8415535096155287,-4.546592428284921,-1.4273846460941768,-2.7266322560543728,-1.9091495830844525,2.5562109883525004,-2.6121543428776812,-0.4302293717096024,0.8016302947359,-5.0502099000466965,2.1849610853309187,1.1698760114306674,1.5723090224368947,-4.390012821015034,2.9635755876608867,0.6126454674858222,3.132204551824967,0.8744269820678969,-1.7531699687802171,0.10389694385578707,4.377580751753661,2.61579038640114,426.9360352760298,0.07812380790710449
2.0614533152144325,1.2657579084911887,-4.967694180212087,2.8914209361957974,-2.8104460878214703,4.239984552108617,-2.443507171367847,-2.848743203440534,0.6055112286996929,-3.8990197890726552,-4.535451343875626,-0.898654613804406,3.5496402708106727,2.796284002341281,-3.6295775855959684,2.8401347705411393,1.4466003989006548,0.5992283168921562,4.18707636132694,-3.844658891643281,4.898660280722139,-4.005548907538429,4.798392576400572,3.6572214645218297,484.33264228990413,0.07812380790710449
-1.9778044833528199,-2.385894255291758,3.1518942426710437,-2.2057119021178386,-2.2630440625785906,2.458133845457475,0.8264125393921038,3.8175211952809915,0.3926278394618157,-1.1429285099033684,-3.899110399931484,-2.5603077824651845,-1.8606901639215918,-4.068482483256499,-3.2707743287119246,0.6744857890551028,1.8484186354114343,4.78834731229147,4.732306091193439,-2.3697220261777634,-4.773083508761714,3.355892298389013,3.4461152923432588,-0.7929064934994079,441.4022777380292,0.07812380790710449
0.5488480480011493,3.1188122526847026,1.2786713861528582,-1.0996874045594867,4.220266636852711,0.7457159981478343,-2.5154890445259306,3.435866683763096,-3.3844075637236575,3.198209323968187,1.7640794657465912,-4.459815022561232,1.575185815251654,1.0356082360550518,3.01798806919643,-2.8013531884114466,-2.918189641622956,-2.6983377375377344,1.1384792929476957,0.7450186293777366,0.8969513384182495,-2.2113172619027384,1.0038559754234981,1.7554657912854772,362.19351832900225,0.09380102157592773
0.343742139904192,3.2207351142014966,-2.769324771105583,4.923738511510771,-3.8602766498682284,0.6957443259131368,2.4718336596612893,-3.548876440221046,-1.0170823144004686,-4.615350485111804,0.43717604446814917,-1.3508470998280626,2.4771381670081762,-4.744531451516561,3.6760309146327517,-4.59813339910596,0.5947153498484363,-2.937610990755527,3.4956382568447966,-1.7309924246047221,2.320811323562725,-4.818980122142733,3.1893487022714178,-1.8092969210421819,518.9242814407838,0.09380102157592773
4.326478657883041,-0.6282250957987658,0.9641093128735294,4.205885756007748,4.9087412030291135,-4.970080604018628,4.346181306921978,-3.5757154137322136,0.33099224512801495,-4.67124793184412,0.6069991185327632,-1.2791761934366814,1.0207812605419981,-2.491495053279419,3.3042379064915197,-3.6975380388706354,-2.656101195876672,3.019910556496149,-1.5393743038987275,-2.1820964202920647,0.4720965008965976,2.5720883867029762,-4.38655279969032,-4.203174801474598,527.0648304001351,0.09380102157592773
-4.982056306881267,2.6698249887224517,4.612730041995833,1.2747500192285024,4.942038419230987,3.697245264749374,3.079122795341269,-2.7302101141351667,3.099312123016637,2.205836252562521,-2.485690587731634,0.1230767775039574,-3.9261170228791284,4.708835014901507,-1.3792285439861627,2.4815915239461175,1.9502964320057936,3.102368570797611,-0.09524759950211958,3.2126042220435886,-4.526703884202732,-2.408870416877375,5.043220247039694,-4.910084735497935,481.0139097391883,0.09380102157592773
1.9548025066975656,2.7806375638404335,-1.1418024345316171,3.1861926854256817,-0.9597972218804802,-2.7460888777013928,0.5486241953678332,1.33394064650341,1.201001180782506,0.721537633480871,-3.0212311467698143,2.974261027337767,0.8843314719653934,-0.9095024613926173,-0.5741284865799665,-3.2708638449800467,0.10059257463564553,1.42088753860138,-3.659062294224575,4.415579871081877,3.6616733699000266,1.7903003837658344,-1.3533412333749326,0.4564399894171798,349.62873807132,0.09380102157592773
-3.0371361072138607,1.6388281286410242,-2.501942606735034,-2.2003722002041988,3.057136646536768,-2.0048177553398894,0.20186509118545715,0.040114170063533905,-4.34565245514125,-2.9540282225025325,-1.1716914475638993,-4.477956766530853,-2.0927872773891107,1.0160076009695773,-4.735986407574099,-1.6883865840964685,3.202603354052015,-0.9565249252537029,-3.983063719985208,-0.018868117529994954,-0.0838193040696682,-0.7162607545392854,-2.678453803720009,-1.0242544738500978,306.6298913260137,0.10942625999450684
-3.506368110327785,-2.05255751105721,-1.4889605414118856,4.6997555733013785,-3.6491230805617247,2.0632342324451445,-0.0951928347421136,-3.584950668999406,-0.16870728113689815,-3.994931058474534,2.5497545234650607,-0.4461232733795173,0.6458503971086467,2.890708295270014,-1.8032967327030458,-2.817050850147387,-3.713857922790349,3.0093717492783556,1.0001265095838177,-1.0150698173541226,3.304996345324388,-1.667153576867145,2.6922900434399217,2.746512507437716,397.4107776901675,0.10942625999450684
2.301276694919026,3.0263404813881616,0.34557610872608,-5.099913398541632,0.484695407409359,2.957269056812657,-3.4779628237736286,-3.7700987631947847,-3.110508335271599,4.470993790574837,4.3154568504889435,-0.8438697757819575,-0.8140772655345376,-3.212126981597299,-2.5404831670396706,-3.291895419640306,-4.251490659923446,2.965107682209081,-2.457278433238434,-2.5559197580459916,-4.069126939458678,3.4644116276148873,3.9000021437293855,3.4323434879462207,505.6046200570693,0.10942625999450684
2.608668369045339,4.451718363839649,-1.480015267738184,-3.877950603236654,-2.566552443670825,1.6506839285853925,4.1827387088756565,-1.7502106769222672,-3.9248312176583715,-2.7789292263309036,-3.5921460072370026,-2.9594549266292343,1.2006730639735785,-2.506953668802142,-3.136804879962865,0.3356369992758639,4.629415461399019,-2.0842713728669566,-2.2852309221490086,4.795715956150501,-0.9372251297047827,4.0517189118635075,-3.127930610127207,-0.9964190573990317,444.6226339755385,0.10942625999450684
0.8806857471315084,1.1998185673545985,-2.471987546583321,-2.245854002688363,-3.4571715592304777,-1.682344458721163,1.9856628352432795,-4.5200773400397205,-4.838354331173702,1.2156683510477047,-4.908107846952825,-0.44486675834835143,-3.725197133461487,1.5893469667439,4.381199617768199,-4.237404731733839,-4.317124916506766,2.345735383051326,3.6152845233979454,-0.36300967757563196,3.5503777274034407,-2.670738547045607,-0.6643976284790565,-1.0394232974175344,510.39932741964896,0.10942625999450684
0.46043268502538215,-4.578664832621774,-4.63349564657113,-0.04540986349225129,0.5472101638749187,3.1126244171764563,-4.908685338343312,-1.29411990225652,5.078453672596514,-1.0885600509957207,-0.80751354865924,-3.960281842007297,-2.3690599811846287,0.8699875459403232,4.405056080042617,-1.631400555268253,1.0151215037282784,-1.1417348003537398,1.413422604278363,-1.496551163435118,1.3086188632274958,0.7760931325979632,3.640320671578009,-2.0496717255864865,413.981694839746,0.12505149841308594
4.819077239576742,5.086847658025168,-1.889338006060738,4.539958286354916,-3.675527812633522,-3.502826383040791,0.9996307641154019,2.015852927016966,-0.6352715556966215,4.14041616431495,-2.265323751535819,-2.5895646778286,-0.44671952960131467,-1.552063746723348,-0.15432077817627032,-5.059523739560035,-2.095641088312324,-3.6830054146331257,3.4299321156262215,-2.809080675397482,4.879650521038234,0.3015452440637434,-2.9499970704152516,-4.204533643649265,471.89660633819966,0.12505149841308594
-3.0773099891167837,1.1206689231324045,-2.8958960877213755,-0.4059231996094548,1.5402413725183832,0.8302977767331461,2.2259293942454477,-4.532754197124255,1.3336828992122163,-4.328646760556909,-1.9887648419774138,-1.7123223811833141,-2.668167365290901,-4.259646637745735,4.1470209140761165,-4.228772008084735,-1.0556719394249212,-2.433208678946118,-0.4790142994243798,3.255524193524237,-4.925342942102062,1.0790610909946654,4.13167637886682,2.4329180657251825,434.1972296519701,0.12505149841308594
-4.896704109405959,0.5466332787827897,1.7891852443891985,4.637732487220442,-3.8073106573925726,-2.608734287678892,0.4093000909391975,4.224576022036357,-1.8388515120432358,-5.106692738141523,3.401074556096396,-3.5881764441723067,-4.900923680777806,-4.589908428589005,-2.9217231298968462,-1.275483163419929,-0.8631070518034534,4.895446434678591,-0.2600636766872224,0.21615052341544683,-3.981496017408881,-2.573930080663459,-5.1028175156434585,-3.6847861277782044,516.774486940245,0.12505149841308594
3.500645956952325,-1.7385077651232366,-3.0344512973154245,-1.4211707697898697,4.685722374655103,-0.9389034678682577,-1.243135907166724,-2.205969061017458,2.276259525794683,-3.8087170320933033,-0.4258654127370711,-3.5820027618331514,-0.5779411677193664,3.671420147555973,-2.939084362237465,-0.8772410786723395,2.4712879676355266,0.5971121634998076,3.4277554667728927,-2.8585994288807806,4.201757747663071,1.0435182509633671,-4.771856233725183,2.4229587227740677,455.0658250175341,0.12505149841308594
-4.904781103865535,-2.9645311335161018,4.365495908691673,0.6121060073291247,0.05068842744110125,-1.5500530480629,4.80469471556398,-1.5022229836894514,2.017416144240907,3.4343894134409263,-2.503364566471416,2.3940593465725195,-1.0693510430609452,-3.3624740974486267,1.3865454315448495,3.3689682930784377,4.655903118782422,4.620360604296059,-0.59523407975668,3.940466027704086,4.041186001421299,-1.977667986094945,4.399802205889176,-1.86148474822663,501.21151612286786,0.1406254768371582
0.827098713044002,-0.46475319192151154,-0.011771362635496274,4.1343774115504575,3.9058982416366286,3.6650026567460197,-2.0279528706148957,0.7416148145077317,3.324475726226706,-1.2158575351804104,-1.8771528519538543,-0.570532319535336,-0.4096080364314858,4.913267300122377,-1.6329241283972005,-1.7747313045714743,2.61245086233805,2.8406621589520284,-2.310327530974731,-1.041871288912068,1.4256535715579446,0.3515606591902234,-2.962519376930574,3.113051734109823,358.8691368827597,0.1406254768371582
-1.9888590549675218,2.7964504355896382,0.6332324362007853,2.813000266510808,-2.3591514395595214,0.4315444445515313,4.445538144842499,-2.5348619072773495,2.7824502361185868,-2.9333545943023625,3.9210918115621114,1.2336994254553728,-2.3248116624138047,-1.6288186617702962,-4.637229503619348,0.09427325834094535,-2.0217883336352775,-4.883885097262049,4.367093533377365,-0.8954277290033046,1.040708291588949,-3.7161021192438604,4.809104128409099,-3.7810308753768003,436.5299260806585,0.1406254768371582
1.571509429442477,-2.7987041327950632,3.5686271714443825,-4.611826101027436,0.8251776779752991,-1.8200443288705737,-3.992714965656992,1.9224378990666375,4.2295370688693525,-4.107192828072698,3.4139311204896385,4.394102203062366,3.711822883173279,1.6605922421591517,-1.7292639670430554,-4.891655614562438,4.614938741774465,1.5674494158364762,1.0630286848212416,-2.945979421167927,-2.8853772136859956,2.54999334022677,2.260923156492238,1.0136632839780084,465.9705583141925,0.1406254768371582
0.9317547775142199,1.9077553950596746,3.801577854624715,3.423298625240709,3.0753607551885542,-2.8577337040951405,-3.6583055036123096,2.615740477057906,-3.2137406145212957,2.12827330061931,2.1936378194505526,1.444203483153042,-4.1809590114598025,1.7055841855976874,3.0859161297403004,-4.8499348032181295,0.7401926991760011,4.296510910178411,4.936888619965095,-0.9855684873030635,-0.7675216479604856,0.3359646281411335,2.8015817354201618,0.7291811855064543,390.4399713969611,0.1406254768371582
-0.2220880445392499,2.141687721812625,-2.440464987441736,4.651554390660169,0.9826005957835999,4.400514625798626,1.319450519741932,4.372800347874883,-1.021074098512515,-4.344789700221421,-1.87934675533256,-1.9023612957063625,3.732624508950388,-2.3039618886901527,1.6876362655425066,-3.828890487739703,4.505138771648109,-2.2776481355592293,-4.104949643546601,3.1167858892745786,-3.435566785965752,-4.693864562703535,2.134276232665073,0.919335229430156,462.3509933211546,0.15630173683166504
-3.5999630198882584,0.6679126914617806,1.2056275081798518,1.1553386444962817,0.11514226941333217,-3.301754804643335,-4.462784435292589,-3.09280651429937,-3.8588040726028736,3.182644612225025,-1.3550107125221227,0.4327861935606405,0.3035903092505965,-1.5943378803695198,1.7491865273000586,-4.438111131392898,5.0980967261750445,-4.425771635375257,3.9040795502313275,1.0631517113578832,-3.7252489513169538,2.664888306171373,-3.684035987457621,-3.608898433898065,487.7611922326274,0.15630173683166504
-1.099408759976292,4.770640016290426,-1.1941356574330806,-1.9463534360287493,-0.030243794487824438,0.1845065245338935,-1.0542200173640621,3.6123149691537835,-0.059381663647135596,-3.6174440917023105,3.571630656637905,-4.0622846674680435,4.842778044655211,3.3792430361040227,3.9029869739139658,0.028396480250056477,4.477481590245385,-0.44255809240336585,2.6994282765750883,-1.682816455171864,1.1252370203344704,3.093614904793914,-0.6828864474533889,4.7851276412966195,397.0392922626401,0.15630173683166504
-0.8520295963926507,-5.062377478946707,0.7529210153234454,-0.034387693924155194,3.2560545415164013,2.1354674149508615,3.6050645864674555,2.674938199451497,5.119532579135771,-3.9064957289802598,-0.23547518454242677,-1.4689907803745283,4.173732914261758,2.90111181872141,0.7150430311477329,-4.096009898161558,-1.6513774916276547,4.075048975301427,2.0570603176826685,-0.9144420384347249,-2.841591026311165,3.86503762338189,-3.4998487219148604,-3.021343957287023,380.34041659710954,0.15630173683166504
4.805840833851236,-1.8888473352383635,0.8159943469853506,4.479406807106126,-2.8944337142821777,0.273714814690992,4.947595715190116,-0.6895127698274193,2.227077602486794,0.5397863050015062,2.8234431897885193,3.920069525104327,-4.257610113768809,3.296680582139664,-1.2068425017648683,3.715852274215192,-1.4864163883819645,-3.0204392374645654,1.849905879447359,2.7894005146509464,3.3189645707434154,-4.28557336874308,-4.318938837684167,0.6036722777117376,455.37285054051205,0.15630173683166504
-1.663800990823865,-2.001203568665207,0.20803884484626067,4.631713499667829,-4.139500734545375,-0.684906500830877,-0.8371451882417444,2.474529406413186,-0.6395890003756328,-0.4493379699728477,-4.070681681232061,1.9964953142659496,0.09634592863946256,3.781797243229902,-3.2433426323703642,-3.3642278661046325,-0.9569159647160967,-3.2166486128598315,2.1522641463576484,1.0111570950579027,2.013022501887116,-3.302714019499474,-3.643314409324775,3.4851982286751353,383.6881483594651,0.17192697525024414
-3.6536930683835553,3.594992212024624,1.7302115986964903,3.1118131700871308,-0.055119169758557796,-0.8940062740277748,4.316579805007106,1.999259429335523,-3.3541209145489073,3.3980590843911544,4.3386757750890235,2.0206580696449663,-2.2431491956720624,-2.2788223924364224,3.845567409070287,1.1019002163870617,2.5048119025594486,3.0656134962980532,1.86907951799044,2.3799855328107524,4.9297745804319275,-4.2986040732937,-0.06380069887315276,-4.5157768816404715,439.8852324128767,0.17192697525024414
1.4059878567156288,4.3851965788070375,-0.7221326440652209,-0.716699710466437,0.030112342852026686,3.6192717928577283,-4.089324666507554,-3.6846052308028057,-4.508899036088635,2.1457684929243817,-2.813460552675603,2.5152367136446587,-4.860010272009886,-1.1180488512083055,-4.686842030259098,3.1135887364600405,-1.7947668040887885,1.3042401692825702,2.0403024727708052,4.890244966134705,1.6486916248214731,-0.6696572882665386,0.6277049761109268,1.330812841717151,450.6269681181831,0.17192697525024414
-4.818205326821836,-2.8403237654604956,-2.3545273832200935,-3.67803522553704,1.4469396449437628,0.2045763324814196,-2.1955877332885785,3.791444685540619,-3.92561974048309,0.9872783544092956,-1.0262798892221978,-2.7654597556558254,-3.850646816147151,3.893244946877382,0.33459151894600403,3.5068722120380054,0.11487126034625827,0.8850255969400935,0.1162125644812928,-1.750545911453957,1.6872608745332505,-2.8974778962110177,-1.9476596271371598,0.7376363492100264,336.5195690616575,0.17192697525024414
-3.815984407777873,0.04700338373777946,0.9693082144434388,-2.2342966876804584,-3.288318105564001,3.4028162929185894,-3.8470453944087986,2.872583479987484,-2.8104505716003607,0.6078731791339624,2.5014020522546128,-0.18545579344199048,3.0366780054765465,-1.424274003348292,4.024316934081182,-5.060280838004201,-4.498676067429135,-2.4488562169966945,3.144570541387721,-0.08442530358265454,-0.06709742099381977,1.0912857763605635,4.764350298968512,-0.2244506586960533,381.92248549260984,0.17192697525024414
3.846456512730696,2.823253469076862,3.250203475279588,-3.1800717536507235,-3.050188031930654,1.3245921642266145,-0.8673823287708258,-0.4427190341499978,-4.112552377791616,4.481761532617823,-1.8109258162361694,1.2800350613908664,-0.39385620742729355,-1.2790550413922555,1.3319100490814142,-2.4234950247086506,-1.7921584081970328,3.730628083792481,-2.204849198433548,-4.817096610708408,0.254924266126352,4.110461872522742,2.695281038748207,-1.567029929500762,422.7065780145607,0.1875004768371582
-1.5866269830577044,4.691506494466306,3.3564120746382278,4.182565508231197,0.09484161464067498,1.5549926999765749,-4.041339579027385,-3.675920250384754,2.1668917269371626,-4.588561973385623,-4.854327201816293,-1.0784665005403147,-4.442979378026105,5.113715311896233,-2.821046805964674,1.8033419387007648,3.612893999157447,1.0829062701309544,-2.190782906689613,-2.875726250942434,0.6331805612312271,-2.453679866201147,-2.178897257458444,-0.263723974881243,465.66034800423057,0.1875004768371582
4.3151987817648,0.9967391248697162,2.519163813730751,-1.6436016034999792,-2.639713269216622,4.312803521236929,3.7970712298522082,3.43067349960089,-0.5544429432567517,-0.3437439688652608,-4.618655233210985,1.4958516422062154,-3.244424541858043,3.3787942796003234,3.256777797847227,1.0702657983978874,4.677072978802637,3.6871557590683404,4.1424436670805,-2.508588903991366,-3.860951518044577,-2.7507654043465535,2.3866658057458734,-4.300688580410472,557.0164266963633,0.1875004768371582
4.583263104393372,-4.666209526184542,2.3686023773580223,3.204190677876455,2.830302008365229,-0.0326904109427506,1.8144502055101341,4.906732094446633,-4.003108164803512,1.4618249432172608,3.6949226101393036,-3.440992969776646,2.5782596230362618,2.73171549965344,3.898327887671507,1.7988652384177257,0.9531968793288703,1.0427026398600132,-2.916090217826322,1.2799080578354003,-2.066074619140573,-1.6380268422011723,0.8860330118304383,2.3076797372398996,404.8412546162422,0.1875004768371582
-0.31318737456683543,-0.2487414016509213,-2.5982360410226892,-0.9290701904473719,2.333413439542042,0.25293013697839317,-4.073685155590267,-1.9381784774878401,0.3387225089453718,3.8494407441585183,-4.46145620463712,-4.9199391105543775,4.808270223216941,-0.7308814663099454,4.015779956545498,2.507582248169964,-2.535993264278663,-0.6194535317119874,1.5084105982788847,-0.34193783796921995,1.9061778068886985,4.659414236826856,-4.346856644662909,4.987776660556542,470.3477402936666,0.1875004768371582
1.8650752243747126,-4.200142896190991,-3.869400637096752,4.425124560051596,-2.1674879671640945,4.312418236704729,-0.2728676185600447,2.3403733001009197,0.40156767974873553,2.409639909545297,-4.724049212118489,-0.1884789530540596,-0.8082449226522277,-1.7533830681611202,-3.9229104029969344,-0.2209066813018321,2.2448196433235355,-0.9490188413099707,2.1021797412370544,-0.7186085150849095,0.4180661276044155,2.3455674521771472,0.6200110345418359,-4.919383882662413,408.2232421438744,0.2031254768371582
4.7766120147627555,-4.716577016563553,2.287641884168827,-3.4907533102870056,4.122781110701989,-0.44251882464782355,-3.0927807830076754,4.114898329644441,-2.128766304473964,-1.1381242952306372,-2.3039442322426402,-1.350443896831976,0.10401594882529253,-4.18213055260058,-4.7115488574420965,-4.3025488263643785,0.7276508467066707,1.2819687315945751,3.557572946336646,5.043510928215501,3.1177750077430657,1.6358582145021447,-2.2753646934032994,-4.358520505556678,492.8717920209593,0.2031254768371582
-4.980566928979366,0.4136358609173012,3.2888739331722414,-3.483786348187732,-2.304729906832582,-2.1570438284240407,0.2418903310390963,-0.27421006480949295,-4.397644681221423,1.486817473427612,3.627386087375263,2.0599067609410717,-2.116400863537314,2.4624602602709587,-1.6931112472675935,1.1175905330008016,-0.5827546674750552,3.9903736695024827,5.00970199598298,2.834383868595844,2.256668992292121,1.6298295092014836,-3.215983458072331,-4.5628374396612035,461.8696617202218,0.2031254768371582
3.0307550966848327,4.370491181330316,-3.196093096064336,4.146643097101941,-0.9461857303719334,-3.9125722262033946,3.5907626593521966,-3.564418297247863,3.5312321857039377,-5.0510797423798355,3.616025079170721,4.5412098960287794,-2.9496265686105274,1.8014326739175957,-0.45208786282143976,0.3427076503301034,3.7815739888569313,5.052283155511044,4.593636323147028,-1.370981101980362,-0.9018550789131634,4.409384668438714,-2.848290717269018,-3.408780836346077,538.0383825972731,0.2031254768371582
4.084822974814963,-4.368138246886215,-0.25177142207510084,-0.9980115737827218,-4.251444982437253,-3.956282328593094,-1.0877410394782263,5.04396602118335,3.9999972293435535,0.8342521645966636,3.024219227280317,2.899972034049349,-4.639785481205044,0.3184755587295651,-5.112706219324512,2.4189368527131903,-0.20660667843071945,3.0806427004917802,4.86827920021394,2.04891962787888,-3.4083938606006763,-4.355563716851518,3.9283501277644133,-0.6083434869387112,433.7021210482608,0.2187507152557373
-4.163689596023597,0.21270600560485597,0.2861275766254652,3.312226265566795,3.7986087676756073,2.850180557346894,-2.3458358436835383,4.323643204358112,3.0857266623090593,-4.930664330206258,-1.8757239039734332,1.4438652167936894,-3.8605772194342247,0.11799886670349391,-1.650665870157721,0.22249514682529892,2.2551320103835257,4.264318040930898,-2.263441988307059,-4.411884276171635,-4.300742154579103,2.378435516735329,-4.9512937945395485,-2.615242013918282,469.3520329740027,0.2187507152557373
2.607986165486424,-0.3358982427102699,-4.927844813181521,4.481769684862587,1.8633155197875046,-0.3652095775935509,2.5864118187342298,4.547973220120887,1.043141560165635,5.055457722790334,2.4388555462589085,1.4916156242509997,-2.7624527819665623,-4.880283612243776,2.215168325601292,2.9038039481913787,1.5696868387788143,-0.42487346294489736,0.30398345508620483,-1.4587204543189198,3.27626813668227,4.424929456441338,-3.210925326726793,2.4463795474141836,515.6667425915736,0.2187507152557373
-1.2639026945029292,2.183242549618093,-2.026401293693214,-4.410933203445621,1.8265359708491449,4.606353974802066,4.045143060627685,-4.909212131700567,-4.291254890748133,1.22244427412509,-4.5614233060802825,4.627399918736422,1.1354082874447986,-3.9817209649271685,2.0649558050865586,-2.5095705276043914,3.6609572027635275,-3.557656883162167,-4.792394020730883,1.3856534274230112,-2.8653661956478818,-2.054279019995939,4.1310870823491905,-0.888053474029844,477.0499138274657,0.2187507152557373
-2.715975826171068,-3.2737805093124233,0.5381991777510535,-0.375887186818856,-4.977531663214861,-4.601507857181224,-0.5936896319600615,3.3118857011498255,-1.1020923165683243,-4.002961350385263,0.9789920059637733,-2.23323762297183,-0.562240243191467,-0.4150439025421271,3.6264608162507903,0.2124442067098773,-1.5689151312448195,-0.8302799917663659,0.3592343369557156,4.580819181841023,-0.7423626369719756,1.8086509833022015,3.4582953525726294,1.275015652587637,445.9795716656592,0.2187507152557373
-1.5187076393156627,4.117296026735706,-2.3892759807369095,4.534731632620921,-3.9511698844880847,1.067144850126435,-1.6885684565576224,1.2284490557367311,-1.140927940148535,-3.1409704461239194,-3.5422841298146044,-4.588326714607757,0.1452923493996492,-3.3937189945266013,-1.3949655604059679,-3.8983712153384547,3.663602207221081,3.8528175128585156,-1.2698612375407166,0.5541306178900705,3.924158717252026,2.716732643923497,-4.523213900612968,-1.691930663214634,483.67121050617556,0.2187507152557373
0.2286859036939406,-2.6590901899445174,2.9045847938304883,-3.102905838939233,0.37794171136561605,-0.95423160730539,-2.239921502383564,-0.30340280009141374,3.95173224208554,-4.939930785191782,-0.25885547839316825,-3.728535335766579,-2.878304653625873,-1.1845475114450523,0.22203400493184233,3.9233697016156635,1.8552269864888755,3.1173469372886045,-2.5445876268934406,-3.6436638568584248,-0.7208441900989646,4.21475416407124,3.6178353653096034,1.5722019985721172,384.82219424980127,0.23442673683166504
2.7964644909500542,0.388936228418582,-0.7647467644927515,1.4689200247601732,-3.487983298958704,0.49670109937838447,0.5610276675887373,4.961375236694335,2.5886595516911957,-3.4685674617741995,4.5724134135099215,-4.802088584528552,-4.770605816546711,-3.321169135547825,-0.4033072802439479,-1.9999471209618065,-4.3749655344997675,3.866179998210458,3.550295576035613,4.128004078788778,-1.1034624418335781,0.745799490564802,4.744690470660614,0.8926037898570769,523.8310800056354,0.23442673683166504
-2.6286884576220877,-4.473787395268727,1.4218106120383984,-3.907347557339533,0.8043009079740102,-0.3983342821635034,-3.1982188607279736,2.0649788170712142,3.2809072255042944,1.8079918837101427,-2.729309373806693,-2.9700741279259715,4.395763423374448,-1.1139132254153221,-3.430907607292296,3.4981496147878888,-0.7237764823230286,4.443734062914614,-0.3100429650326202,-1.3602650183269889,3.8691786260737784,3.3350431995980694,2.8483824642162228,-0.5005817509365924,473.481017075946,0.23442673683166504
-4.792220191987622,-4.243707432911646,-4.045357285026752,-1.7986404295613392,2.2867486080180237,-0.30011157811297196,4.19933302792819,5.081389938255016,0.3086020845677018,2.5848569683164744,2.7038210056117613,-2.952960030208613,-4.944272248039221,3.3990650936046825,-2.200107543130203,1.3650561131230816,0.4565378489200951,1.541916912539837,-4.449849795772505,4.009699268742447,-1.7403758649676688,-2.917212423659941,3.9695991905327963,3.669201185192068,485.4775623397458,0.23442673683166504
-4.402201017220678,0.16084396939439838,-2.7681368312055947,-3.4373671243189174,-1.9307769212844033,-2.7569360727406247,-3.469569565376097,-4.354058630981648,-4.753755517316985,2.9294619519313683,2.5234245379562577,-3.3245970519954264,0.014309513591844514,4.746704980258873,0.9647670218016469,3.2009071462394827,4.624250277501589,-0.4475927464211038,1.5440584323444897,-3.593727999887234,3.0084926706911963,-1.397389056341786,-2.9338131804632948,-3.740233978777045,497.91990549464964,0.25005221366882324
2.296868784142994,1.4994987215300943,-2.4065056884866745,-0.5742878798885727,1.5508635062751752,-1.4628027647824222,0.7063080649688223,0.906982098309709,4.442902043870979,4.499769009432492,1.6520381991207236,-4.850559376106744,2.4162656068513026,2.193308584334133,-1.7176713430949513,-4.408985007060425,4.888678173525434,-2.1938860977344,2.6182054454398713,-1.1149612678857217,0.31350306002974904,1.957309427105696,-2.776906489510971,0.43423203317181347,476.47745716926295,0.25005221366882324
-1.131606870887155,-3.335902575512315,3.867964147117646,-3.317567321753788,0.6271939423175432,-4.150258685025509,-2.413773577781087,4.191795960968702,3.0659393399136627,2.4243072027168093,3.8043309709612574,2.7518772146698955,4.524827521285515,-0.31305411792976034,1.8978652910030354,-4.606665437560626,-1.4599828852682224,0.14982995092579188,1.6045163871144927,-1.3218160762327256,1.6582587379354417,3.893698745755489,-3.059583369594688,-3.846330400044123,461.0031354582479,0.25005221366882324
0.7057352315306886,-4.283631925186892,-2.8764024801928265,2.6411274417565123,-3.4785222357177052,1.0021234824778062,3.7356896972373255,2.0687846444585514,1.403681506488919,4.215365143616649,-2.4777399439969936,-4.863567703007534,-3.5219216174968127,-1.1251703901963452,-4.098470842205518,-3.432695693526144,-5.057597116332636,-0.3906813064328025,-1.939356870527153,-4.605397933409791,-2.3850463608657635,-3.2732721273709657,1.478304774740451,4.877863919587232,507.9516496736788,0.25005221366882324
3.276577885677672,-0.33849453589616463,0.6886154459410818,-0.8032727104631094,4.204038488750492,2.1863055213754583,2.951190167959287,1.1796200692405945,3.7974585918714068,0.24681785390007693,4.085229839311602,-0.8829772318779261,4.966387153040881,1.8736085406664067,-3.9125250979684196,2.534748650382724,4.665113911780975,0.2688500649381842,1.443036059005311,0.012228742603936915,-4.407729952765932,-2.1696199118874526,4.438401577383735,-1.752699041835228,407.6429532891992,0.25005221366882324
0.49268898278971296,-4.980822509306163,1.5220551298532188,1.072312973870643,0.46204112387814433,-2.3548999377789457,0.3733809939582846,-2.8425938292780764,2.231085844582081,2.7613922139143634,1.268595667696001,3.7360436433733524,1.8082062342285088,0.9215032342856944,-3.401122691236048,-3.1627434609749194,-4.774694835338786,2.74466492809694,0.5462829340507573,-3.8497006004162575,4.815280586824742,0.8690656876566996,4.031450311275932,-0.9885184508568807,403.9166480179361,0.26567697525024414
1.8137338299483545,4.863974155408232,-3.6513104120209845,1.3521503343742394,-4.482869478948219,-5.0078470624143225,3.4017300726731614,0.370061084632499,2.797293587594969,0.2687551029567441,0.4020491635233192,2.478979440635679,4.9835628936220635,3.372383990561226,-2.064738309082952,0.3364898514665411,-3.37319026130272,2.9118465122437316,-3.559946727372165,-2.502670470127044,-0.9660939226611198,-2.863129206871848,0.3399589197408863,-3.2333577506103697,483.68308352607653,0.26567697525024414
-2.3043920795501704,-4.82460761364194,4.136412977931212,1.6651394586469621,4.191728606093586,1.0282960515245678,4.582087833987589,4.616759083667838,3.186572129295901,0.9080575840812921,1.9657335018329105,-2.302903457149324,-4.734138927287506,-0.5104053603054961,1.0027167862325355,-3.3435234274708896,-1.7782851664758943,-3.613620203522001,-3.760816460084899,4.636051631372726,-4.613985091917446,-0.23390205024883404,-5.037499522349484,-0.16325503576890643,494.14418016344115,0.26567697525024414
1.9875627023371374,-3.317435781576532,-3.3604673871243653,-0.5362118005135725,-0.8091039391176551,-1.556733334258801,0.3094762066770471,-1.5160431421761627,-0.3530148499498216,3.1216678864891483,4.692086616847637,1.8185952123908633,-4.325124099002422,3.329154874633441,4.93196312975446,-2.5200428856434582,3.693055891932045,4.9677912701559945,0.7769014115847606,-1.8170459398336964,5.106966330641483,-2.1832757088241417,-2.019292440197972,-3.070487921358882,449.2744242965404,0.26567697525024414
-5.051211534453162,0.7527420751316276,-4.2247524930053375,-4.268473058990737,-3.399092550675217,4.051407791268336,0.7949252259229169,3.709688084098052,-2.2441272219243724,-5.045359595816714,-1.0567502427505433,-4.115026329144979,1.4309232353946433,1.8602377233380016,-1.0228548631179928,2.3817811811315606,-4.249615700077316,-0.8404718227824555,4.560410270012457,-2.8480071287869064,-0.854537946155455,3.110287891570109,-0.23857045859013404,-4.775382908374017,429.75189319607676,0.26567697525024414
-0.3433036933856357,2.704660162012182,0.5081911524767895,1.2608237460167802,-4.148431732148178,2.8423754982870895,-3.575667377720709,2.796932707144965,-0.1539420941933054,3.7934459612336804,0.7912915154381333,-3.836304290913463,4.517610953245446,-4.502496128031432,-0.7249717310275452,-3.5287511078521456,-1.6572142760547917,2.3212255441594927,1.1679555352182787,4.612390989501173,3.8646380467855,2.3971435044529112,-1.0837662176277112,4.4795994321960135,495.25572332275067,0.26567697525024414
-4.243475189496085,1.005866406075099,-0.3915830574482886,-2.118813019537392,2.4519452955421652,-1.8665329344259254,4.318307944933157,-0.5353211885940397,-2.064042565218321,-1.4416106167368463,-1.53598766936191,3.068188372754192,-4.792869194317453,-4.212947621244248,-2.973921970512599,4.2703425807729465,3.6500234448937237,-3.827397576507021,2.4794334049959064,3.5783952226028264,-2.7880927421689328,-0.9927223175148212,-1.1370308983806154,-1.5554163297402188,441.87920090231984,0.2812507152557373
-2.2970089836585412,-0.45780016966406656,-0.8527088456279825,-0.6530415739839119,-2.9581862532810144,-3.852891542945374,3.4090350761952424,4.873637741303269,3.4501678130094318,-4.274649653513679,0.8036217122783125,-2.445071321311162,-4.953385322374807,4.640852915993448,-2.7831476101632675,2.2490961571928523,4.612384674970001,3.387439667802627,-4.874375696154825,4.4895671487265885,0.9071395987551476,-4.590008735913643,2.0023789512717176,2.790878051167807,527.1290072547794,0.2812507152557373
1.4678057314831907,-1.1143374934389083,0.5880513138169281,-2.759403662918039,-2.871976686762258,0.08601254932597957,2.290090945964497,-0.11757255091718033,2.514915459859065,3.107427943171703,4.142042705534338,-2.645339536337246,0.4289888085663547,4.144213063501449,-0.24833282186052674,3.9574099819715842,-1.6566707347823986,3.560044373246991,-2.4769318971191168,0.014180125093127494,-4.704882690233324,3.971384109135747,-2.74880019326285,-1.70573583700225,403.4229026565552,0.2812507152557373
-1.5751265722513126,4.9211370964290415,-2.704933670153905,-2.912584931904647,-1.2464152317092196,3.4687422255037346,2.628555105866133,-2.1001560446391245,3.5889713038358364,-4.444375803111367,-4.3072706825556075,3.7583822329452437,-1.7476086695528004,4.056090402249924,-1.2935037502378433,-4.6250060151971,3.474847599651766,-2.6692148993154063,-5.017071612248161,4.900404136740151,0.21364277271507426,4.114875236777746,-0.370164074088688,-0.8123356112626512,515.5840876378456,0.2812507152557373
-1.5687622922953088,-1.7559249628303424,3.156908364537954,-4.571881337010781,-0.4973744949554515,0.8497384416046136,1.6130072531065025,-3.859216004617141,3.3890665974695215,-0.952020836565521,2.5455402612975275,-4.3773793268621946,-4.355537573143783,-5.047705246848238,-1.692581593602842,2.451814276972753,-1.983098883659955,2.4153135797017846,-4.90688038852193,0.1396726420240686,3.6187209627223558,4.761358690900084,-2.837781093326658,-1.7714408106721198,493.1830967807169,0.2812507152557373
-3.1838502723658606,4.1930376880566405,1.4824923548409163,3.239508363251267,-2.4255395049415047,-1.1464803852438972,-3.9332105220980713,-4.626709923437281,2.3611506597417735,2.016706491445511,4.812437144198394,1.4803588475690779,4.05648358344106,4.787015077368934,0.9980367462272559,4.576196657547761,-1.7136770123399123,-0.25498495659437204,-1.8111021136734626,4.066303115553516,-5.03238709063792,4.493420963611336,-4.759170656784288,-4.028857348099784,499.7241510790763,0.2968759536743164
-4.427323350868208,-4.279433909738207,-1.9436337722741888,3.003564253615898,2.6720687923173,2.906931433836138,3.439124928164838,4.345183119944241,3.384233495563497,-4.584485648490141,-1.0387319487693345,-0.1833143136799995,0.45341554377347837,-0.6466067226163847,-2.703156712157167,0.9889688896689197,-2.5319411633340594,-1.1013750312665458,0.6382544600629076,2.9080541620813944,-3.624928261315328,0.3242967284699878,1.5943027677133532,-2.0448569687954166,439.64441815942024,0.2968759536743164
-1.3024679975376223,3.33983596671811,-0.7374299104666875,-1.1717651583503952,2.789127426521781,-4.8698032020380815,1.644383050418364,4.872430438025373,-3.1445380283718074,-1.9654765727729622,-3.0943368764360546,-1.8193812874798247,0.9436009301043056,-2.0439433407241374,0.5697946425905958,-2.5135184787887006,0.013075821469085369,-3.5451659159615563,-4.740476310156404,-0.7913659307151892,-2.352805080642614,1.5206195852821134,4.563443106859107,-4.554317420420855,434.544315942638,0.2968759536743164
-4.422651234152545,-1.887695633682104,0.1086177157443533,3.5353786964947362,0.4265078437536385,-1.8624752834656655,-0.4820919106063428,-1.1065521435184351,-1.469877302203594,-2.652928035357084,3.497527328002824,-3.251143174431208,1.7350712967676305,-4.768438225189359,0.41081166287642024,4.355804149269397,-4.5293148855997165,-4.431086562970837,-3.7220847416789806,-2.90286029960803,-0.7256082351793705,1.287923873866478,-3.305443235528272,0.8819583356851055,494.15613658277573,0.2968759536743164
-4.375079416615341,-2.901332313511045,-0.8379830100960852,5.095560716854108,4.29176572162038,0.5172964696700735,0.6808263076141428,-0.8723497207084865,3.473887137978447,-1.747849818939771,0.33378530525257943,-3.801573786571106,4.1647917756160835,-4.35073096710501,1.8570076434790588,2.2344198503111903,4.490552399798555,1.849051980044238,-3.287196140782964,-1.6282681470407812,-1.5095033150348587,0.47864440577369116,2.884257280670739,-4.108297858511257,472.00346222292376,0.2968759536743164
3.7113118700018513,0.3229130461286651,2.25355087321584,0.6891567564693357,-3.41968611936296,-0.8103201793589028,-2.8112415874825656,1.3869941787275817,2.976254116168197,1.5068212985802507,1.6933230837676616,-2.643508583964609,5.067285362395139,-2.1690753407475944,-4.567802716605063,4.146427744068327,-4.208515873725385,-0.23218166201990975,4.775478480383266,-4.395308745040365,0.13586392027328564,-3.498970862350286,-0.3417582322333743,3.8414208385956288,482.645539015146,0.3125011920928955
