-0.3628074235943908,2.8617501323047225,-5.079012832914432,-2.798411881958726,-4.0794563370373575,-1.9446559247732211,-2.759571863978353,0.052307851041788034,1.32030153441067,-0.4829843746236815,4.64558162970454,-4.465191642916626,-3.9361356591702132,3.420086326974338,0.007815193502755946,-2.718108540946884,-3.946419748678349,1.1262448708613855,4.67661773813125,-3.8585972502951735,2.811679838093462,2.0978342075820198,-1.0578485392615207,-4.778491808225267,418.19730187267567,0.5781238079071045
-0.22910994242131455,-0.6663105551807122,-2.029343647687518,-2.296563113887538,0.6098651488771427,3.0971872656972783,4.36484737844824,4.821520583631737,-0.1941658174658354,-0.937586961617856,5.093138821839118,2.9578703199604304,0.4368099841089714,-1.4540575194627978,-1.7441427766831303,4.512593300616538,-0.29030308480596734,-2.8049689795801025,0.08509264081843604,0.5988548737955144,3.916098945506106,-3.1219780291992425,-0.08542168184991716,0.21543199205908348,365.99901889877395,0.9794237613677979
-0.2790694486747558,4.6581318052539205,0.6622422493938895,-2.2358204079861874,-1.498059118782427,3.311272084262879,-3.9177061173198036,-1.5317616694938918,4.518579166786668,-0.9155697747375706,0.7292302666038646,-0.9863755053047569,2.4368497164337244,1.641605757387513,0.7893969793236932,-4.36032580074608,-0.28562085808128046,-2.932796960859926,-3.5381660257053125,1.2028484209162205,3.8701036735625367,4.216427113436068,3.7460833461119494,-0.232421876550033,447.3188361776766,1.3700449466705322
-2.2827970890798763,-0.3298095774342764,-1.9724871951053826,-3.0929252345184834,3.013515125320663,-0.29352952295491797,0.13328564320471248,1.0356095278588633,1.3412883867251528,2.6695734730928686,2.693754113572375,0.6565478508583587,-5.111330366512334,-0.2446715064062701,1.0833588392811615,0.27994548252412166,4.644288920902819,-1.1182078247496516,1.7636963978648135,-3.0239646160110096,1.9403151766395954,1.9280692042090415,-2.939877563882407,-3.112590067657413,296.27354416537423,1.713742971420288
-1.0929767795799377,4.15965451366822,-0.4004764121549247,0.46068455608367653,0.1614903688693019,3.913737037257964,-4.960497876782681,-3.3976327364788164,-0.07678080407032795,-1.5976168872631962,4.883758033209822,-4.837355249678165,-4.386793958263323,0.20768506922175067,-4.903273111149026,-4.212703063779352,-1.1897152944923026,-0.6889824535699391,-4.846711642989879,1.4823837966747657,4.506293347622587,-0.6142033154578792,0.07633256393724874,1.0775745090203577,444.38642072176367,2.0862069129943848
-2.4582687295248293,-4.2323688099790955,-2.8043449700548244,4.691005503422242,-0.8848575302061192,-2.1157617907474213,-3.2201322050805503,-3.656195972940402,0.8050358484339153,3.823779708927071,-3.7301911223219335,-0.5359442243449992,3.451261824813467,-3.796415779238002,-0.23369097267389094,-3.418650871035736,2.250829484431275,4.147147556405009,4.698361190936944,4.466104690060242,-0.8917848930660321,-2.344131482546581,0.5105517671050821,-1.269950798515565,493.86832078032427,2.4767818450927734
-4.827995261222089,1.851554055974523,-3.8149446612796316,4.329102644358708,-0.9059822271885265,-3.360137381687175,-3.2677900448495243,0.5634065824046344,-2.4106722437142465,1.7093751633224166,-3.728834668804849,2.7593982512754165,1.0475529910459684,3.8655076160661013,2.1491082297085837,1.730796129727568,-1.149965665895519,1.4677129017098425,4.512018002407472,3.8495599704789987,-4.3417144903951055,4.773087330629447,0.4614119364509204,-2.798421187056503,473.48050323155337,2.8517842292785645
-0.22580792193550359,1.5850133163039324,2.70064202423103,2.879800200360777,1.7174032911449562,0.34436946356475495,4.060886521056346,-2.783861465365262,-0.5272397388937904,-0.6404929730410949,-0.7008234470654937,-2.8345039122391458,-2.866499348951307,3.919316945411105,-3.828670458339038,0.7257116482937018,-0.05438506154737777,-2.5016885225399466,4.273842763223729,-1.8073414786288748,4.3331500024278276,-0.6752510645015546,3.678042277405022,0.4579770472532241,410.91045571340743,3.2537288665771484
-1.555281523182801,3.240773274373079,4.2303589433650695,-1.1022989877122606,-0.7682866381586972,-3.894618725206327,0.5013513031534034,-0.14412132862928306,1.5825671110738755,1.97851794431742,-2.8129001210218796,4.465897429958376,3.692375055263015,-3.260960359869104,0.6559705564461185,4.47561144121295,1.2571051142702618,1.5205020876131607,-0.5904158618298565,-0.4154178895871725,-2.3549504780533512,2.3341376642710614,-0.4079567892060041,-0.4728252561931354,458.4385742258014,3.9256021976470947
-0.7594562528967126,-3.388291596254363,1.1973653260084482,-2.199674188235933,0.9360066049239881,-4.996979060237469,4.01002798758202,4.372639469948571,-0.3116829049122636,-0.7076042229064203,0.7874842433367437,1.0654681303809408,1.4373936571823949,-0.7780114707914221,3.8511259781998257,-2.720800318963474,0.3902793346005531,-1.9268234698954352,-0.15955824351314085,2.4639719507776343,4.877247430095852,2.6398589426344383,3.4480229039849215,-1.448528921873545,399.3786994379032,4.363924741744995
-3.1530328385376807,-3.481495129102849,-3.1364437469356092,-2.664880531176065,3.5849764738431835,-5.093518332021919,1.6844803480642918,-0.31858887625261545,-3.400487420053116,1.0139748487834481,0.9370325353215785,4.06362982889,-1.0806160591675633,4.680601822534109,-1.2318463430189581,-3.4776594636973104,-2.1331298018728337,0.7069461514566937,0.5209056779436567,2.420567076572339,0.769556741947401,-0.006710792119512199,-3.810790823012422,-0.9275614971373782,400.4773157962415,4.770160675048828
-0.49749566364377973,-4.8249257071857246,-2.7745723248639234,-0.6613475766879517,1.5255685563960348,-4.490701267047387,0.8549731301506549,3.1895643346964073,-0.25959560961787354,-1.1918604393211023,2.633639435716155,-0.7039986810672021,3.0704637045012175,-2.1972742432367904,-1.2022954968064257,-4.845806233022148,-0.4994216933196922,-1.2402559643529845,4.138417139436819,1.7115834865301967,4.003781783926089,4.580364029877843,-1.034364495813704,-0.9297931252316642,404.10946352002065,5.676359176635742
-2.019110845018557,0.46666112152064443,0.06776453391559834,-3.5006041607386797,1.27132895640199,-2.1904643868770752,-0.8895991324562038,0.2019521753982021,-0.19970624520618152,2.8090059995480328,4.547425150180387,0.2325861963607645,-0.871760785180232,-3.1910997370654224,1.5174395338441675,2.561563194846765,4.702332689286425,-5.003375966383525,-1.2861642362428864,0.793378593319729,1.2790973164577926,2.6482932997911437,1.1537963310894472,0.10788988925658849,356.67730162690583,6.460778474807739
1.724586060066927,0.17509386961295448,-2.7879759132499453,-3.342576644062558,3.022470096813003,1.4891433237097678,1.8451358603925883,3.7237379325198114,3.9169924833005387,2.8522693410565205,-2.4556110377822917,3.160305365104958,-1.6660404322394142,3.8025805333253677,-0.3886872898446905,2.815722151509373,4.831929991081059,2.0919559113385136,3.321431589049216,-3.0695652744236,-2.634280248990738,1.5518289960668188,-2.5289940783453564,-3.4781999515275306,440.5598389974331,7.163851261138916
1.5773869826988083,0.2034784083505068,-2.1584275166090587,-4.40076158062551,3.3115803539529223,0.32697896187562225,2.2176308274480743,-2.327794592456693,-2.768659783750062,2.7407209453528667,4.285756630715544,-4.274526072257653,-3.414726294917535,2.293196534133335,-4.461718255954301,-0.2201827347808294,4.474397633494827,-0.7151452235904809,0.5968378021575544,2.440026933309081,1.9969129625499082,-1.8458486671044394,-4.101843942981576,-4.5294985634003035,505.96572465831457,8.036188125610352
-1.9557854371737546,-0.930814007860179,3.981086909268277,-2.806723209871716,1.3011667628732297,-3.940953454557465,-0.08623953298040377,-0.49056984904264045,4.685698805651712,2.264567829244702,3.2281967706222767,1.1844489341606534,-0.6708394991702917,4.776660493937732,-3.6509764657219703,0.676391122811582,5.12,-1.5421869559392425,-4.712984342640664,-4.158189804646162,2.672587997544002,-4.384098712524544,-3.764816044822491,-2.8856913338989023,457.7227969175506,8.848686456680298
-2.569388187486454,0.5884527084021318,-4.5433774221107575,-3.5167020983498487,4.480817499499595,-4.424924575395323,1.807268348159198,-0.9836600940076643,1.1740513573958662,1.8847335453864904,3.137572050436,-1.0544513363151546,-1.2887265571965547,-3.0452699542979484,4.03813868400525,2.902157215557911,4.480773906956929,-4.2913213860795825,2.058317693119238,-0.5692510139909226,2.1765742872019986,2.569793702411202,2.865544441858642,-0.8995573103115362,430.3665236628856,9.870549201965332
-2.317763267327435,1.38614364687529,1.8109678903886683,0.022510305105503114,-2.5161296394256016,3.5513808787630383,3.6800487109082267,3.0857209750033574,0.7229598208981232,2.789114362797494,-0.28185324108773724,3.450194602186607,-0.53215074281146,4.885657139316192,-1.675251871047505,1.2010809322608589,0.952788392472538,1.7052969329230105,1.4832841038583142,-2.2502049306577465,0.10732822531661235,0.15253952750742084,-3.5190020730720124,-3.2589275057429976,403.15573195823583,11.068803787231445
-2.313175008441168,-3.225318594752771,0.9804120691136902,3.2193891192061743,2.1565840134013214,5.11704807633572,-1.7441028493098214,4.9815512488528,0.6124099814547614,-0.8242596734598662,-0.8160009485897515,-2.509214826609878,-1.242560550954963,-0.33359074940711153,-2.314774614266274,4.211932528562035,4.790754464791013,-3.5858626213550844,4.996998071418113,0.2822171629122776,-0.5307505375024428,3.612265378666147,-3.8737614695518534,1.4468693891235702,450.9190301574684,12.00562596321106
-2.371724409312559,-0.5413977578006364,3.21996638959338,-3.9633233459928254,4.693518133350053,0.09077251861008584,-2.6045393564322596,0.3119818207206029,0.835570899742315,2.7329739231059316,-3.588322976034851,-0.7867017459439829,1.8709639581163353,1.1150817078949569,-1.9220955250066636,1.9734832953024997,-2.156691945126019,4.221610802080201,4.282853353907401,4.0293878740645726,-3.3175123777577378,0.37138714759657443,-0.042590374558918676,-3.6791086100844583,388.07853612207373,13.068126201629639
-2.3091937099061006,-1.3157357334662207,2.512198841020197,-2.8353999639685092,-3.162620674763229,1.2433792375314203,4.485887509149532,1.041626237023788,-1.4988803941761044,-0.13791065923527945,3.9521491690019923,2.7399728417920377,1.1069359064024358,2.859303279766201,-3.9639430613972215,-2.130125789024803,4.65657867773026,-4.877264992647983,3.9187215084176197,2.2836637501340773,3.4661918729496817,3.788161425834482,-1.3946132570897976,-3.9656263162647436,427.5802812957803,14.097311019897461
-2.3013711259942813,-0.651770678823862,-3.37994435060327,-2.827753628134802,2.5466594991062266,-4.050043322780894,-4.420450475067173,-1.6539467953332974,0.3962614234413966,-1.2654780964729406,3.2222735997998706,-2.624319285197421,-4.063584461988699,-0.5737649685108055,-4.039683045122477,0.2397780520949082,3.260603531337659,0.8245991710346958,1.9268695302972363,3.7611171876023333,0.7551723222753886,4.745225671501111,-3.0028204831364023,-1.7482750133024343,433.2141372412504,15.053448677062988
-2.3789835950911864,-0.9183919868504757,-1.2014520571314535,1.579464782781141,4.309983160513316,1.787545072978138,-3.379859666689769,2.850652163257511,-0.8390392923294119,2.926408336145559,-1.6712015713157768,4.077563529767041,-0.5289833014280267,0.30642753386417176,-0.7567517409918052,-4.682125991469908,4.591450739496055,-3.393655920360808,3.505531774309193,-3.6130133063718293,1.7539903530509342,2.51601196865112,-0.24422759542601735,2.2200048096654053,462.6378384843361,16.16282343864441
-2.2160365057054334,-0.7161077894800734,-2.9011600501735084,-3.1009338714851427,2.56404650049776,4.9767244654158675,-2.7043857409447503,-1.9127762541266198,0.6992483723635754,-4.847510813501781,4.841517656902703,3.6100944052513375,0.33099857123913434,-0.6827592967781477,-4.695129569291582,2.877199085904101,4.814904950440103,1.7564984994009611,2.116868750120428,-0.583241792194019,-1.7468053009013809,2.9895779172710517,-3.9927836319837033,3.617304227884609,435.9766119661406,17.459836959838867
-2.32791385598565,-0.028902120232194406,-3.44337857157857,-0.05873226995087144,2.738774551448186,1.917032549839945,-4.83548181660431,-2.85719008745529,0.07188754713334689,2.972038579046255,0.07806542025414576,0.4843540973144931,4.365340931881877,-1.2716351785188253,0.6187291895070697,-2.2650587885798283,4.754345856873127,-1.0809429674790128,-0.27965973862744953,-3.484608722361506,-0.5584011232360515,1.9037482934246555,-0.6533488095493976,-2.9695887359402837,358.3902272217513,18.534595251083374
-2.333488841547065,-1.0671028172648773,2.699356678440756,1.5529546476519984,3.2222521373556576,2.2275321654329927,1.9092922125410867,-4.033847025165944,2.156553676713048,2.679919096093446,4.668973180806803,-1.7332162165495002,-1.1512852258872743,-0.09274359182057523,3.41433165722031,-2.2882981869388783,0.45014478369260047,-0.25785026837604264,1.6557622849638696,-0.7527496352203293,1.0451558429446184,4.959799668416177,-4.1702701684206085,-4.243346794585634,390.5709509828622,19.06087327003479
-1.315950241331636,3.803503224420079,4.7826959437470515,0.47235386344661645,2.970971802210884,0.24947613396732748,-3.375498477690538,3.390067351435534,1.7937977085821766,4.441586038198699,1.7182346591789512,-2.602423633030508,2.958297173114471,3.910252631470793,-2.890716761647373,-2.827237295162664,4.114869633943582,0.133099134920025,-2.975054977597517,3.864196039564594,0.41645042732174353,-0.6275946456960231,3.423685766228215,-0.9763286518257432,421.59837308094274,19.623427391052246
2.169778482904734,1.7693225560943597,-3.3473311014213536,-4.82139199827855,1.5759118853922631,5.088487184649185,-0.14818918471807851,-2.2665821800647956,4.517699268414527,1.1020664211911244,-3.431874290297979,-2.2395140053650304,-4.298769290173815,2.38502405297045,3.616742461335364,-4.982771758534167,4.523704237410338,-2.1976831741701193,-0.32515101711458794,1.2309941249692784,1.4874316970531574,-3.660287240482265,2.321843455732224,2.3966523329014935,516.8294084064618,20.81458044052124
-2.249079606576267,-0.412358810769633,1.4288022913999887,-4.3275164829472255,2.32925504000504,0.6826041909015848,4.725799015026502,-0.44650593839689634,0.8728893210696098,2.829663115385123,-1.5960565547082552,-3.9059172906825026,0.8744028673367543,-0.8293331510067654,0.2168118421964209,2.0223420668867025,4.759602899613271,2.2680253480922614,0.8936423585358417,-4.7421799856851194,4.169969138260112,0.67171204562203,0.7970926970046852,-3.1850263321902386,398.8327973423802,21.851045608520508
-2.2483560822420343,-0.7583226063495685,2.267824697813057,3.4570364279282826,2.730161089294188,-4.4808626018976945,4.435397251915156,1.924517388893305,-3.8608783318688937,2.8603769531278456,-0.1879740753681114,-3.857892642267423,-2.042158428649368,-0.13996428250253956,0.550237096733829,3.423823991145235,4.525558153553258,-2.3367352555679815,1.0747322543789597,-3.8789161726860133,-0.2041885603447806,4.0785666061228865,-2.362032924974132,1.958406614218208,421.21600908437557,23.514076709747314
-2.14818140375853,-2.0637994892239893,3.408114379587551,-3.5301317478024705,0.839762393991812,-1.6351435105629624,5.0564866168293845,-3.6655113482754533,-0.030878643859811206,-3.897196036515198,4.824869540745575,-1.598201771689142,-1.1513176253892499,-4.3020415030983985,2.9208069579644667,4.750779426215407,-2.6664824851309605,-1.3729684523775423,1.5300030307195343,-2.2151272170631513,-0.500587545242519,-4.598591268786222,0.04308456190690091,-2.9652159025677434,446.4696058706459,24.7938449382782
-2.519726435400336,2.9878167678374536,-3.233528639522839,-4.430693151781714,4.531835789865123,4.697681069982017,3.99448841405209,-1.522211610090249,-0.10605435906250005,1.3838002640174407,5.022374391278382,2.718694734094912,-4.223557576728312,-0.28327049523546677,-1.588668425712389,3.8414008761293728,0.7352113813367387,-1.313354500823475,1.3303415109353232,-2.3519102171511643,-3.8266336836580623,0.1418836781008075,-0.7000774972023756,4.3506171971840475,489.3704258535935,26.135064125061035
-2.27101709403075,-0.3671512718687042,-4.062413960393126,-3.6333337274460638,2.4602854566834527,1.331413808867742,-4.9487663407076345,2.993286143360147,4.082600506125522,5.010087489669014,3.7245059342424183,-4.023168631605635,-3.6582724213708637,-0.7141563666546986,4.24679394256579,0.7450604666999903,4.797044095666744,-2.094644664634091,1.3619443263880848,2.229683615022724,-2.667746852447455,4.886662519631442,2.6968075250200396,-3.6333977680249,489.03515807439703,27.416014432907104
-2.14216958016887,0.13724987656476895,-1.2281276045025349,2.6258456619777517,2.4459784723311406,1.118387915341179,2.6003027937414087,-4.0005282424167685,-1.1656780482024285,2.7527229693083815,0.30590633532220757,3.6203731703111,-4.246744206354983,4.060721588020223,-3.6439572608871327,-1.7328406506947496,4.589560627255573,-3.0358321269177337,0.3849038004464225,-0.07338232527165278,3.8193523716974314,-2.1044258093773967,3.3553698653123805,-3.2673179525621343,415.9765614526516,28.59705901145935
-2.370045522200337,3.033617657789141,4.1778779379134745,-3.328705708086394,3.0671948409800107,-2.6919391134107955,-4.882735085747604,1.7017632715481694,0.912600627364009,-5.097450355774105,3.7774587291823307,3.7129253346558544,1.9604396281296284,-3.9919320826050004,1.4309500793010237,-2.561614967009876,4.6355278011006495,-4.42053460104122,-0.3788067831237161,-4.121666101906768,1.764605057877798,3.5448892074061957,-3.4168499069422147,-3.6522641662781874,517.3602515923507,29.654327869415283
-2.2144739997158265,0.9123794336584039,3.85361712762895,-3.6322386889511664,2.697503032191368,1.9145375562129052,3.819404469071533,-3.891615357353083,0.9948752260480287,3.1502668512492784,4.542404629142713,2.2851605586746135,3.901486104746472,-1.7605230589997785,2.648576132205709,-2.966388143751192,4.546538465571499,-1.2398936282428212,4.2300845084165255,0.9772396938542753,-1.961679410355515,0.4608430855385821,-3.342558277917661,-3.084986197388425,401.77936801665817,31.011579990386963
-2.287544909024469,-0.995918835905309,5.003996334403838,-4.027243701855625,-1.6645487228145406,0.3202725894089431,2.353823490899133,-4.045035537271251,-1.027852017093351,2.8517825345919974,-0.07911637093965496,1.5930356608132783,3.7489347997025293,-4.0557021216322795,4.360136560375982,-3.1187891297021584,2.5903358199609743,-2.9720386453523826,0.4119499720499604,3.796030825171429,2.057225735380162,3.9939932176240243,-0.4432184491572819,-5.12,398.71328430414576,32.442826986312866
-2.019031635582297,-0.5742949907907393,-2.614380551309099,-2.456341726309353,3.4862792875296735,3.077068612002093,1.1952903504632797,4.230395679087846,0.5506460015579204,3.2569687169557637,1.7606201639508008,-1.4471186281714092,-1.3209694787354236,3.4746603532233253,-4.280383810551964,1.8941294425231128,0.7408173229625037,-3.3036144745736475,-3.364853643548801,1.278840190602308,1.7536668847446126,-3.2565584129516063,-4.476996080473534,-3.546714296173973,492.3245372344241,33.79268550872803
-2.366831692060215,1.4288459110455003,-3.102389089602709,-1.1027187676806802,2.2735494111910173,2.670784142650164,-4.074814504155785,-3.505418232935453,-2.3166737043185197,2.5968299535230646,-0.2149791301719306,-2.617175451939933,-1.7613285355896675,-1.8713381902235473,1.9932632354427264,-0.359253071510957,-4.792625811158065,0.49517597447089745,-1.1093003475129422,-1.421869172681515,-0.31874338499167365,4.402535306522753,-3.055896979574604,-3.1247078201338634,412.05843199906417,35.49844288825989
-2.0465409568371267,0.06444237094639682,-3.7135479482286025,3.001313740141012,-4.178211169653901,3.737779268425567,-2.4901623200690133,-0.8629794691461816,0.8520327854006959,2.6406653527830057,-2.1932878413939676,1.4261774146656228,3.0801429698125586,3.235756495252544,1.3900347797921437,-3.5554757007314928,5.12,-0.7278809536919457,5.042205347247726,3.757573929634794,-1.6114235937984733,-0.6764576763151133,1.9047005155824204,-3.988910958145263,407.80410733097864,37.09208130836487
-2.3025015154594097,-0.3461878270002856,2.670386142049945,-5.12,5.12,-0.6607337098106951,2.79769785516679,1.4344065290635983,0.42273169106127817,2.6526927193259144,0.9221661168958288,1.8388596058485795,-2.965055242892563,3.104658111408285,1.5398692143634012,-3.143820152624401,-3.4979158822569545,2.4000806762204236,-1.9847971489334864,-2.1010312766027472,1.7147678242788835,-3.6503935711870064,1.6359707318757133,-3.4549552402492796,435.925343645174,38.979639291763306
-2.397101799882128,1.7481556964560365,1.206011422916987,-3.943726424381974,-1.8821025959295792,3.235642648098792,3.9518680484168938,-0.09963634918303388,-0.2018301000430771,2.6709646697847624,1.0589689829953235,-4.850485152530713,-2.066527901034315,-3.1845340665703508,2.387429393332252,1.4536982948225559,5.12,0.6472396195812857,0.7360070667346648,0.6520264545245924,-0.05469072859127344,3.709642005251511,-4.304278300544035,-2.62230708153612,385.9331485063593,40.484041929244995
-2.354161093938613,0.6785797906524689,2.2244076626539115,-1.3670241729645518,4.577690384745217,2.0052931478352933,3.3800527007008467,-3.731462718322672,3.769762589907633,2.958950530162567,-2.184880336290598,-4.146299771202595,-4.7404873699222145,-0.18275230605298276,1.1503224216014587,3.0125920645844024,4.462205983011729,0.5084823907180418,1.8378319123886353,1.3700265129792726,0.40831532080060384,3.522200486039906,-4.971473034482977,-3.5654968888458436,477.8698533992545,42.033926248550415
-2.2172063745228807,-0.1158998570487606,-4.427350321558152,-2.4240090356732655,3.1115107469859735,-1.4929812760061019,-0.7308344274737149,-3.861344385838473,0.8013598609681596,2.659215841350992,-3.164796200728274,4.819881479433509,0.4265876859209161,-1.5865625803648844,2.1642534426343376,-4.312519564188982,5.12,-4.4417494099118695,-2.7064815746584086,-1.1808993196774713,-0.16223416953879077,0.02008776743217222,-1.0894955865430527,-3.4613518761164546,433.73093203309037,43.40082287788391
-2.2166716457510063,-1.7908159719715098,3.687935038715353,-0.3040211354709621,1.6954087024995763,0.145388289683563,1.3570563738849888,-0.23834115215941765,1.229029858601609,2.395968653905654,-1.6469112421146765,-2.1590613558478853,-1.8610600948015867,1.3016121944731358,4.912619686829427,4.645539091938574,4.656953071695516,4.525213421794869,-4.899591738438729,3.523938919268665,-0.10358340719123316,-0.7557932861558996,-3.4666274665249706,-3.990554254957158,454.75446392950454,45.270854234695435
-2.3191474430066847,-0.03540158746224087,-0.29698724465835813,4.971316450237892,3.079728935797063,-0.9863322668561922,-5.074072918285641,3.130169229943868,1.7331251298998076,2.546820353236966,-1.0800480543114972,-1.4840509077410768,-2.3350575518173096,3.340637270671839,-4.967879980284959,0.4897717296065274,4.693855194176485,-0.2876407597307953,0.578858167680254,3.4359593619263817,-3.934022276029199,3.183927432775765,3.9473173131906476,-3.5594232634324277,444.66320940856457,47.26217818260193
-2.277278346357848,0.4438598287698303,-1.900405762275616,-3.5523514961824594,2.8518648708453744,-0.3988082799017221,-4.263906253182614,-1.4797832496107968,5.107840671002385,2.604205662136043,-0.3547481175326199,-0.31308712348783807,4.853338636692292,-3.548676454098201,-1.216001855387994,1.2353249453943125,4.697085311804011,-2.2288970077383947,3.4039767386388116,-4.087739775110729,3.72650164708642,2.4644203535185616,4.107061343759038,0.6781040868840345,500.44596980316055,49.257458209991455
-1.7672490863310335,-1.0587939994280902,-4.494175382317334,-1.0025817225707971,2.86661010175162,-4.945389391392276,-1.3059750892385762,4.272549087927824,1.193564861616136,0.8758347987348563,-3.9473256970016433,0.04413333704795175,-2.7093813202054724,1.9772411280227074,-0.9292896718592019,0.9547277250068671,5.12,-1.0655865542900624,3.848917542035603,2.048800763894235,2.555311299318345,2.5031767928635054,-2.554470103100272,0.8131429146174467,331.0555221787333,51.10441303253174
-1.4064209969629466,-4.611213579071416,4.901346470704824,-4.149268127557015,3.0653989539136886,2.7649623562710826,1.0568307771452927,1.1358802279321107,1.1072613974355834,-1.2560593481079207,-2.1596155012310825,1.039806672159365,4.909245340559619,-4.427831339335361,-2.563405515560925,0.8741416682066943,5.12,-0.9894024496773071,1.5502121044950075,-2.2894827017116843,3.0394096201899172,1.790464662642468,-2.483016083516286,-2.8542810957587603,387.5788331439596,52.1523814201355
-2.2686181058102357,3.733055120090433,-2.7660345317547157,-4.753403941313005,3.1349428246238658,-0.25597668840066934,3.9186546390490866,2.822856370435016,1.1142032033885645,0.8026480880820808,-4.305354700119683,-2.6911774800494057,1.2587358827162465,-0.9358882862170459,-0.2503985319901183,-3.2324564704720475,4.726796262115179,-2.7735948057552484,3.4261571691318435,-0.1429337953629659,3.11425202204524,-0.7075112308303639,4.846674223154268,-0.9808454422974284,389.92678978732783,53.203096866607666
-2.722235166407563,5.1057229770773285,1.9346843897596342,-5.092011000011744,1.061370506146858,-3.6952074768752494,3.015378588754392,-4.307190159454338,-0.11050397259937217,2.1987092661759684,-4.2410859280133835,4.046483586012449,-0.044001092880907144,0.6970272640388302,-4.858647592899121,0.12673883208785242,5.0237465326516615,-1.8525910454955437,3.6542838218238645,-3.4667892127679827,1.3759778657273083,4.65293198882248,-1.4184714570228296,2.496926098076763,449.1728739689406,54.280418395996094
3.211720483227988,4.2718285573927846,1.6381622746189795,-2.291307538914662,3.9891411920011537,3.453086111354698,0.8308451321814188,-2.455405770763104,-3.4933868752073134,1.6574838941559396,3.560814389311715,-2.1187204695864277,0.6204272479628115,-3.3103243327455365,-0.4093287282299398,-3.849257763112762,3.3110203268057186,1.2333844708430375,4.18824465259823,-1.2104054892501996,-2.344470926245429,4.3730495071257165,-4.739231051793381,-4.402768580234051,528.6744649792993,55.62819528579712
-0.15894435042914346,-0.1888230450482009,3.3137565957046418,-0.779978782255168,0.49421232568637485,-2.8817536767868224,3.7468916436150073,-3.5337873955826087,-0.14133495249433548,-1.0062955599182626,-3.3258531276212553,2.9617067277178384,-4.475473080269592,0.3364537017048175,-3.52420790398148,0.4142959410286631,-1.8559229449657657,0.0014732682722868873,-3.7107791069743605,0.8014144725332253,3.7212260843914082,3.133320754833604,-2.0616658030140167,0.23141054760786695,371.48107557558717,56.98182725906372
3.6361417186737794,-3.1382364356826504,3.524615905686562,-2.248628276894936,4.211194289703083,4.6755846958049245,-2.6068738092871233,2.046175481913438,-3.5207294042764463,2.6548019507263634,-2.333608430891498,3.7236666160864837,1.689638247011235,-0.5545252786057526,2.9962955877222646,3.433370659216801,3.4428014206835504,-2.344141096603096,-1.8642194390520168,-1.0007361277787705,-1.960124893324267,0.38369815969022714,3.6397994299161107,-3.053006512505031,479.9496957795545,58.41512989997864
-0.792435595795447,-3.7683285491265632,-3.058852790590484,1.768604917245228,2.4387038345751515,2.866039615290836,2.2325405910784015,4.364714436293565,1.6260965834581889,4.222121506834017,1.457276220037448,5.070568330545574,-4.992797184462327,-1.1271844969659868,-0.7144130570029574,-2.301972900998564,4.837531040860408,-0.04781849674514227,1.441037403158571,2.695842559989911,-0.02046604655533013,-3.1205056694267985,1.5539458900049734,-2.312838428207636,418.23125035074315,59.871886253356934
-2.6967976379587544,-4.878328764835252,-3.219243062892467,0.1686790323659224,4.9470369471403055,-1.034427041584097,3.425444366749601,0.5622844213474618,0.914621246421679,2.5959295106330966,0.43851309774870817,-3.9404342970474007,-4.019747144065274,-4.531071662727569,3.5172921414069434,1.008362611794416,-2.5324433641012316,2.4241849997205644,-4.169457054106428,4.285340093060797,-2.743618332731648,1.0753422659679321,-2.8597822904861783,-4.016519958410352,452.32663045480547,61.329933404922485
-0.9548748133583294,-1.562213462350074,-3.3697425698475807,-0.028182927222452747,3.2964880128792364,4.034402306793994,1.9080796209004687,3.9272373054373615,2.2596171243693037,4.138637475551461,-3.6069327486378175,0.12067789364587522,-1.654369360455533,-0.45468318641076966,0.35770675691331544,4.42643898533922,4.796360198165854,4.615266574467369,-0.3835728230583051,-4.753557164845198,0.3700387059284136,-3.0911652631027,4.097750619824882,0.344119339456217,457.7631758399418,62.812443256378174
-4.214159787524538,-1.146991459708603,0.5883523667069532,4.5638816504659525,3.6829009825833845,1.3530130969992937,1.5496479726523047,4.088682329421833,-3.269523801239912,0.01983213925039884,4.061502300063283,-4.0518511074901875,3.317548501960162,3.6983107000749156,4.898471773661492,1.3965240327225787,-2.0074695574657593,-3.240179553238887,3.8840464430050696,-1.0589882794589265,0.5114182662911801,-2.1111089245955936,3.240895260883547,-2.3169213502174677,439.1502809426863,64.32438015937805
-3.4394100075514586,-3.9381239027278934,-3.5995378887573017,-3.570137819615711,2.333708077623835,-1.9990298642556894,-0.7598192317555679,0.16405126461230424,0.6608807373542867,-1.405053470126548,-4.905397425262487,0.755269106644457,-4.163384365480672,-3.5060133172755386,-2.0880626300198895,-0.3677857553292805,3.825862116666211,-0.28346341706730627,1.2275606634668348,2.2691698390932675,0.3896585281813101,2.0087299042257145,-4.249159608854024,-0.6854727776212863,421.6954720903301,65.8766417503357
-1.4661120827063128,-3.3313145608372325,4.894226960797416,-2.054551066824126,3.402042476913322,5.088774733672426,-5.027264114453403,-4.945867624871413,1.6727073413943234,-0.43380273299060956,-4.051025952424761,2.587465118434385,2.1198127898219514,0.20721000225593222,2.1036956507465785,0.5588385275059942,4.842362112270254,0.5798415009320159,-2.785248719663851,-1.853254241383624,2.341309039168075,-3.428802642489911,-3.9299089323736607,-3.863887620548905,462.50990333985214,67.448233127594
-1.115922696095672,1.7197370785140889,-4.978410712076686,-4.943301530172538,3.985772155748207,1.220711818247736,-1.886422886908119,-0.39328642584714846,0.7114219550537193,-1.7522163660987444,1.9961770255317743,-5.004330825981648,1.7253654456332912,-0.8850122935215436,-3.1102474578661776,4.902230469112383,4.236325810598477,-3.822365836384961,1.741776839428927,4.271975020353936,-0.26375787126147987,3.5485131234595793,2.2444465783450145,2.1645292469599626,386.4617378370271,69.25898241996765
-1.3751482786821536,4.59801629593277,-0.20761435956807084,4.357387999087652,2.5867767422189996,2.1505293004151884,-4.094993595887385,3.0869255115832983,-1.598158910821724,2.640598293559706,3.9307586072389418,-3.9927132994717045,3.4202317669003532,3.0329055248907286,-0.7946418700050026,1.33840802844023,3.8264809276328373,-2.661028835765009,0.105187396665257,-3.1888491958432557,4.089554070563062,3.358214698869122,1.928472251583421,-1.2352964394370076,427.6751928838143,71.12944793701172
-2.299718462326968,-3.600327253121338,-3.457673868355821,1.5469470258006757,2.928507777752322,-4.798813558961093,4.559032044356852,2.379954240296696,-0.5654499983327597,3.309508020007997,4.428061503807853,-0.024903493515071595,4.0090422213066015,2.643243983123716,-4.938720571744275,-3.113454586507459,5.038471097380422,-0.641109869952043,-0.4231903653611342,2.889897696027007,0.48824952213931994,-3.914387192695595,-3.0111827564314293,-2.377848375631631,505.94642067780234,72.80307579040527
1.3326243959505018,-1.732789271153218,-0.9875429816342693,3.6662115867549057,-1.1023215996101081,1.3359837252577709,-3.307835637762889,1.6737080006764495,-2.6285767860630544,0.3608911018209495,4.951967352227734,-2.051198746195186,0.593120031047591,-3.683830829822613,4.48189894766871,-2.811269986031545,0.6721909157653885,0.9916063914577027,3.127943649594493,1.3567282520905586,3.9683284494829634,-1.9551228748741125,-3.379575652554017,-1.7165153638085515,403.80637708441594,74.6032783985138
-4.470473132899358,-4.610175466430045,-1.2882594675055263,3.946415050211294,-1.9048259989120182,1.7382220413960319,-3.45894083795682,0.028596372032041018,4.57535026416624,0.8738381145018339,-1.6066008367366855,0.5762099324017029,-3.0731612459024786,-4.163868286273481,4.834238530651608,4.720986705168474,-3.802692427626768,0.8896788218923408,-3.0672727280371004,-2.3220668173398935,-2.6737372124874397,4.974298134403486,2.6879242356086284,4.5957412362173224,499.547146164007,76.37188029289246
-0.1203689542847588,-1.82889197579901,3.157700419355769,-2.997395743992284,1.264986168519596,-2.7244291166184875,0.32278051493714166,-1.3333960789734163,-0.2417592066921994,-2.3191180922833263,-2.4336157941102163,2.487373448549315,-1.0590583931219122,-0.9331519215392063,-0.7939025994823865,-1.5806622481210657,-1.0822703950312915,-1.7321615200722276,-4.727622059195483,2.3081648417272334,3.7654430045735223,1.3164999944214415,-2.9529535476044253,-1.0828050344119386,330.60747724678623,78.17406725883484
-0.545771929669332,-3.4039087843509828,4.304076633420585,2.8355933088119682,2.125734730588089,-3.4194785216003494,-4.915970520529023,-4.454123136293647,0.05318282296174637,-0.9002939470092182,-1.735346983087331,-3.9558658096684827,3.919384082824325,1.524463504361539,-4.047374681619376,-3.5804332420391844,-0.4384009579889572,-3.630505952912575,-3.5179116762206317,-2.8957742384422427,3.1644887724508193,2.6051678950521833,0.3478603177123283,0.15852517287945478,470.076607640575,79.71594548225403
-0.3123942518890006,4.934577261793014,-4.892856498215415,-0.2732674015984138,-0.17320846551848845,0.8517937794165702,1.8149241141076553,0.031042151036428933,0.4683875062738423,-0.9098573609791263,4.1154938942751675,4.777766042344642,1.3759309950049348,-3.994507456506679,-2.6676488784290693,4.583305506280248,-1.699120170918163,-1.250552431745135,-2.4798964809049773,-1.918418615375543,3.8061504270665543,-3.869766980097356,0.6799051380730816,-1.0557096035582525,380.35950343631913,81.85255742073059
2.8173875554476515,3.867527868806982,-4.288677789938525,-2.5277156340258653,-0.9884056790947113,-2.9601122009069747,1.8491947546478151,-2.8098520279774863,3.381036667935521,-4.7692357171214175,-1.2140520438380067,-4.847234421453181,4.747726746685362,2.8970516165284215,1.4029101064996885,-3.5081269368845494,1.0958782135137533,-4.450137684567294,5.071092578871041,0.7605765825180537,3.0490200284827766,4.139568917595059,-3.042930793898481,1.2877656862367806,446.85821145872114,83.8975293636322
5.044194497403811,-2.4564109330960147,1.051128237216922,1.8253699707070465,2.165469325763558,-3.7386825327623727,-2.783752890232569,2.5572764553615412,0.2899986949808344,4.214738378319374,2.194651120684905,4.691983703779859,2.359158308536645,4.861654074442938,-0.83037391529502,2.2760181713034555,0.021012894574004015,-0.27055558285540116,-1.0521537384873545,3.396789713347883,1.6341500241773987,-3.5085268149304563,0.452898572048805,3.5124083211177455,440.88951359020746,86.3270742893219
-1.9303532136706503,-2.561287111955073,3.136400707682209,-3.818002743164802,2.173008226118574,2.353891832867845,0.31520283640972124,-4.3827601645330505,4.410643781109958,-4.137946225709626,-0.5579765321500005,-1.1597430210199025,0.5906562539181541,4.638079426530385,3.8849815308305446,0.2854824603591828,-5.0088327878582515,2.6981832368731524,-5.008638372631456,2.355241129108024,-2.209152639204697,-3.105431198036842,1.9866870082540515,-0.6266084464457569,455.28042718566513,89.52761387825012
