1.5780557233033434,4.453548310389489,-4.183831251745784,-1.6096761814818348,-3.1924655851739985,2.930037376425699,-4.827074954409595,-2.713471615920044,1.7683633395952727,-3.881749184902385,-4.433066984689342,-0.6706610932958617,0.6766292158274281,-1.3120702726062263,4.802780045660845,4.486252610532087,2.8512668276700124,-2.9894961961727526,-2.1240452178613265,-4.780983224493869,-0.9640517758769507,1.3985353026177645,-2.992724959975877,-0.3688817084789564,469.53220825056826,0.7438206672668457
-2.0570151752791435,4.151340529095074,-0.9436402046056296,-0.8029483901285968,0.6901213453126083,3.9444730495730296,5.12,2.9774826427727765,2.129598909106786,-0.8435175490925424,-1.9257590814496126,1.7798420130507466,-5.12,-0.15904472835007955,-5.12,-2.0244199881113114,-0.3120568783863167,4.040285747590066,-4.662852775396485,2.9074581636805368,3.540386409950737,-0.8050247221469844,0.7368638466026516,-0.33087509268338167,342.3854158189812,1.9455115795135498
-0.10699476210711367,1.3255161669473354,3.017276044713179,3.8245890051579954,-1.2650518709313037,4.039258716629116,0.9553309169824056,-1.5523441900969361,2.69306842122578,-0.8659271472672945,0.9174152433077039,-2.2355499887192583,2.701854561061923,3.7204779429623924,-4.3903159913548775,-2.771295869118336,0.8868746008583495,-2.8661095365125973,-3.2303398285918847,-1.4236904164797703,-0.6143181229112429,-3.9255442273571184,1.265254899456636,-0.03628872025570473,342.5961618398421,3.026366949081421
3.314474029610385,4.0578598241591015,-0.3558419222206366,3.645359298766354,-0.5937438377667359,2.3671784955361463,1.3067320488576915,2.878965376431638,1.6089227906289691,-0.7872634320974194,0.7926565200209525,-1.2993781054440467,2.8332699454215433,-3.0581610315814256,-4.425348958604748,-5.12,-2.0504161578087134,4.883754349058882,1.8150400683220447,1.2533429747899447,-3.089761790579415,-4.860972474608532,-0.4390387147829511,0.611319901458006,424.8027402795752,3.9817538261413574
0.4398167042968568,2.176029379168308,-4.697590637970077,-4.473812231738019,-0.9894501485486744,3.7149682209297827,5.006149198181746,1.3666897890373129,2.9833131812241787,-1.7096691972230622,0.09072789190568376,4.9232775011982595,-1.5151901037679494,-1.83661585246062,-4.59242776855115,-2.2596610560401023,0.6942094567913362,0.6922100549115306,-5.12,-3.241973550949198,-4.504961445318633,-3.8696751156080142,1.5346157414291888,-1.3187873867502784,485.8569129339721,4.952101945877075
-1.911551518708848,4.6725377145309706,0.02806190571721956,-1.018291545169907,-0.5687502491078833,-0.656004290000257,1.0478944616988226,-1.7724383567875344,4.918938721265861,-2.280398647148396,-1.4942094091818166,-3.121779116078247,-0.8118718004331003,4.309532036899662,-1.8151833813307787,-2.1886894265357593,-0.044296998663285514,-0.43147934998004267,-3.990710677342653,-2.2584897934357495,0.7241396800409712,-4.432026734779455,0.341532858974106,-0.07010633706307345,347.0173592138298,5.685012102127075
-4.643306074600857,-2.6965241748489275,1.7288195531437989,-2.7737151704364793,-1.722602260368446,-0.36269514241985323,1.4163974756186688,1.4472004731216863,-3.8909791469739954,1.6312126396469573,4.863845233136943,-0.011950614845519958,4.908119589943927,-0.5857261911892264,-1.591429316918414,1.0745563167440961,-0.0716359652536136,-3.8304760331079715,1.3328784186353895,0.16899060420305645,3.195864765000061,4.8481650953240285,0.37533197182794886,-0.1132904499513181,401.1615641853062,6.333153009414673
3.430432839943177,3.486725892768333,-3.955317810755752,2.4334845535524776,3.8936506373348143,3.2279714054627417,4.319264911659915,-1.537584605638124,4.760790799623098,4.849501056844081,-3.671597460492091,0.9314799751931515,-1.823229819161611,-3.9752706870813874,-4.670098466222346,-2.673446295003383,-0.2590718294497236,4.490049053808829,-5.12,-3.2188422698150356,-2.33296458465978,-4.670557199348766,0.5045218750698188,-0.03680088312804042,543.8629846942016,7.019031047821045
2.6705418279392577,4.264845717149384,-4.22056584986585,-4.760720136183453,0.058436201402843224,-0.511293861935946,5.013924654513091,0.24265408074926498,4.1947728882737705,2.841032573694698,5.105326535238247,1.5175657956945505,-0.20687229537896012,0.5613544957882244,-0.8719540096042753,4.927021818173549,0.5971811797166717,-2.2702504575300075,-4.603947223649338,-3.460631565975011,0.7842733510386903,2.571271061622161,-4.614868294616696,-0.3486215186135331,502.65870450812696,7.735890865325928
-3.837205132620374,4.246404515169956,5.115763179131249,1.129303358391704,-3.4131973311408275,-3.9810356805004847,-4.0617617501355205,-0.9379773989088163,4.82025937220006,3.811025884486596,5.026077694419418,-1.7209902496608813,-3.2598890616817062,0.4773253267945252,3.2044987050656415,-2.039020628737302,-0.18675287990223222,-2.7337308009727623,-4.372743459927558,-0.02579783305721861,2.3382739036508573,3.1885871629140086,2.386885980201555,1.4314400765793813,441.03534354708313,8.359440565109253
3.6765669510822603,-0.543525991074973,-2.1393759120895277,-1.448312456043881,3.558755442087823,-1.3554602644884595,5.011666143403121,4.414957115273723,0.15234705713416208,-2.517373838019427,-0.6086787442278823,-1.4447624264650778,0.6038941530417326,-1.224299468671362,2.6284503401031145,-4.7126377967087265,-0.3288906581525639,-3.460671673600238,-2.0630588304449113,2.305367191605816,-1.1488126454857603,-1.7369916240677439,-2.148858236182984,-0.34182002957973623,461.3440751063942,9.114297866821289
2.591516693919834,3.92956034244371,-3.2350288120802118,0.16249700165462322,4.452993741303357,2.7783682921991053,0.6965326184476339,-4.209497937540814,4.240603991704881,-1.361660132319701,-2.3736172951910666,-2.506765472173435,3.461735600769793,5.088556747008917,1.2655819778807214,-2.0383321958636227,-0.17823699111830393,3.42928074858309,-4.978629990596835,3.847829449761277,3.633548117776745,-2.0413305047944745,-0.3308325718761953,-0.20666501625843292,467.9976196495278,9.925215244293213
-4.218897634394935,-2.7957834117233524,-5.0053909134729855,-0.7087568436701233,0.8939675383904868,-1.4061002880418836,0.9891655011258669,-2.233226744795638,0.8706975157030934,-0.5920435707239431,3.489835361366562,-3.984836132185069,-2.6746580325876286,-0.444834633631646,-4.847301473709971,2.990591401970085,-3.035112444605039,-1.7083248649946068,-1.3452765435520253,-0.0039307221802635794,1.2041737427559793,-3.7823507554089164,1.6643071145238002,-0.04496434070348876,357.44703772155594,10.827344179153442
3.1081027587064947,1.5883282790098399,-0.4867169510899343,2.7339732466935844,-0.6735912611916985,1.6087474176874972,1.1087473895645994,4.416247308346729,4.776945112366751,-1.050111867064821,-1.245921609518939,-3.4467755162850784,-2.2789005310956236,-1.5787014933964172,3.458746825268995,-4.266910659278517,-3.7910888835080057,-1.6225919344581672,3.196793764611084,4.943630154111607,3.2817576427253785,-1.848434644868573,3.6321652124555497,-0.030986940973278365,467.29103527120856,11.876923561096191
4.9488173405343625,-2.482456092325415,-3.461160057431269,1.2331136120260906,0.31568421536588076,-0.04618156829359776,0.9220779479876242,2.0087879698548496,1.9393088628624628,0.730656261723996,5.040189059192374,-4.071372185585508,-4.929790853160817,2.563361598635753,-2.197510452681853,4.680127489335345,-1.5132399112169224,-2.523809067047489,0.47290433275810617,-1.5701854795508279,-4.964905851698349,-4.003660214916055,-3.0560731858143577,0.9395238610342673,414.7362624686644,13.032577276229858
-2.016207678891063,-3.862264410369579,-4.914389012061789,1.2673208556379523,-4.798532209444895,-4.036149982262706,0.835272183287076,0.153851922058708,4.825480541609061,4.986871168912885,-0.7001468298378963,3.938668667502477,-4.9831348587610265,3.2938413546928933,-3.369383402490814,0.18633911763286193,0.2967231507547341,-3.440319893954131,-0.58042169571966,-1.6383920929273517,0.6470226570626343,2.8746412768786813,2.8103601645901097,0.590189687978186,426.50249992711076,14.10437560081482
-4.216816354703007,0.3744523661870547,-2.2759493796792847,1.4060689980660142,-4.386361359471592,-1.789840421966019,1.0498345274595149,3.373737120848637,3.9012031359767567,1.2184400530034445,4.8006915261455,-2.2451334920152988,0.6811861966749975,-4.051785798685857,-1.8646189892401424,2.0230733210904113,-1.3742447936760556,-1.9609509170764174,-3.6107736959895185,-3.7709150189459217,-3.1148753252615786,-1.79556718035494,-0.11685988128109859,-0.05950334659812562,373.99401020740635,15.369409084320068
-1.0540229655163227,2.8815074605812976,1.0563313439336124,4.3221761720086365,-3.5632437336833442,3.757810994631531,2.9129955517367554,3.814491630198055,2.1899895369754647,-2.9653990900863967,-4.920461149564836,-3.301654669670315,4.958351288317146,1.7219363195494397,-1.5541594615587115,-2.0442847499772796,-1.708996735344011,-1.9029916009337189,-4.533759779538099,-4.048853119898482,-3.330007404907729,-4.775397231857719,3.3444844295475837,0.2263475537143167,439.79988571779086,16.424424171447754
-3.136834020984434,-4.204699232574221,1.351387537250056,3.836489633171829,0.11842799020248318,-0.07832167977767401,0.8468995284556158,-4.154973582272932,-2.414706043877773,-1.2113518246475987,1.5877041878000702,3.002003056829536,-2.4906166417742304,-0.8127659399699994,-4.115726222614592,0.2929848339984815,2.4131962274272185,-1.459631399373917,-3.484902894906173,-1.8106316941179057,-3.425111506560931,-0.1560298863557641,3.71476511885914,-0.027197427385356576,383.85473274003067,17.442063093185425
-4.699988627462384,0.32408604516168094,-4.259995598194353,-1.7817695489128442,-1.4317314510787513,3.074476607279869,0.7419118120931172,-4.525589422942337,-3.287024052583966,1.8342363361295941,2.878171208352147,-4.298339004875151,-4.727805030770087,0.5217593370544531,-2.6333155552891028,-2.5884053455510365,-1.8161815120660356,-3.9195031871616255,-0.16738068152520924,-2.005790415375715,0.568447668626491,-2.4410837319318013,-3.4318487747021638,-0.0627211711864808,460.8416406539463,18.221017122268677
3.228818710854095,-2.891308017305414,-2.598766905406795,2.227149225538599,3.152135279905708,-3.281421229888551,0.9546205659487548,2.504423591396603,-0.8331110911857875,2.855076923477494,2.7123851122262463,-0.29589392039371276,2.2424586879861748,0.4123133961077432,3.1937252806155874,-2.5309827567734904,0.8869347834461152,-2.8684028455455053,4.55321818593607,-0.9239212915288348,1.0655923155524762,3.6972035227414954,4.618371259201868,-0.03623430871424205,383.81381595583923,18.97647190093994
-3.99572324350434,-2.887052252842749,-0.9404750464548002,3.1955226082987958,3.4728221976239473,-0.7585386062039188,1.0759907294302744,-0.8613976852202221,-0.6565914123065113,-4.024705244891688,-4.567619998378381,5.1101016956200285,4.912333993010205,-3.3570506324504437,-0.10156475034548773,4.984082649795698,-0.031123568817230662,-0.9637482765001577,1.636619675983649,-4.685718021596786,2.8187956675920613,-2.093488665361601,3.2169446499523184,-0.0589324518680403,369.59613623792364,19.692523956298828
2.4845968179685336,3.2550300278901654,2.2398750721899425,-3.93035314958819,-0.08734244323012508,4.930490285048559,5.044023098080287,3.019638070092639,2.768485158538347,-1.3458338349029044,-3.740839586980777,-3.990623712188076,-1.4935738766169182,4.355194436638928,2.138603810535243,1.252855076300409,-0.2926772115750831,4.54764314706395,-3.8136431868695553,2.371765917394372,-1.5343181793807905,3.365612148147478,-5.018323400621933,-0.3495737785250066,478.7460023489508,20.794997692108154
-1.9417063643740051,2.355592454738737,-4.561458846308096,-3.891237960300396,-4.461554518418099,4.487878526962786,1.0530316488609799,0.22252314517129523,-3.35508502359503,0.5814147043507969,-3.8466497373888258,-4.253576640240073,-0.47476685302291255,-0.17830828989488268,-3.80530293973563,4.181457525592896,0.02107403870074087,2.5069686735026426,2.23536598539597,4.8643299372265405,3.5823045126024793,-3.518504944836938,1.5524422066402792,-0.029424483619742148,490.738393515388,21.612079620361328
-0.3210783438516307,0.6336327273584006,1.839768574166861,1.1006172291548229,3.561052893502475,-4.266306246953736,-0.9540179588480928,-4.153335681014964,-1.4112702011880334,-2.5194133598103883,0.4978519876758636,-3.999775519305482,-3.106387155439345,-2.464773816214867,0.912490289981422,2.2405279033704684,0.8871029621280533,-2.8656666557484662,3.807730954865124,5.112685162189286,-1.3259699799791558,-4.258059119092366,-3.191770175937193,-0.03726114999557417,390.224149499318,22.784302473068237
-0.23113843259388211,3.769036627021232,3.8890288853097212,4.3702562437782335,-3.9333357513959357,-2.5746865406074986,0.7181669849723731,-3.008222751212197,-0.5664583044128753,4.3524726548687775,-0.7670040875435324,-4.665327856774215,-1.4014130250137895,1.6869751202784053,-3.2646550849418325,2.6834540441353925,0.6158366830503255,-1.7132086455915374,-0.9621232616152922,0.2268860343339698,4.731347252015957,-3.069706338283116,2.1044697177390335,-0.07347801998088066,423.528247404992,23.770277500152588
-3.349584884279271,-0.5046275370643256,1.866391180349102,-3.764019588373139,-0.06376503699916469,-5.05122798897979,0.7045321222737231,2.839450649164247,3.495214910791261,3.66867280896913,1.5300279454228436,0.7759814747298472,-1.6606456935784473,2.579796549610336,-0.00444280485775117,-4.022777535505796,1.74895593209947,-1.6894874535610689,0.7263167058197944,-2.776258720257391,-0.7989977781530051,2.862265284714428,0.927653416238539,-0.05522114892651153,361.3472947849446,24.65686845779419
4.830503530952746,-1.487364641959969,-3.856899797110262,1.0525665731577787,-4.236602999619365,2.998969386902565,-4.960393417547616,-1.2951107431756186,1.289871603248189,-4.387613155025065,-3.8150235495042466,3.329548497335611,-0.05606225406907672,1.9770406567923366,1.0206330569591602,-3.9390064203698247,1.0003096960560685,-1.8088820642614287,4.93002675560805,-4.782197537522937,-1.0387367535914178,-4.730903695200411,1.5338073227996656,-0.07992243261586207,391.01331532240425,25.736305713653564
-2.961707849409361,-2.035347967997085,-3.1707003349412677,3.1038983930640294,-4.765705577934282,-3.6939415520265166,-4.46523243804812,-2.6460363829773783,3.3954336696731895,3.9616761461896557,-3.215101092397887,-0.759850808009026,2.272029632273406,1.4269552001669092,3.27791545768891,4.941787864007087,1.8316723354098103,-1.8317503309625183,-3.302738114053641,3.615785176971701,-0.8925523255217707,0.33691700001006897,0.5241780297472864,-0.01279738416488918,430.76169823103265,26.723256826400757
-0.22934869981990058,-1.8702115286133956,2.3120760636588953,-1.5566784226341253,4.0141275499349165,-2.5144867942928744,1.939364254167283,3.1863188765888895,-2.6003839855690147,2.0484372294771402,-4.262266235087425,3.426846493288335,-5.013001550425583,2.696264661270968,-2.073857456140298,0.8786120312043053,0.5734606923211523,-1.7872647346600026,-3.857187989415289,-3.7637903438393048,-0.8338752929313644,0.36068231817157415,1.5955324209384196,-0.07880163531809448,379.602885010768,28.09529972076416
-1.782003990663703,-1.2984404976146635,-2.270664947817366,1.317070938366669,3.2967163094875085,5.077003170739375,-1.1519412378120855,0.7323939863173381,-0.14601693083937484,-1.9652717778625233,2.872791304139744,4.225507107551244,-5.031181878455725,2.6865396042556107,-5.12,-2.322010989908618,-0.32609578248339055,4.57240317344399,1.787919244185125,1.8321083806520244,4.593972748658424,-0.30114149770071297,3.2372680573985972,-0.3420369352867496,428.72967518396104,29.53006649017334
-3.975763297645162,-1.801725391108966,-0.3895336916593397,4.6313787425834105,3.2001290267844835,2.9159017284048074,-0.1457815881804212,1.4069148594776815,0.5615371727572622,-0.013985566812113603,-2.1522702616313785,4.5791427486719884,-5.075880338866994,0.034104284834020504,1.5171666699337907,4.728489827054907,0.8230034177057428,-1.8659035744985295,1.088591271642052,-2.5489961757838064,0.10668563797882058,2.102611816918537,1.3105661560014505,-0.00689529687188184,350.46383331360437,30.616719961166382
-1.8768540424084228,2.0541664221632914,-2.9941080581623,0.1697946070008287,3.028301202060983,-2.907182304257439,-0.21372327483985654,1.0951280121092068,-3.486123361472992,2.8658785936385014,1.1294276749271077,0.7888498114272302,-0.8096247457195371,4.373859513017487,3.537774608839256,-4.287455079683193,-0.37405660895930115,-1.6320765301421183,-1.5609119367884596,-4.193382801395867,-0.6246087493655965,1.415064455951236,1.3183798514928968,-0.05379637062619569,354.82593291935666,31.889369010925293
-4.255911564676589,-2.273775750747851,-3.0971800646977266,-3.9585312548453455,3.562346785802016,3.3070444976534725,-4.5587574931799795,-1.2382110110199274,-0.44763118232327415,2.6057836210313736,-2.581686769125115,-4.2207159837965005,-1.0518095390965003,3.7164049057939783,-1.3162893463345462,-5.057130994670177,4.706176110081805,-2.2785013916296752,-4.789712800682303,-2.9999444424213753,1.3325587420344132,4.939690161025822,1.6427824118873513,-0.008894944213999167,497.15160810397884,33.75613045692444
3.6078342753810224,-0.9339166163645176,4.740132281731772,-1.2864974298626293,-3.0832970679604585,3.3091764040593086,0.5187349872712232,2.9565124157538802,-3.2533951278822304,-4.094800915437162,1.1357956099704607,3.586955215454922,1.7214715246134267,-1.334119548846628,3.332645430078167,0.9156167908544468,-0.6813995766396683,-2.2291562628770873,-2.191393601979562,-4.187721780144248,-0.22594430696563617,1.6427394149656518,5.067838988810265,0.009958173482430333,396.86201251706825,35.783748626708984
-2.4739428336241684,-4.3120856602604185,-3.8540977160988645,-4.6175130875758335,3.7011768499969326,2.842723021337809,0.6797032951939492,-1.5522015052753808,0.5831720202832562,-1.7676440245623963,2.1306530441094127,-3.6546754298792186,-2.151395373354223,3.211337129831789,-0.5529074190805865,-3.5919877955585457,0.7600876862904844,-1.1465278939976948,2.136636877459316,-4.305524162671818,-0.3332407009201299,4.7676124932108666,3.8268321597698813,1.761925288354547,471.57005846865843,37.435145139694214
-1.2860753561446079,-2.68225592550216,3.4629673992295826,-5.088688456284714,-3.8732080699735194,-3.053806200863214,0.634697810178217,-4.923661163088004,-4.937622650486742,-0.17347970401119372,-4.109318928297121,-4.2358044291301296,-3.240038438145519,-4.25811677540617,-0.026976201646989217,-5.105044364545408,0.2611926438056056,2.1595366009218893,-2.4295160742895927,-3.0508095479651214,0.1869569898183281,-4.838319507905253,1.8423455563552542,-0.5322250644919064,435.33767905411406,38.6068115234375
0.2840277691890618,1.5673129734113704,-4.265381909752104,2.0375852376545573,-2.4726398143827444,1.8219842605452934,0.6987248942634903,-1.531511174992508,3.966704703637425,-3.3668853895226114,1.6937503097238755,-2.336719252691365,3.314016859942071,4.475124901413486,2.3445250645233946,-4.379058473266412,3.7074651962145078,-1.4618874735922645,4.658267512055139,-1.507889353017851,-0.7076606049208332,0.691383614588367,0.7040784332579122,-0.017687925514127123,489.6299280328831,39.909544229507446
2.7512177287722137,-4.373042618455919,0.3877672315937275,2.6450446466370234,-0.9077725772809506,3.8838351330308347,0.7130559180905838,-1.475082200076546,-1.5740443782464384,4.424929219800977,4.00900213232229,1.4255624026172997,3.754122957746014,-5.00817976833414,-3.815174137703419,1.9402067580117288,0.23932343517593413,-2.219176532004041,-2.154484186878521,-3.064167594876132,-2.1449604698229883,-0.1301976246474501,0.9853614784911233,-0.030487186910299613,374.77311569282506,41.27515530586243
1.5477074731330278,5.0327820769212765,3.7698193026065114,-1.9212208294426598,0.7367004688444236,-1.5303062156765885,0.055332593725430534,-2.3499412266119375,-3.810237892247975,0.6915126947476882,1.3149633329588077,3.479589200231982,3.5695364137901544,2.5439858199839014,2.0442490577224826,2.050845991358468,-5.079189348736117,-2.247244899115905,-0.4245947537865291,-2.3123172381554924,-3.100053424738923,-1.2842641679042366,1.8868520675057505,-0.06713772156361308,392.9756155333974,42.79399824142456
-0.7494602399626036,-2.385260415803716,1.9833286023054821,-1.549031369823752,-0.18874824018322478,1.4906294679710212,0.9851548206697558,-2.1754904861320843,-3.1794016417563737,-4.631527901576263,2.7780502388315282,-0.8514607299992205,3.2745397966826646,3.977950002904419,-1.1800721377683039,-0.7546547683412088,-3.099209560114666,-2.4784584626136916,-5.12,-2.018247677761334,2.095683918669807,-4.127556480341919,-3.856496714024937,0.24332723767952835,354.94490651007277,44.08180856704712
-0.23597897608823448,2.002926024897948,0.015358099681162862,4.113814633928182,3.563627671026473,-2.644724867418843,-0.0926909259417279,0.8713281909021111,-1.2442105850808831,-1.1797439238797853,3.2801473868521454,-4.117609443445442,-2.592292561221237,-1.915874293977724,4.51561062446559,-1.2058814882246618,1.5662974686930706,-3.787299147526795,-4.618606303636327,-3.8740374585875763,-0.0901157893440967,-0.8277876076303246,1.655442983900226,0.8237490831987087,365.2438710599459,45.42261481285095
0.988707349724721,3.1110096036152752,2.8950613710006907,0.24448388692171452,-2.2866111685024935,-3.08572416489397,0.7661677910014246,-0.7535565595485503,0.3507653330606457,-0.3826700916371273,0.22962240687033741,0.15236982520542952,0.914917323265632,-0.37418780597705137,4.650713777842216,4.767499993150378,-2.569764355693761,-1.6326396378238326,-3.2841636274710773,-0.2801457878272373,1.209803562379725,-3.485431369852696,1.1443466675596952,-0.03949203623325648,343.16395540359696,47.55871605873108
-2.5245340607222886,3.515372995590176,-2.018920571283151,-4.325780407763554,2.7008656572579266,-0.3721172656264917,0.5482929996398527,3.4595383293650324,-2.58688265706731,-3.003439682525549,4.295108879322751,-1.7229994523465826,4.172136561859159,-2.1835866009525353,-1.538536874642487,-3.9372519781405964,-3.3161572534020665,-1.6765079787865678,-5.12,-4.253260786665209,-0.09313249678978064,2.1101819591332234,0.8838867584478116,0.305979473359697,461.6564082123609,49.79548740386963
0.5340384310321609,-3.431667608508255,1.4996175422985507,3.9994889854547067,4.331686206708725,1.0618185688995334,0.6761847329993831,-0.9827186623897557,-1.8896170526889868,-1.0827821608157784,0.22103045087213147,-2.3569084063948726,-0.8908377611483793,-3.1204877924796857,4.357824978799724,3.29682083363753,2.7714579342948973,3.712125855624538,-5.12,-2.3715103410986664,0.6564957686197923,-4.495699534472063,4.770324989598623,0.1188348259234191,437.891957183069,51.883989334106445
-3.853807336147181,4.80164349329593,0.09395037140488594,0.3922252673780937,-2.0773992338314486,-2.513685447883976,1.0521041284258956,1.4793375459566196,-0.26192086654208335,3.914038063766596,3.2854035608534593,0.17511679406670932,-1.2552240503313734,-0.17356713842050642,0.5261992897602408,-4.105426402635182,2.476998390949084,-1.6961818516356657,-3.1899063186788936,1.2093596144802028,4.34681951715834,-4.481786942620156,-0.8958115236803756,-4.380589342550255,417.93608177076925,54.57392191886902
-4.9154284990466115,-1.744880856827069,1.7203853970504532,5.12,3.8369368843278293,-4.595319226777587,0.6694582539767273,4.727351204426186,1.0090518355022935,-3.3563602827051353,2.129278336230941,0.4855914187580197,-1.9550187853546879,0.6785009360943572,2.0367331936927515,1.723921501768868,-3.7744379071540113,-1.533525166621044,-3.9839438836018255,-2.918836188527158,0.1326582624846795,-3.3546143467281757,1.0517340363696288,0.9385051790583416,389.4593699562821,56.39440298080444
-1.2952991322035752,-2.8460508594206555,4.8208532220263836,5.12,-3.1072282322924494,2.155881680580717,-0.18741888846139787,-4.885404551044718,-0.6361359535596911,1.3195209415264886,-2.9008672647594,-0.781678472368708,-1.9993673808474655,2.7806232292563235,3.9325277130733776,-1.1963189748521876,-5.0601662347445755,-1.800483411945768,-3.03109994244657,3.0256750101524092,-0.8191179862518041,-4.226125990574177,1.9592275930652034,0.6822961622872992,341.0695340829628,58.73075342178345
-0.17814916574978668,-2.5526874584827954,-4.1702913484762,-3.5592006094872346,0.6909337612283544,2.808146849253868,5.12,-2.3661975288021178,1.251521683489135,4.67183582784,-3.598390180619176,3.2392678526239633,3.55064132065496,-0.85778570892038,0.11435625828302154,-0.7939361833610805,-2.2786756093608482,4.681573232117553,-5.12,-4.363166380737169,4.638431562224848,-1.667306118556663,0.8237850423108819,-0.8779313799499731,494.95663084027814,62.22494125366211
2.9557282707132275,4.879843042184768,3.4203606882809767,-4.9187818590793135,2.699958170636533,-2.847016016821889,1.133262361981492,-1.8219430025149395,1.170843691613113,-0.35810139157071763,0.18225378290943617,-0.03164222756168478,-3.6558952779122587,5.004619559566032,4.272697678119292,1.9894361515231571,-5.109935967637656,-3.0621974605224747,-2.5047894956788035,-2.8370980798954712,-3.341004024878366,-2.359419689019879,-0.9237906403499379,-0.6087464480164888,400.8955785954167,64.7166154384613
-3.9657469707319124,0.08354166701578691,-3.5197135261293813,4.667027922436296,-2.58188009304413,-2.642333092091431,-0.2535967866205153,0.06881442491147016,5.12,5.098600568129043,-2.36556992987138,1.0874687027068362,-0.1647290655880047,-2.098001072858134,-0.0034780002786432007,5.118143349785162,1.641107396052515,-1.796207813772666,-2.925533239103377,3.4114289145427135,-0.9034460948132388,-4.0050091196395465,-4.326182178426663,3.7494313099600616,413.07413024143773,67.63951754570007
4.241969604512476,0.10093300983006781,2.592986508703336,4.768282915254118,2.01995907930013,2.940161401748406,-0.01629967978133351,-4.916957717332936,3.369189462966113,4.766567434903863,-4.087437097607773,1.1772797523978955,3.964529047662057,2.1837242187092922,-2.3905560914988104,-2.432896360617603,-1.0689024850588886,-1.852781113668529,-2.656935511678104,2.1565920854028935,-0.946491656181256,0.8723899873465015,4.261349894784755,-4.114214444849713,380.027978203178,69.88286018371582
4.958594237207918,-3.925447878540811,-0.8094466495927861,3.8575251532472015,2.2411773192441737,-0.7917169147154635,0.5192275095503422,4.392402139036926,-1.3880345808947476,-3.705752080730641,-3.7316921752688477,-5.12,-3.54306662426124,5.083796898143349,2.2651225545310467,0.018485219704623468,1.825557611230197,-1.9461970058764981,-4.321726661940477,2.1771421396278177,-0.09273629422272833,-4.799929000307685,4.896431700981446,-3.5461223387336114,468.6594161010798,72.70374464988708
-4.428508766149709,1.8312390003430075,1.620583049835549,-3.3315317960751964,-2.1239619035468578,-1.5220823203742442,1.1771648355206557,-0.1763037286490201,-2.666206955311454,-3.3072412196072944,0.989524408521623,-2.0731593149341263,4.545555432319227,2.3560596677936214,0.19838899385161302,-4.211592189908515,2.8531354284268273,-4.527367346435408,4.126433272278253,-2.697455582645953,-3.03683831307681,-3.4814486174285197,-1.3660539092335124,-1.9661388900483452,439.39592404743644,76.11225628852844
-3.7108685688649308,-0.8944267527047751,3.7125379895360764,5.12,-3.1164105623949947,1.997381592198666,0.3942941286610644,-3.348949118160024,3.51969502221458,-2.009606449369827,-3.398825247436473,-1.1548642652831642,-3.8459042704628956,1.6112818136769889,2.2424379285947973,3.3369977238909323,-0.49619625946877033,-3.856301178699272,-5.081013438717953,-0.7105802641399039,-5.12,-1.279156675815956,-2.0978784341791954,5.12,453.9308622805569,79.4997205734253
-2.472108326834282,3.9469622023573843,1.0316569020588107,-2.757811289687318,-3.929666934931524,-4.581877776144044,5.021160239106615,-2.4764341713098306,-5.111409881387797,-1.3776689629300982,-4.045718224973591,3.4226792766151606,-4.037139084840998,-1.0107201209359271,2.8091033945697568,-1.2134620674786163,4.374946366065861,5.12,-5.081374293010379,2.9781623377217814,4.470460103983018,-2.260799787816824,-3.7631646482290346,3.3350339813775998,510.2104966805342,85.25029301643372
-0.714118874996772,-4.2576138616031285,1.2190525369466005,3.9988653218017083,0.06480944722871218,-2.797437937170732,-0.2571656239361859,-2.025998045261025,-4.449611291033468,-0.17888732435858223,-2.366058820918009,0.030344688789256224,-4.87750302877254,1.6311271544848305,-1.2655754375647943,-0.8651682224617732,0.22571298601956258,-2.535775447442177,-0.4270824282968171,-0.8539182931180651,3.5832970294602484,-0.4911177840667831,-4.890799477731758,0.6910484615811212,378.1080840281683,87.71948599815369
-0.33181741955315225,3.085361861246949,1.755278795379101,1.3120411278477002,-4.741686025684329,1.409127366194257,0.9854425664688806,-1.7784774541199964,4.300343834062105,0.400514034097168,2.7233341094924377,-3.3526271808632515,-3.864478593644116,1.8685695879599216,-0.5951020023293498,0.8933988246978846,-2.467350351560565,4.2406276277731605,-4.242073096347454,-3.832892073027122,-3.948682112079627,2.1227121496563974,-3.718265444421429,4.296471668487883,443.93977561770487,90.63361668586731
4.748968809184183,1.1980298772335463,1.8241222220619155,5.009720468713344,-1.6555706166970885,4.057115039355041,-0.2875770866742089,2.3356932188051793,-4.009003628277837,-3.8680409621463925,-3.8292714243360155,-0.5412856404485034,5.043839182818865,-1.3600795304327802,5.12,-1.6579460130675545,-0.16147683412889258,-2.3813940262385977,-4.253305274006252,-0.08174714065044597,-3.1171698288750442,0.9252954630392001,2.092856847008906,0.7228080355229691,398.4199517141214,94.31896495819092
-0.882121936478824,3.0276880549999197,3.6127299908488846,3.158266632317676,4.705206344973733,-4.561016946459963,-0.1167571522585451,-1.383479475508837,-1.1208483509176315,4.904301386800538,4.208776932853005,2.9456745396062987,-4.690332334047232,-0.1401802255375495,4.6757961740490765,-3.1353807330605115,-4.476148035348055,-2.936569748360574,-2.0903613779720733,-1.2790238764452249,-1.1157350063704623,-2.0850647963847853,1.2592211105794817,0.851984974690204,403.09036393353966,97.39522814750671
0.3239071923577663,3.806165188385669,1.6358383218640427,2.20873609265366,0.9290403181181182,-0.08081134938565793,1.1326651316226535,-3.2812447453867843,0.6039939271407908,2.027830186523456,-4.583238552757278,-1.2489867128454804,1.4808122511250268,3.728059098618755,-4.772160595461677,-3.271106113424253,-1.883140118543254,-2.147658063520105,-2.675107722165391,-2.710825201567978,4.1687518238414265,-1.1883505805325894,2.3719105263921936,0.6948478208040898,394.8801364617875,102.47794914245605
0.4466203038591834,-2.4402374803231512,3.0641645861805626,0.5399233902724463,0.3763397486157043,-2.459711119240644,0.28217854433510325,-3.3973810181541113,3.2329251046085536,0.16227041351374716,2.7177253476862457,1.4779884054164825,0.04828399898522662,-3.551158834779595,2.7531939969637556,-4.665059556145966,4.939013384189189,-1.5953357943399773,-4.316837937090272,-5.12,0.5771923662539882,-4.312372504649215,-2.076803098096527,-0.5693704485449391,496.14158486128906,104.46702742576599
-3.941635720132733,-0.3410289634983936,-2.985822711116402,1.6886461234417585,-1.6511946013584238,-1.4892378904616188,0.7694818840814426,-2.80398391542472,2.540178632794838,-3.9267841764443743,-1.3553442349462421,-3.61733885465047,3.166783625083464,-4.696247303306443,4.963140266930584,-1.4324486940320371,-0.4115142534055529,-2.3960436770370843,-1.8917519535819727,-2.7811082012123234,-5.12,-2.7819480049918237,0.9256026049138555,-4.108221550022873,439.11847173012234,106.91966843605042
0.05658111663869558,-0.18474540527182715,1.5386349805353996,-2.0028521489318742,-0.1542061029118722,1.1442501931214624,0.6029463675457887,2.119458794717132,-2.073288818212826,2.2772462078064306,-1.9749586827000436,1.5025143819549092,-0.2364326095578999,5.069377794394652,4.45813863319312,0.8386326785200309,4.337347832660469,-1.6050063908804026,-1.662891012318823,-0.6814636381128336,0.5046725315373566,-1.758944235959687,1.5890168148575041,-2.6778594763680177,359.5368002168574,109.8596625328064
-4.420120713389763,4.939620487778304,3.537398738898779,-3.679500136163316,-3.0062030241781943,-2.2164919391624984,0.8597956674479157,4.542757033594062,-0.39286682333950385,3.090341389308345,4.568069593229132,0.7600642224449254,-1.6845117002092538,-1.6375454240674752,2.6879837515760903,2.3518367300121463,1.6507768713241573,-2.588947785079383,-1.53520505581995,-1.9501945588184686,-3.650281524455897,-2.156745085001965,-3.1096679535083793,-0.3088165675603127,481.6552853793855,113.58514952659607
2.582208732618364,-4.977612482294,-0.10469032692764912,1.6464875804621828,0.5411911028000249,2.7389865919188585,0.8393173559584035,1.3484154062071,3.6567608333145385,-3.0312578432564754,-2.300889403938792,-2.0193419101930505,-0.17602012845099768,0.4162558438595214,2.739877460309014,-1.2207908884049061,3.6270936544978207,-2.341366274314717,-1.6672476863417551,3.9833869512208446,0.46655445394603046,4.694487016151139,1.1368353199846357,3.9230836569597516,406.7714838830458,117.19192457199097
-0.30912599394544316,-1.6721194590991018,2.284621363479779,4.798823524009896,2.298552503909888,0.473457351209861,0.11086975066197535,2.4100077757856537,1.7177830163241143,-1.2493913453188465,3.3475471967071053,4.760528033837542,0.8933588524847211,-1.9584343595523683,-0.8035935121634692,0.31306189107730464,4.980691503421755,-1.247415585231983,-2.152698531122271,4.056171075862522,0.27868869465906876,-0.14070084252963966,2.078552235685536,-0.9214997693564895,342.79536596742867,119.66777873039246
-2.263952433664642,-4.198596976777833,4.25084263720085,-4.696304005969192,-3.6962569228267776,-1.843339506201291,-0.03534265709821849,0.4195480635722193,-0.9353421635778458,-2.008444859350869,-0.5953518489802159,5.12,-2.5032047447747408,-1.518004492105768,-4.124741707949737,3.7647109010958397,1.5485914531700518,-1.1348368439633219,-2.2185144114863955,4.399423926315273,0.19924828936181793,-2.096063490360637,2.205946692975255,-2.562717160332767,430.89669134376174,123.47816920280457
2.019155595661557,3.3692429568661515,3.018197520575442,-1.2910369314472145,-3.666995258226439,-4.285395845240937,0.9874194677715717,3.8643044169333765,5.032410637272192,3.813737872665569,-1.7375606071626533,4.8592554957023255,-4.995312529568535,-2.708756969931481,-1.2160922085018302,-4.002594861633783,-5.035301994533143,-2.227688585915929,-1.9764173129406362,-0.47308837887649613,0.9779446362591191,-1.1298808975378294,1.3912757673511225,-2.2618679144144886,395.8494967122979,126.12301826477051
4.81056101033803,4.914085743603201,-1.8367594344479268,-1.0514317698456725,-4.081666427677871,4.8282592591445335,0.018015635145582465,-0.7635879237567869,4.615702037211903,0.5232442164559608,-4.032767274028581,-1.5410083851857905,-0.08810891012530853,-0.823760627909607,-5.12,-3.364790711538781,5.12,-2.007496025284048,-2.407704574930146,4.453506295990018,-0.10974171862355409,-1.629433269380534,1.8665697755981512,-5.031635465797498,433.83737811225865,130.34997391700745
-1.2539188895067865,-0.6029614987215135,4.701899972014782,4.920858391990806,3.3402999888571303,-2.0585073155984106,0.3591350033322094,-0.8957327517773876,-3.953511518956269,2.8358260441232854,-1.425924111441598,-1.7170613916979267,1.6508514353482182,-1.769563333373977,-2.6637105944700243,0.3534874610760088,1.6404124627517112,-2.8535227316550915,-1.7073486161137161,-3.473453849973663,-0.3966609032616333,-4.2185536606345,1.734952496830699,3.0013875521797813,420.8151868158429,133.40443682670593
