1.5780557233033434,4.453548310389489,-4.183831251745784,-1.6096761814818348,-3.1924655851739985,2.930037376425699,-4.827074954409595,-2.713471615920044,1.7683633395952727,-3.881749184902385,-4.433066984689342,-0.6706610932958617,0.6766292158274281,-1.3120702726062263,4.802780045660845,4.486252610532087,2.8512668276700124,-2.9894961961727526,-2.1240452178613265,-4.780983224493869,-0.9640517758769507,1.3985353026177645,-2.992724959975877,-0.3688817084789564,469.53220825056826,0.46982789039611816
1.86381925010474,-1.0907350736066341,-1.4632553130720334,4.002601839235866,1.6134680316517134,3.90527976010054,1.8472156812253422,3.662582768098125,3.5853380924058884,3.395660206008718,1.5909291521818627,-4.556617281511593,0.7835202176055107,3.496590618219847,0.2175270350706171,-4.584687035730278,-2.827537611295582,2.365168835666797,0.4180727980127408,-4.045631568656784,-3.4887125052927375,-2.3435742609732864,4.1395521451341315,-3.2150643571398767,494.69594887299934,1.2042768001556396
-3.3307763147194454,-1.9022703919529387,-0.02100723297145546,0.47722089048999905,3.0237548791924107,1.9989618950465218,0.5220490367400377,1.9723122909496293,0.38832932594033576,-0.05733448772823735,-0.47194404065331685,-0.53790696747979,-3.560304364658442,3.4493864936033978,-4.421207398948708,4.719612702755563,3.309062471196822,3.9673979163663295,-1.447858706753375,1.926464430910256,0.8851286023827267,3.775415032572698,0.20380577299022562,0.2809557728503478,395.4533301012351,1.8680663108825684
1.9816921093704263,4.829145376742418,2.4076752228394955,4.6949961926496,3.58505615314398,1.7749063284370026,3.175472778925289,-2.752280983157944,0.9092930710353073,0.15673404140218494,-3.4993167752642895,-3.7249922817032743,-3.0642712829486287,4.8430709721333605,-3.659635515392672,-3.9992219235196336,-0.8753546318424688,-1.3311312801913227,-2.3754657838303985,-2.491457984350051,2.1347752476890856,-0.08225251565698688,-0.3546218850204035,-4.755777294728097,442.6632439924564,2.5399415493011475
4.797520164866822,0.8188169951781639,-0.1014780851058239,-1.8128652433681265,1.6412455587002128,1.000723084774478,2.9680168174607475,-2.543360845923516,1.5676809511083434,-0.09473875261097664,-4.686413363016377,2.611792721735645,-2.933981109336681,-4.838063420872642,-3.2710287071690076,-0.23463187671993335,1.2156629186154815,3.2267941908977305,-4.408060520953663,1.9853810600469153,-2.5627726524099783,3.151594079545709,-4.823274058807859,0.7352902502215493,405.7150959156211,3.2267708778381348
-5.12,4.637914513988618,0.3265922225723026,1.2642813160967528,-0.8712284578737322,5.12,-3.1484172849039247,-1.1120214108461708,-4.556784404082215,-4.741673203791796,4.848474393758884,3.2222190053479034,-3.639715724344807,2.7030779876198405,2.9426930018477337,4.2516277061846734,-3.2849460546703777,0.4593373141439736,4.639822583063439,2.1669651764011517,0.5988508571190252,3.924010326100688,0.6871541589845842,-4.98274804114881,516.0020892686961,3.898644208908081
-1.3291072615958428,0.3663575079195489,0.18753622259508607,-0.12725620020095896,2.2528730492639344,0.33507304245702496,-4.884728185012633,-2.5635438250195355,-3.792761795068359,-2.3800513143446858,-1.7058727742382427,2.351151927470946,-2.748392035839528,-1.2218602978607818,-3.293982580496122,2.825533640114238,-3.006817399503451,2.155315470504793,-5.023777150281517,-1.538661263341142,3.9784853596410032,-0.6129686379518997,4.327764174700744,-0.7671080050753742,413.7348221408696,4.54414176940918
4.665452221360034,4.196854047751095,-0.20903831173347243,-2.470006608693648,1.548727361987038,-2.874953564780851,0.8915652251640553,4.569646278496381,0.3438314537586873,1.9163773288212038,-2.6902861015914454,4.846814162620272,2.7083497555592713,2.1828741601683275,1.0002892661386849,-0.8341915904521997,-2.826693499161883,4.349704335191791,2.5162509526216494,3.710956912493761,2.9161079600714794,-4.165833441960952,-0.8891840388284775,-0.7656874122321291,422.8174788914387,5.3253912925720215
-4.1837032105309975,4.417114781005002,-3.9827899587359705,3.875728417185816,4.113449653847897,1.876336808613793,5.12,-0.9314260698653634,0.6584037094999573,-4.9099817108148684,1.038289258242945,1.589624717338726,-2.445115956367558,-2.6038522714938184,-4.967609670329175,0.05248537614224791,2.245893177826165,4.363949404106877,-5.111685702378382,-3.899498269986587,-0.21695146947150068,2.354285544198312,-0.7812437267047239,1.4701356137045947,447.65159024193224,5.9952311515808105
-3.546329866095066,2.2806881689001974,-1.1283993790649873,2.7135108946865385,0.05029782655739634,3.632995856486038,-1.0424476748561293,-2.6247756234163684,1.1998248588906675,-3.1927714551926134,-4.5433189602910655,0.9850961184229199,-3.1889584694723947,2.5671340000074796,-1.4965727826988924,4.604665462251304,-1.1075865787798325,1.5110227304632167,-5.12,1.754154041629322,0.793193110456829,1.5348909790954863,-0.03765605618929779,-2.6729019396936513,418.44827964211106,6.7920966148376465
-1.915733979139525,-1.788940496993324,2.869478050743835,2.7106212479756646,-5.12,5.12,2.99933905207135,0.2767390572950452,4.0356579247893025,-2.604850182174324,1.2916939276737303,-3.725445976423073,-2.1227502202983444,-4.6429922712598675,-5.12,-4.218521734231707,-1.0575868941699005,3.0197660503637787,-5.12,5.12,-0.7682952470515882,-0.28490243733524423,4.869770012805675,5.12,452.71617804110645,7.547863960266113
-1.9921849248012755,3.919166414844084,-4.257949308835169,4.505196155344708,-2.031800398695698,-3.4276499938290605,-3.605214214299016,-1.5822776334761297,4.394503186970213,-2.40199647755109,-3.205395918784525,3.9234792242456953,-3.5740431668536212,-3.809614249202916,-3.366175819489933,4.56407639210808,0.07577452702229515,1.6598338020947487,0.11884254478451695,-1.9410428455320279,1.602950547298276,-0.15955360192442392,1.4497887368898272,-1.5027304175211205,487.849624360489,8.454117774963379
-1.0710973857904271,2.64829120143081,1.071670027442467,0.1127133482279028,-1.2699076954339863,1.391582684556865,-1.1079454632229213,0.3861173475042472,5.002889653088967,3.5201287168293556,-0.13819252042146601,-1.0048082690941982,-3.386458981391063,-5.039651956331743,-3.560043916352593,-2.8748673860781317,3.345600462047728,3.1881999057345505,2.90768889111908,0.9839165739228664,1.1799560410749779,-2.4608211589733666,-0.6573459226923672,0.8480678239125394,351.28116157411245,9.310503959655762
-0.9604456131133938,-0.7518982883573662,4.759520473361641,4.195113046980134,3.872722663754524,0.7098079293455131,-4.811398100784537,3.005299338838376,1.2863691712077898,-0.9967253568364782,0.8593551211448531,1.7989270894834135,-2.931373694700337,0.38857204441513904,2.7347200255904935,1.2551041884772296,4.882894277470643,3.3407673499768995,1.4988135108998693,-0.8500075459429004,-3.5602520436990606,-2.897294250252556,-0.08645131409782358,3.5849469519759145,379.9261703320048,10.482378244400024
0.7540123348764487,-1.309938318593138,4.619166250555925,-1.8113621962561837,1.8743660507337543,-3.5207339017538404,-3.545616336376829,-1.7737500932278811,-0.3232606076777813,2.4482977322948924,4.174621178877319,2.64600343977585,-2.962730695225091,-2.877703940287745,-2.7963769088521606,-0.9415855579377599,0.4552470034762077,4.352068489803673,1.8106227101251129,-1.5618465769550447,-2.7869838572989343,2.807456043029057,0.10837825421147063,-1.1607430732282755,403.1792122180408,11.532417058944702
-4.1675633354464345,-0.1029784916490728,0.7769547419657536,-4.893699240506932,3.7590591834864115,-1.8950720193976314,0.8989879653197708,-4.804297697826134,-4.58586802512852,3.6436036804198464,-3.608414137281402,-1.1031823154289544,-3.382461121485023,-3.715952866381499,1.5729134684738195,0.21842922888769678,4.076150677289996,-1.2399054249788555,3.818242887785833,1.3515306255305175,0.7970931892169428,-1.7789948736830201,-2.5525577900458565,-2.707221672770325,440.48686878748845,12.637797355651855
4.512313239215332,1.3890705999347857,1.2782167724620912,-1.9453510478694218,-2.741842098180303,-4.133177310244796,-3.2459957386108904,0.7463277540802986,0.7414699347058002,2.0190382337430632,-2.6181608315635723,1.1746310776837143,-2.937607290952544,-0.13703109670299796,3.9198560912854825,-4.356145475503043,3.366943759781411,1.9514947962383324,-1.5468868165698457,0.24247853203103453,0.12999322783916156,4.525822404073499,-1.8690308553956116,-3.5473684872014264,404.33288451748297,13.725422382354736
0.4500551216851276,-3.711944130326777,1.2000101874133726,3.7744039666783076,-1.232246257807713,1.326814163320659,-2.046000252444573,3.6687021810669576,5.12,-2.0236683836517226,3.246914203497803,-0.9761746333444652,-3.389561917712941,3.154126356562956,3.5613934498020674,2.5821597990001006,2.704622753114685,2.58957312401085,2.673794361749737,0.521625730582076,1.6449804587515038,0.5734991658253374,1.6492095199680952,4.452628113016744,475.3711177240455,14.909648418426514
-1.4303407970987,5.118979692773213,0.6314857432428491,1.9017802185133137,-1.4797472788566615,2.106345687647905,-1.8386711442044463,4.540635888706693,3.7066143236947253,5.091332901771641,3.227814087869686,2.957862853032684,-3.3434269847645206,2.1538852869043685,3.942823733803869,4.147962531710786,4.186581198046681,4.219840818113373,-0.30918718937637024,1.412569780101392,2.9281305117961383,4.60772875144811,-0.7071842202998431,4.381632114449812,487.00492440771427,16.046974182128906
1.894261415131612,-3.4090195874845106,-3.4837976355787275,1.582052913510597,-2.8633140323385122,-0.3958177593058423,-1.338016093076452,4.974503789069439,-1.1318563166294862,-3.6725695598461927,-2.0307145437395975,1.761421610051161,-2.9456734204585375,4.0944165622705695,-0.4944598238043021,-4.2701168938900995,0.9886345232722693,0.5972226375861975,2.17895292924118,4.908073339290948,0.7658948308781568,1.3086600885107575,-4.948816919972654,-2.378855660915641,416.04625373673036,17.49286150932312
-4.290425594170955,5.12,1.0007234800686309,0.3728280908992403,1.0662628202382356,1.541901930951303,3.016922868077434,3.141906045017252,-1.0404736436910742,2.824832546886898,-0.43787915047690174,1.6832543565713607,-2.9306018162814755,0.41757524326225504,-3.242177627536867,1.961757365294197,4.460982372387007,2.3330587076529845,1.4307388306549162,-2.2654443897791547,4.825424115234131,-2.51172413314338,0.9801771312926961,3.594992435356608,412.9553380116197,18.460872888565063
0.021272482226859957,5.12,2.2323632630497716,-0.3199624777636245,1.684353370247372,-0.7379651079142642,-0.8197924266629748,2.244442009679145,1.245389506435382,-3.1763372558629666,0.7050626733782401,-0.7951930921413108,-3.4398413592517967,-4.5554794463032175,-0.15732087801641548,0.35999229551849155,0.8453322420960232,-3.0564601531589908,4.469334899700507,-0.3363663829757888,-4.030497548165331,-4.803033772240401,3.089701026397866,-3.6087088299743884,405.0227331440449,19.710872888565063
-1.1718903974597659,-0.2983989866811365,-4.274866007269279,-0.4774878676201011,3.832709314698879,0.8337019552661635,-4.758812121906695,-1.5154468643653143,3.372307671142374,0.7851968409928407,-3.6397618266349343,-0.8201187359853677,-3.3260131188305726,-2.168701050135011,-5.12,3.839057942500218,-2.182524776384015,-2.2163672456032883,3.6818890000523306,0.24896750487471664,0.05528667775483864,0.6714504067890577,1.772545902941495,4.465967850840289,434.4629157193872,21.053982734680176
-1.4819669866493,-1.7757729807101015,1.7257540682216748,2.1505005608255523,3.3768592339813575,-1.312172994860779,-3.556697942115181,4.821428705808905,-2.304329340841188,-0.27335490803211293,-1.5702723344095286,-2.6239916817702063,1.9327053442343267,-4.974149510403544,-5.0489636117441785,-4.260164418128218,-0.1425454005239093,-3.5855535736997624,-2.0160546459625603,2.8594597460786044,-3.6838784806569986,-3.493436253445017,3.0344935102474127,-4.1506139386446925,463.68309579771943,22.23295283317566
1.8779499566688234,4.71912747262527,0.9643777433744063,-3.8760051587434288,3.6100988026075305,2.8410399928021786,2.8118095319804564,0.9929964553652475,-0.031147620451403846,0.46217298843660526,-3.421707975696247,1.8760285578086338,-2.9024685845656975,3.778166973390726,2.9504682352919955,-4.48990064046386,0.9112291495566147,2.7512553860601656,-0.8303824456609536,3.1583877624857264,-0.40789624502441413,-0.08347142719227918,0.1364794236206377,-2.286499950806887,338.33593262547316,23.402361631393433
0.4441767894194424,4.591912293509613,-1.0493419440016103,3.654979565156835,-3.306346484198301,0.538987952544633,4.622298080095379,-0.05968382982024156,0.019211796711913642,-3.792147807869358,1.0530773020975417,1.8922748674531178,-2.905831329320819,-4.790062019022102,-2.685203703835808,-2.392347154789211,-0.6714011978930623,-1.4697767653936524,-2.88582580757967,3.3113626274648906,0.5677711287180705,-5.017342750976937,-4.311590454477598,2.4668647790263867,463.41245986385536,24.637767791748047
3.818732324887937,3.4659787200620764,-4.849538447744104,2.8031909311493557,-4.147058904030429,4.912109585512359,-0.3930081066688844,1.1954820057537816,1.8824144010529915,-3.4438623389879846,-1.9731887254072586,1.7723429459221371,-2.9284547070959093,-3.5985414637599837,-0.4404851742241336,1.0877312068740874,-1.6742944711999734,-2.1748256055476953,-1.1481161476045258,0.857884982256464,-4.727343921349616,0.30141641100935335,-2.3761045956983065,4.592549858701941,429.88028012084555,25.704602479934692
-3.1599800679155754,3.271229222577948,4.772355170856426,-3.1305272481668336,2.0984460170800556,-2.1111783629624257,-0.9666675955315354,0.6687948503119197,-3.4160539950774744,1.021695602671687,4.2726541347968245,0.5655847539915735,-2.9120893638194314,4.262101189545777,-4.149131797008717,-1.9940647409611705,1.5297442387068125,1.8604539327803957,-2.1435588387680604,2.3398029282134925,-3.5959935516227004,-0.16646271269960522,-2.5949809410094664,-2.9663205617176804,383.98294598353743,27.044184923171997
-2.505976496842517,3.3707681004337315,2.7735846015980705,-0.7147424511221239,-4.889994018817364,-0.6304216606505433,1.7599283018230851,-2.5936073690214334,1.734541139874592,1.7986414393143209,-2.4732919576724015,1.9457351653540096,-2.9300986652641323,-1.288944286671775,3.904319122314523,-0.7738139265606252,-3.5873407949863516,4.760181817123356,0.9999858891633115,4.8451382629678905,-0.3686934926038239,-0.030158955514667518,-4.959913366088696,-2.6532120914732107,425.69600492482584,28.443598985671997
-0.4375356014931162,0.829407562797285,2.9006356984501958,2.797887813713027,5.12,2.328745272660659,-1.940553032583412,3.8102701994760304,-0.3064046697392975,3.57399540806617,3.4416658286474364,2.022701067672611,-3.134629447959292,-4.2398198358736785,-1.3044065938722786,0.06224155585386981,1.0783197590015776,-1.7493300808125412,-4.948874617152159,0.7124848884288699,-4.602414911770917,-0.6533681390361163,0.6767338393903692,1.5264263271830156,407.5708514256524,29.916157245635986
-2.5608227651522326,-0.17765647311981514,-3.954792482099688,-2.344670906026349,-0.9029636522656119,-3.499180101102924,4.321745934696611,2.263386719027319,-0.08318915480631794,-2.0928429142742355,-0.45471887888101925,1.7855692856963836,-2.9022712834240396,1.3894579676805696,0.6459642730172241,-1.1923471334538256,-0.5601493986705268,2.3336924657052593,-4.441343281628328,3.8798365118361327,-4.137614776702522,-0.3992815691390206,-0.44710072578681803,0.34923850485518404,416.2368614869016,31.26621723175049
-0.2430866331837107,3.498269504610474,3.081020523891909,3.2456244947139803,4.5188452559983086,1.2196305036457629,4.363115219346827,-2.1355324459228346,0.512800308166236,-0.9589122306240103,-2.287273567281837,1.9195701373873852,-2.9024008115373716,5.109560707905417,-1.6614581188765363,-3.5871392191470672,-2.465901291985524,-2.0599799958190927,-3.4654991683218808,2.7902527557822694,-4.305137595662824,0.15762694499207353,-0.09941694146331859,-3.766900800594181,437.75740626182284,32.89923691749573
-4.819574812399749,0.5750523496054782,4.330207099580011,0.13007674197147967,-2.3435203073723923,4.655151808722164,1.7238465602067121,3.6384137376018773,-4.698721084341722,1.2055224838193626,4.790523921172679,-3.124162772649603,-4.142797974187056,-2.9535009813047903,-3.376002218791398,-2.0647801705157516,-2.482757218000127,-0.6154159932539454,-4.466378169147089,1.1526174379454757,-2.6018532170558646,1.823210554719246,-3.785673726065831,-1.1961572072128202,491.4657393215938,34.195679903030396
-1.5384031653332308,0.46340300419865343,0.29873169235814334,2.0623720049419436,-0.7892991430801874,-0.796084615599165,-0.12206663278140262,-0.708252433773854,3.125501073392541,2.077574499819476,0.9394476851981599,-1.4895075758804381,-3.6903890151851044,0.7390583716827663,-3.4943184065441732,-2.1618076100527532,0.860451519496122,0.9712263878171701,2.1241393346401596,0.9446655599221288,-3.0678945770817165,0.9059636168578153,-2.661360846238291,1.0884769592073198,266.35913399871947,35.361254930496216
2.7794187072021703,-1.569590441992363,-0.12557048102618396,0.8358831038101036,-3.4355954893279455,-0.8085255850540936,-2.5687563000449005,-0.028856479094461207,-3.728232269764181,-2.7512291569552842,1.2504188270617922,-0.6403630095013275,-3.720938617653443,2.1753564467346793,-0.3527520903659216,3.5430262133946924,0.8781535116416652,-0.28150633071735776,-1.8314445603862248,1.7554022616068803,0.11271530028373178,-3.024066234205029,4.091500655898122,1.0848478100161278,334.55189621633053,37.070114850997925
-3.956772977050119,0.844365848542469,2.351311600603087,0.5943797498845313,0.8942196367587236,-0.4704861660541937,-4.702394123460339,1.8674677831258624,3.797761828883691,2.903681243419201,2.940632852752324,4.11800355801041,2.913055600043994,1.3202146135164279,2.584067453466873,4.292198975569609,-3.736384977970905,2.0696095214512056,-1.5485182112073521,-4.932067329510594,-3.454561848309289,-3.837944541757315,-2.1562836008436825,3.8387171419162707,425.71782869205686,38.5364089012146
2.1941492977247616,1.666193995688655,-4.02502005205963,-1.663497336605209,2.334218667979891,2.5491644073971464,1.6359676283664655,1.759300310736271,4.287271059065945,2.646320733909736,-0.2036286203178017,-1.2417720068767748,-3.7490718186774394,-4.455818826959306,-1.4157890771884172,-3.4408522516797815,-0.07033624578340625,1.999293815692134,2.0627419935943827,0.8926606725256843,-2.7574944478005676,0.7406616681324358,2.4302269069822886,0.6052271084861989,413.51721088394766,41.29972791671753
-2.0615288255977076,-4.64086356569229,-4.687155455377675,-1.0297277228928943,-0.1460711138756059,-1.9776475405147558,-0.6107820533121444,3.68471211661332,1.5062139362979812,-2.025848191497837,0.027150469840514724,2.2040989902246997,5.008403242922413,0.14002293532857824,0.9018657843575406,0.7201349583577619,-1.1231021834015693,2.0828678110812575,2.2599476923272537,1.109981257772696,-2.5061723162610616,-1.4430057000469119,-4.463166517106838,-2.3080348944052123,351.21119965405023,42.79690623283386
-1.5325798028718332,1.8707505964712698,0.28307835592305075,-4.472611122771746,0.5337561679567902,2.560760950175899,4.578661269093696,-4.566721667533738,-4.435208610565912,4.330194065713454,1.0015094161618787,-1.6319063189317524,-3.777308199578755,4.581964726781327,-4.945503192180014,-0.6071683051765078,0.39840880700530956,-0.42294707704688683,-0.44232865163209656,0.9215840075535917,-1.8001613299155204,-0.33440248224217584,3.1597449701661438,3.388420748744646,532.6043523681772,43.96261548995972
1.0046337348348633,-2.1861108324185983,-2.04977296431992,-0.8921823301033385,-3.4359418527246373,-1.528021655227747,-0.11339182621963761,1.1981682243484784,0.4251153765403153,2.8498677618204065,2.8733020560722586,2.9978617998778363,2.3623163569335395,1.2610568328115868,4.338144451519599,2.263074629161288,-4.045005189754178,-4.02052655475698,-1.929776947171919,4.911371085479355,-2.3985657408988237,1.3719754155010397,-0.5350540860348589,0.5003059037438176,365.63334249972104,45.811302185058594
-3.3685429747190874,1.9819393670612815,0.13043288985230017,-2.7118087515723857,1.0665525701405683,-0.7895580068693855,0.7350218941605,-2.069327346168366,-1.6046980893609901,0.47078374685493163,0.3505672231374355,-4.819070551040069,2.728206139644784,0.8953977087973986,1.0184985808146738,-2.78059014306333,-2.411025530109153,5.080520256051366,-4.9873131053433815,0.8945175668421079,-0.12469117102667138,-3.357631739202655,0.2230367804151241,4.131356572336842,344.3970835020945,46.54923939704895
2.2256771429024544,1.8772615734129632,-0.05419940473076057,2.8146624181878677,-0.9504026965304764,-0.6215586625526814,-2.6775817397161648,0.872693455353855,3.1795655637871034,0.8838313454073674,0.2767475788428806,-3.9317463180658416,1.3643574437951118,-0.05195465724254511,-4.975463776958057,0.8883443809460827,3.8696453228640513,-5.095665333354445,-2.1018119171235656,4.437671560738321,3.4593976603358216,-2.4935844438059993,0.1752913009776602,4.867758121513929,354.46069775201164,47.70548892021179
2.015298194963761,4.9713799514163926,0.6758162826019385,1.1755479553971702,-2.525037395103289,0.12820407251574473,-2.798972080286288,-0.8087729005058568,-0.25182366038001724,3.439864096241041,2.8921409928354285,-3.9755912735811907,1.7077199331940482,-2.521702061676438,3.4450999237403694,1.0553766451876472,3.842344619045826,1.0796876131347544,-2.3151843931034892,-4.328299518408894,-5.021571807222629,0.7338692061402705,-1.3829741804009603,4.23363750923468,402.1609659388048,49.17523217201233
1.1075926973952592,-4.457192665451284,0.9915643887713488,-1.3573119979979378,-3.006407183336281,-1.0497657691772,4.0853160669224176,-0.1409964396952974,-4.957206989386541,1.7713221202575902,4.408157096411574,-4.105879007305162,-3.7431460193649193,2.51182658078166,4.279799696309122,-1.235862828261769,0.9811299783725751,-2.5947236547908887,2.141762262885792,4.302695674366885,0.5858822365452383,0.5354415148360818,2.8831842898882583,-4.799685215364318,425.43974025809473,50.76953744888306
4.271865094873012,3.2938282016951304,3.3682160107909036,-0.11084750875388938,2.9298743263316096,-2.459939595415246,-3.8266789437342306,-1.9680381564336376,-3.8412796734874357,-3.4841648574960615,2.26416028937511,-2.171454328318004,2.617658073077555,3.173662618192883,-3.4622477734457613,3.3933408935539484,-2.611851417186859,3.9733479344822813,0.38943716593784306,-4.002499039413513,-3.314022638221257,1.178361230631861,-3.6161188069114925,-0.4750155744391735,477.9704135312952,52.498754262924194
-2.0977221295974853,-2.960972897235195,-0.22237420784570094,-3.526668190659974,1.6573069228313333,-0.997404406904578,-1.6340254839971733,1.1601317770967965,-3.1772071923245124,4.289004577365392,-2.7617865450039147,4.1219629812835334,1.623680508777281,2.994379007792886,-1.9660864531941122,-3.2515227426117495,4.038060193768053,2.5902486023387237,2.1325468878470337,-2.7495883732569606,-2.131634563942991,-0.7973970774704329,3.504557173834951,-4.572288478654525,391.9377487532897,54.764225006103516
0.47855843359234385,-2.8680185529283,-1.3063715726337768,-2.011862544208139,0.045338897324564975,3.7983254324904285,-1.3813903775560474,-0.8132456962077477,-4.104345121378877,-0.8051517068624392,-1.831565806917682,1.4982017626924282,-2.2949058804507096,-4.446700842570218,0.11011908168114903,-0.8696474776922472,-3.103081613355391,-0.8956950404729973,-3.0500482398410003,1.1737451747203531,-3.8693431844712025,3.711962539132146,2.4998700158170104,-4.417515011218568,358.9664744331796,56.90033316612244
-3.3950209243092226,4.4244913776810995,4.7944741766594925,-1.3883728965036362,3.1516555370254613,4.923789476893831,-4.48458426248372,-1.9241361938714867,-1.1970278532123984,-0.07767646272351314,-4.660656669029861,-4.201099340573025,3.1850719649017405,2.9248718952990016,-1.1061118406062551,-1.448827832069905,-2.3333813235483745,3.9802261137607227,-2.3264252922819315,0.9187911415145864,0.07576409188221866,4.412408324629717,-1.5038233142289852,-4.191950791607183,467.762934961881,58.937904357910156
0.7088392910456296,4.505126630751868,1.0792461453686473,-0.5708528772594992,-1.0376376734455457,-1.7028100490572826,-1.2242233032134173,3.552265209067923,2.0410941037332657,-1.6710920997766703,-1.1390887873527036,-0.086684612518666,3.816272509043361,1.9225808319239333,-0.8300194988112448,1.6670762268209742,2.0437930317953787,5.031800612590906,-4.6628432342058,-4.037183024601804,-3.62225811408809,2.3453471781280575,-2.499000413261462,-3.188635232178002,389.30554768977737,61.16761803627014
0.31147321661446625,-4.981095767833661,1.9794176812514124,0.716374717430643,1.8936684785800368,-3.6540663618303744,-4.401207114724958,1.8396524664913345,3.9650368250708725,3.395223929681376,-2.5596252297918007,-4.574034400828429,-3.428592541789518,-0.37354678659411,0.7335969398404725,-2.675124436401207,2.9210443306988187,0.9903386070565219,1.5031895812996785,-1.4213558924217349,2.8193364279689437,-1.3199256037872185,-4.492128582297888,-3.600988805095832,482.68003091072,63.05599355697632
2.185741838255982,-1.919916669372829,1.9645546226403443,-3.3552437079570456,0.7691125941415837,-4.6614484140824315,1.477359081010313,-4.872253270805381,4.785772977657094,-2.1852592076033086,3.756225869313492,2.044343539888029,-2.4361612946499447,2.336468663927535,1.5096259499536187,-2.5439833821617475,-3.4875018848224784,3.2906479358460112,-0.84924065976751,0.2041512377173582,-3.690071030617729,1.7732233381893154,-4.776447048722832,5.074447682705789,470.9934658923444,65.7672176361084
-1.5941193533662257,-1.8723201024275005,0.5445894983904669,-1.5969940232471727,-0.5101808348147463,1.432709803149689,-4.406934208461192,0.9249964111712723,1.179674004958093,-0.24122762900115013,4.0126020848909905,-0.8290532577545608,1.929687680182238,4.252196734946687,-0.2237146784756341,-2.587518705730981,-0.22292978136458697,-0.23946699753889433,3.2479868927087816,4.422431947317691,-0.31042879981326443,0.3242115048814176,-1.2772294708491927,3.0602738001211636,382.7591942839162,67.60855603218079
-4.380989092262447,-1.3031231608413982,-1.8592371509443417,0.6930097265704429,2.2475096254874005,0.026524744968440928,-2.255854508964439,-1.9201240913487672,-3.0669145924063885,1.2711366243786264,3.4921889822414647,-0.1971632144645028,-4.083687125333638,-0.9612219079241138,-1.2317585768361994,0.8374045335532552,-3.4592126132933743,2.460619476059983,1.85459862617191,-3.4846799678886575,0.009687451245311784,0.18269233085513825,-1.9683756324128519,-0.25849602689679685,322.7325973443424,69.61725807189941
4.763518471413566,-1.308538714072534,3.8739705790030046,-4.212040258530307,-0.384120663602447,-1.527046878444457,4.553267156448119,2.386518543353467,0.77848338323642,0.7207855830390235,2.9532838296738264,-1.0616344046721444,0.2684972501668401,3.370453768799716,0.21574786600097795,-3.9387323768407487,1.4633672722474378,1.1373486670183297,0.8126262612298056,-0.02602968383634252,-2.6936275391879616,-1.3636700593085296,-0.9130706412663221,-4.921382488893191,390.01851391566834,71.75437688827515
-4.626168383162901,3.3555946803729766,-3.8475609775333295,-0.6512622873616332,-0.7460408206991183,1.4368367309731092,-3.1545877675633966,4.330210130971349,1.617228933325329,-0.3610764327315259,4.3832538592110035,-1.4016163726958526,-4.539781438962276,-4.944279033541461,-4.103871570064316,-1.041022075021787,-2.936035242634474,2.374127366740007,1.0254977027586278,-0.6653174925289838,-0.0378794942369689,-3.9276414035548086,1.8136405059857363,-2.9587492889450293,444.09736483212225,74.12091159820557
-1.5145602416812762,2.392947773505141,3.0868728280276203,2.2334677523346453,1.3860366171632323,-0.2392645823704065,-4.2548706159199785,-1.3855180732008234,4.937499849569803,3.3026905922146748,-4.363598448559886,-1.7403594807131122,3.318697934959819,2.454070584264919,-3.2850109192174006,2.382243873262408,-4.077213618685569,4.615276852687082,1.2695519574823138,4.008002484100522,1.3203188169359779,0.04201699339195564,-0.07651357106431167,3.6737138795670576,473.8912236065782,76.58959698677063
1.6802425244728996,5.043379387755539,3.179471720582744,-3.0527837094681805,3.3949658137613286,-4.655496993920077,1.5510027371943087,3.9128037411945202,-4.083586546986928,3.07992924658977,-2.587519839158269,2.2344399780765096,3.485004377984457,-0.754327438268402,1.303116550715668,4.477032080288594,-3.8089824298068544,-0.5561628060450969,-1.441592338045346,-1.8861898782416286,-3.1689789807957656,2.8136636467922083,2.1838492388213613,-2.933252362254263,456.6088320451712,78.93013262748718
3.9814348723404143,-0.7031037870892511,-2.745066458354592,0.9030937165405666,1.0859346577912978,-4.779624800921791,0.36541491446448404,-4.7306771457439645,1.010695909822389,3.601544116103933,-1.6679304863220903,-0.43755532109250783,4.333611772138375,-1.5381658774135274,-0.4107221597422974,0.2686261432490289,-3.082202360475439,3.437839229552032,0.6314286388997097,-1.053234563453624,-2.908168902613837,1.384721879884867,-0.800853877489482,-0.863477070413663,390.5728292083325,81.92873072624207
3.0417136671201392,-2.5619372392925523,4.475250161107113,0.8769897507581801,-0.1639805798226055,4.237989929462446,2.5964845701279637,2.2732266158540426,4.632691695330931,2.8264063716196572,0.01984382391399908,0.731937034790592,-2.255252338952326,1.2285373991019313,4.032207836004962,3.088027616756265,2.2303325653933426,0.71603477764305,-1.5396536160240184,3.8641196517291503,-0.2700104918827604,-0.5683858878645571,-0.7768866724663921,4.239453296715175,402.734376796374,86.43279695510864
4.539773201372973,-0.9801613031563718,-0.8717926639395754,0.13663376449872278,-3.6921256917687817,-0.6045733921720986,2.2863581251732903,-0.9820643804357427,4.5812293132509145,1.450669280623731,0.9737703906840194,2.6169106662419814,-1.8081010126243822,3.4100428383771186,-4.2446607110274535,0.687893725241687,-0.6223390119293271,-1.906427870259995,3.1167688388581185,-1.0562382666687338,-3.9922136984459837,-3.2472492466113625,-1.7449172494198222,0.14802418379684568,371.7098113232087,89.25052881240845
-0.16263710454384306,-4.222826673852046,-1.9535400092510855,-1.399882382275568,3.018877103272687,-0.7549332182970581,4.1927794582087605,0.29155260182378484,1.437481953020769,2.65780406679497,-2.506963751517355,-0.18927462085307845,-2.5060133837184533,-2.8429623825795347,-1.303409043710539,3.279069676917733,-0.6815156905886797,-0.2179994920468804,4.141482458038543,-1.1395084252534788,-3.7093884405608204,3.6350455696904946,3.7758906155223615,-3.218486389063121,409.8040548630731,91.53375196456909
-4.301064070735897,-4.493945490226569,-4.467935387150189,-0.215563158778858,-4.356947444027169,-0.23631270608495836,1.428944586602305,5.047307292183487,-4.913643924650935,-3.341879806688512,2.418385008297009,0.02230264048212227,4.416899063982378,-0.015251477476516229,-5.10911883675653,-0.5322199581315044,-4.239650100952315,1.0314747328423035,1.016640995538297,0.9238804760431822,-4.58895939520726,-5.0422035591975325,-2.4857644141861064,-4.407842884305578,535.3084064658234,93.64772939682007
2.8658131475249515,0.7653927098193485,-2.086446862614285,0.7651579719395842,0.7687950326244675,1.3491442010893193,-1.720305523755954,-2.511812305155059,2.865326722831882,3.507588546524734,0.6727564660719523,2.107152804899936,0.7955250248607726,1.8655280925697006,-4.477818864621214,-4.592215506706351,0.9920867970155385,0.6834029313803676,-1.1136899392086033,1.640964577091978,2.913815040537629,-3.4327700982413476,-2.816897948377636,4.330695214496422,390.97215660702244,95.61614871025085
-2.6479535943682273,3.108548346850431,-0.558539889017732,-0.6600254724162538,4.229777320387579,4.619026606634688,-2.719437676296172,4.630608267269067,-0.809567276350128,-3.28971190247289,2.357572514879447,-4.718230932931136,-3.4216085092241335,4.215417363115125,-0.3135770538081939,1.4351146422325591,-4.368650980353302,4.69415004899655,-4.606874520532785,3.5422321065421594,-3.2463991127138216,1.2892430987978125,1.5169987552823772,4.755228045981744,602.4278937546962,98.59769058227539
5.087160377543044,2.0564138082509382,-1.592089476811024,5.096373690597438,-1.014769435642239,-0.6301937712173231,-3.278908254571216,-2.1151938677531272,-3.6539230828745595,0.44646259371972263,4.082556360707708,1.394772037556594,-3.6083213144422412,0.5028707961995771,-1.012259921122773,3.7591035511519015,2.256964390603902,-1.6753454173415485,-3.4904873923139834,-0.16343115659895702,1.701084053003,-2.0340862453223765,-0.9313219728564412,4.187210423125516,406.47365112230653,101.14470505714417
0.7040616315256409,4.352943499517626,3.933687639661536,-3.506311627063411,1.0693817214338743,4.905837120791044,1.5540134538534573,-3.115927188528014,-2.8647360003866975,-4.438598865443,-4.051297960009989,3.1269762339761202,-3.448945999265487,3.9403263194539564,0.08543242925630246,1.34686362387695,4.592765269024778,4.2496089515325375,0.1166825333823347,4.018980802745729,2.1647008030721704,-1.2000311009681695,-5.053643741750082,3.1452997109224983,449.810879701671,103.56269669532776
2.796123842107611,0.6591996829974418,0.8947939810323575,3.0769118522750825,-4.634830802906863,-0.5114149968154562,-4.92719271393374,3.5433879578993475,3.5664544306493804,-3.491572355815873,3.91788139719094,1.8316471499219684,1.7105742719745134,3.167199750880598,-4.335874134774123,-2.167117415596237,-2.356330493705421,-4.324475092401653,3.5686069057223753,3.781102547236199,-1.038824732423251,-1.6402569816205625,-0.151220887091168,-2.3342938904535293,477.64808294979156,107.89658451080322
-3.6489908414955767,-1.5305110594058275,-2.602330479150025,2.465111508424748,-2.736354010851613,4.825004709210481,-3.3858129542850257,1.010964163091825,-3.194943313493166,-0.4556303239585615,-0.9956034154748492,2.7961017694880166,-3.5126801035516246,2.837889105270838,3.354972102617281,1.7855092609672072,-3.9886903269150604,-1.1513380773300161,-0.3574732536546037,0.5447461733665637,-1.8241720465541875,-0.6828472659569398,-4.464188175627966,-0.1831067744867365,441.97386170341423,110.80934739112854
0.24358227064510984,-1.462907640513989,-0.6576096128006226,0.7553441657415689,1.5727749409356724,0.5391168698736717,-2.568553682056797,-1.4797917585638771,0.07409215925545798,4.63624653819348,-2.2532099829156067,3.61309107982587,-1.8717628168350648,-4.61052795148146,-4.610716111419993,4.128384001773182,0.7912513054019072,0.06575761540706182,3.013430552502343,-3.234544359081558,-2.517668615340272,2.503166729315912,4.670130864820968,3.2704594008339454,485.1743477196431,113.22108435630798
3.880193644492409,-1.1313298639499054,-2.5794788555436283,1.7606131542198264,4.003383057915756,-2.878713505147711,3.7019493715915344,-4.3166144953063466,-2.4286539724044105,1.083187623920403,-2.2509469376960265,-3.694255706817158,0.7581822043898923,2.284089244776136,-1.8840224273419248,2.661135094602659,0.9266439153801516,-1.3120751096734633,-2.6976138358089856,4.746420860981787,-3.1706493438645755,4.137096168701443,0.5646633027269328,-1.7116234537267774,413.45750484882177,117.10695242881775
-1.0888059189183341,4.310150000948911,2.0845457937383927,4.55157935939964,2.485979492386032,4.07896215714787,-2.278878578057676,3.5862516864602183,-4.0390483075068655,-3.629606199927875,1.373508187982826,3.5786373234086453,-2.9235656557672693,4.831527302648568,4.603093444885768,2.3459461720618426,-3.645857415055394,3.360857996072922,-4.024303152459871,-1.9900532470216143,0.7372136036007797,5.094924192335527,-3.5877198607615957,-3.927387331337445,533.1598456142393,120.43785238265991
