-0.7445927620650279,1.3458363590291773,4.012170747044103,0.5045709689801718,23.32069998829374,0.22756505012512207
0.4511464150575577,0.6102744464939409,-0.2515241381530444,-0.18185278965495488,5.989332548475097,0.4443037509918213
0.2936519890369027,-0.2779807713389495,-0.8846190123593054,0.49450838765056915,5.887224850753317,0.7012884616851807
0.06896479679385159,0.12029595816531913,-0.0031853979257672194,0.4727754601125618,2.593088013509079,0.9148387908935547
5.12,-5.12,-5.12,-5.12,105.94172549031437,1.2806196212768555
-0.4011327787746799,-0.3223635980500861,0.4955796706015043,-0.1612293689235278,6.2590946299848955,1.5191972255706787
-5.12,-3.6132619714287375,-5.12,5.12,94.26924415223233,2.128312110900879
0.5267244237267077,0.1774103596214287,0.4194973047339454,0.4620736335133655,7.090415369336396,2.5081911087036133
-0.6756782358296407,-0.09225772358851003,0.24727952908646866,-0.5174149172739178,5.384392242842016,2.9224636554718018
-0.7320689550508952,-0.5758819993648752,-0.2865081929368891,0.6323250197542514,7.251596365483948,3.280580759048462
-5.12,5.12,5.12,5.12,105.94172549031437,3.647353172302246
-0.0836168507861883,0.36065135403158344,0.6062925768130993,-0.6501545371065873,6.074942198050046,3.9743316173553467
0.5932361194648035,-2.8032447655542008,5.12,-5.12,63.68589109618169,4.259890556335449
-0.05040686669401051,-0.33347919354781297,-0.03951715321419247,0.6507085582263041,3.704107010213325,4.742172002792358
0.10336915703941862,0.5211601036047453,0.2507242461293391,0.9270258946658938,4.507151158502107,5.075207948684692
-0.38645111754468164,0.6165874734238681,-0.3930845379699397,1.017632826791103,7.0080561745858505,5.3999247550964355
-0.1536596627933191,-0.8318677106194006,0.60667024450649,0.16476060040151008,4.323121383696023,5.883264780044556
0.19278727537334372,0.22914311022593736,0.5842670292973517,0.30692316207417125,5.255943915807083,6.280919790267944
0.3324013364175702,-0.8587749579834449,-0.4058582503297137,0.23785146467802765,5.686567206256205,6.608872652053833
-1.3292165698032132,-0.6789921939594921,-0.1715118233998032,0.22213434972443658,6.5679417946940575,6.954343318939209
1.2293173459123121,-1.1020545428256314,-0.8004455197948523,0.8474359172775463,6.2673026548339745,7.389533281326294
0.25598196799978457,-0.46368617459857475,0.46145336253275904,-0.009587789351984455,5.477850199011252,7.810791730880737
4.574207552334479,-2.4168557009676834,-5.0825218320405945,2.744992922394853,65.05434678731451,8.233693361282349
0.3935874755509783,0.09518220296645907,-0.036952964033872604,1.4739999817598735,6.309779358890824,8.693351745605469
0.8655231937836376,-0.2734060502204638,0.6496844217102797,-0.3590926689707521,6.0800887786193565,9.170101642608643
-0.45358099252352346,-0.9700822368405273,0.816977296193472,0.5595172024637272,6.62506086278433,9.667139768600464
-0.3442816189563329,-0.42541171679715273,-1.2863778218855275,0.45409892822444586,8.796283466937616,10.126717567443848
0.10961385489705933,0.4918286421079152,0.5250822451209682,0.3669419945961776,6.548915745083994,10.55790114402771
-4.829916457569246,2.197085796847918,3.9914093907625228,-4.83096480785754,69.13157609450171,11.047422647476196
-0.23881192777662363,0.105703288762653,0.058146048073008494,-0.9202359096335035,2.249720338216272,11.511837482452393
-1.0856931269978505,-0.19387575252679046,0.0026728197880920845,-0.559708212623435,4.256296006888411,12.015623331069946
-0.9283151846972251,0.26013305950674503,0.06310451509317083,-0.6241576834339231,4.274768876086238,12.424918413162231
-0.5907767229949705,0.5633357028555857,0.1172637392802276,-1.023165388304947,5.7604874377759545,12.942003726959229
-0.12184491873491421,0.13206029684618237,0.6655810644329643,-0.5255987047128228,4.84848872739875,13.498648643493652
0.4113072835338478,0.32723549075797465,0.7017505285597965,-0.731456396000949,7.033687426569584,14.084721326828003
-0.36418414587927916,-0.42988878669160524,0.40381887473647016,-0.41992142836802415,7.917780689547674,14.667775869369507
-1.0711682681542598,0.40258538497743857,-0.10701457791158564,-0.012489693574438299,3.458609178190283,15.190593957901001
-0.718229444831163,0.8532068308731233,-0.2119345827860517,-0.30444617391242446,5.074313992725783,15.77650761604309
-0.9549007568420862,-0.5398670892602375,-0.2777372073158668,0.055646952826875484,4.526098521402092,16.308860540390015
-1.2702375063871423,-0.41998937225142896,-0.4266272781755207,0.5657338351329528,9.10656352399517,16.828755855560303
0.3702147850797779,0.5116399263867288,-0.24720045966390813,0.3275042694816399,6.700422932204834,17.321551084518433
-0.320616297365353,-0.7161396189743847,0.4219742898430683,-0.9003335376231512,6.31671127499001,17.862181901931763
0.2387992342960752,0.2546281732296123,0.8736157852237953,-0.48286595716312064,5.3702622557920705,18.352463483810425
-0.10556259771616539,0.16590569354140694,-0.8145418101421305,-0.15835914926764527,2.496098481166642,18.874533891677856
-0.035791721552930866,0.5914897481692201,-0.617064980313387,-0.04262450680571117,4.375300339737523,19.343895435333252
0.30984835103097463,0.41484129370335143,-0.05290923966146899,-0.35063693623639214,5.267086279117166,19.827150583267212
-0.43222417028168714,0.5948004195248169,-0.41272570455296886,0.3385827082229014,7.945726627045035,20.339019060134888
0.2646429829443697,-0.6518445723486623,-0.5267429548380065,-0.35533643089682787,7.169395797469338,20.799344539642334
-0.5153376723164538,0.3141199706182256,0.22597044364478158,-0.9151162738974019,5.6286491161557635,21.264018058776855
-0.6651505144569718,-0.5207851548416933,1.1468470144505867,-0.7006884010275982,7.720780528968914,21.765947818756104
0.561028362116696,0.6660403080928434,0.16063627181875972,0.9458469616950245,5.634458757137614,22.28319478034973
-0.9750647691510936,-0.5513215082633609,0.5317039116050601,1.013838341169425,6.509992490260797,22.826714038848877
-0.09385305067896876,-0.08833253915419803,0.5586254782952782,0.9421650880369761,3.5335663697369935,23.34442162513733
0.5315227583566617,-0.3348252538211334,-0.2989014195985433,-0.7920499768390412,6.641155461011245,23.956132411956787
-0.1957064419185146,0.3024656219636368,0.3164867013554309,1.3274948604341974,6.8549523104258245,24.631690740585327
-0.2369828728969523,0.8671259916272076,0.7898248931009437,0.4423200041376898,5.561987897479378,25.202665328979492
-0.2654378578556189,-1.2679751414728035,-0.9075181377852086,0.2484233520766841,5.927293491458936,25.749638319015503
-1.345881926309683,0.34758534340321745,-0.21718576904004383,-0.21506624834290644,6.745281351209103,26.33663320541382
-0.4606657208276541,-0.9369887778042143,0.5734196026285865,0.03654415986356341,5.388991991765039,26.886979818344116
0.36968990460294116,-0.3176660328375007,0.24904276078930465,1.0080210698136671,5.406556755315859,27.43817687034607
-4.427097146135268,-4.9963139846075935,-3.878476446026035,-5.052642254106961,87.36311739254882,27.978615283966064
0.8508743286699154,-0.33868482391741317,0.2694441787531545,-0.16649607163024172,4.496566067933935,28.540886878967285
-0.4095095383400853,0.8275210421340091,-0.3703306416987582,0.4218197078545556,7.110009305598542,29.17182230949402
0.7251657590222997,0.09134589464807696,0.3822783257890583,0.2105809770887337,4.53387011508327,29.817756414413452
0.10280107018359796,-0.7572852330883464,-1.1698873579554787,-0.02918403930235769,3.64362244134474,30.4519464969635
0.6866236611763261,0.08076525278610536,-0.3700367223090488,-0.20446100982062632,4.572964727767975,30.987844467163086
0.7713195242561071,-0.8487742215114045,-0.2974595116461147,0.20288780107719173,4.731992459047954,31.540677070617676
0.11456781385969084,-0.80440061030564,0.13844993163760666,0.49146846580383663,4.187465200814976,32.1433961391449
0.4254207398177119,-0.6891930377544728,-0.9301623567702881,-0.8142889342543915,6.150971378405453,32.756675004959106
0.5728849464555363,-0.5885789757590478,-0.57930470274579,0.3876473058452792,8.545935662909612,33.291598081588745
0.5511844329867435,-0.28131932115833,0.9812817711645803,-0.4705481651569947,6.701357220679109,33.82291007041931
-0.12454224369812739,-1.0818007614094247,0.46146423437526707,0.09833462023422257,3.984192076150246,34.45808172225952
-1.1107821290943152,-1.3301044829145412,-0.5413483010566571,-0.14091267965775955,7.364333234486082,35.08904838562012
-0.5194503751381818,0.17176899823382197,0.04138286535646696,-0.9327846414684897,3.813166998483648,35.817556858062744
-0.6593742127568438,-0.7005826157068791,0.772631150103571,-0.056763674853551827,5.2916609102454855,36.63126993179321
-0.8162121250833927,0.17588709355729737,0.10381310599315174,-0.9767411842914591,3.0247515103201845,37.3607542514801
-1.3459426288317542,-0.07872207762745465,-0.1385100486496178,-1.0424307166892497,5.001149597755458,38.25229001045227
-0.5227160260990305,0.11308180990508543,0.3002054544384327,-1.4902815486184564,8.137267397493321,39.144060134887695
-1.473487282390145,-0.5958875439981943,0.720446142175529,0.3098632054897106,9.50334699924589,39.89200782775879
5.072676121329471,4.959824000698123,5.079444438357604,-4.450194519709981,98.1444869624741,40.72823691368103
-0.36554371505601946,0.8686487086584487,-0.0804869046074419,-0.007702177554818057,3.0065895925016752,41.60023736953735
-0.2870141262415906,0.35960440055626197,-0.9369454827654033,0.24402700229936958,5.05502981156736,42.576878786087036
-0.2692741348814822,0.7001322755733543,-1.033021144983345,0.3412988743370411,5.739490934747668,43.50219488143921
0.16174901982431855,0.6935653346008044,-0.5599927619887604,-0.3082420333391349,6.024115666132484,44.25316858291626
0.04118013315993618,-0.013144607971307565,-0.20576561369644875,-0.7105200443056283,2.5568981813422553,45.15038013458252
0.11071774640578536,-0.8579389573993241,-0.5817476407650499,-0.6104165808162838,5.704138962310337,46.033113956451416
-0.4871350254529805,-0.3064779738297929,-1.0529231230655975,-0.6173117286294225,6.9603513644021175,46.90174341201782
0.3142275642902108,-0.15911055182667244,-0.015105588734952491,-1.226180455795185,4.335350038712662,47.74071979522705
-0.5760047561121038,0.6383561541289406,0.11288047723966521,-0.6363614055770732,6.586468885161563,48.580260276794434
0.27964461164639065,-1.0350341912489318,0.561939476947753,-0.15027209546718723,5.035992403133403,49.619922161102295
1.2116418303272436,-0.024877637451494294,-0.14320035365437356,-0.25590317732435075,3.743474163904435,50.565027952194214
0.2746103097419015,0.13158960567566158,0.11237236812600582,-0.8147654156077628,3.08925894254,51.562495470047
0.8419845195227387,-0.3310154492960997,-0.0772038397294077,-0.34782265427607584,4.578500065818265,52.62600541114807
0.37644688263660875,-0.09869107608315186,-0.5443610960719276,-0.4548158893880032,6.475697052322566,53.54706001281738
5.042763958867332,4.9861974860401945,-5.102382800399538,0.30119541435753483,77.97232734684533,54.42235255241394
-0.15370466509083247,0.8099280603781711,0.8659045251482667,0.06567760026899006,2.9155926506536094,55.29777193069458
0.1360949246026113,-0.2721950340062911,0.7989663276234511,0.015410714557061667,2.915915363333701,56.2484974861145
0.5334706153884596,0.2542583866150787,1.07966796548361,-0.6180432139838583,6.761639392774272,57.11414313316345
-0.07845681228398682,0.36858877163385184,0.7204163085488915,0.09312474532710624,3.8179704417665015,58.03156042098999
-0.1528695676070324,0.29167773069022473,0.6164803829270076,0.3860584535747513,5.821736459910593,59.020692586898804
0.6153644483656322,-0.3818772529779597,0.16525061381077055,0.7917675988651816,5.8971771830817445,59.99355602264404
0.6153908857740324,-0.037771156236537706,-0.090020727506114,-0.09136961158616685,2.4891547947458603,60.9833300113678
-0.202969097531434,0.6032896086839186,0.032695194293597574,-0.461173483752793,5.1157959249230505,61.95285367965698
0.0022932509402506795,0.29691343568502493,0.21816203673059142,0.5084531693429213,4.484779287286019,62.95772337913513
0.33465709910164065,0.3492350465298877,-0.21135515256622828,0.32854582774803553,5.710942882466908,63.91065692901611
0.17436439934165193,0.13414072336447713,0.8380152984086848,-1.30079876015117,5.108376266426094,64.96921634674072
0.28047761665510773,-0.37300583620229943,0.7178609549023474,0.05886665270358016,4.8933022523386605,65.9728479385376
-4.953379860756001,-3.7258238397143915,4.727054790522879,5.062836332204388,88.80961121466618,67.00584387779236
0.6109974450631093,-0.8039947115178165,0.24376205943277185,0.06300329784731051,4.554980985494487,68.00977659225464
0.010474726432526005,-0.3320552629117097,0.5164976532889014,-1.0982402443737662,5.257632205938683,69.13300776481628
0.7615031776168841,-0.0602243855570892,-0.6633561155496803,-0.37651333187920866,5.395550280473499,70.18629503250122
-0.42806774718939344,0.9880536505058863,-0.10431812842319488,-0.14004900227561823,3.662434636019714,71.38520908355713
-0.014247233357702171,-0.011716156444139258,0.37327358166027214,-1.0811215316188054,3.141714514262376,72.53893828392029
0.09424055178544233,0.6782653854728347,0.31435852114764806,-0.1399944661834729,3.949201962187724,73.60179829597473
-0.10344271311946596,0.7592796298139843,0.6966191447554602,0.30612064084740354,4.986310214831185,74.70261764526367
0.42349706667950304,-0.15385513922954175,0.622623662793413,-0.5365885618022812,6.888546338177781,76.11289882659912
-0.11706945590795304,0.8781635183116068,0.25514508589468043,0.05218921259824594,2.4758346423388775,77.27652788162231
0.23987104028239514,0.8003295419316627,-0.06584230258548107,-0.008306990408200043,2.413606842787774,78.47735953330994
-0.34600084000563314,0.628101616182593,-0.028728840356745167,-0.4887658993624937,6.028169575045122,79.69176721572876
-0.1687320363393603,0.44812696307444444,0.8569249872395366,-0.22150187067595528,4.670783422202397,80.86569595336914
-0.31201990855627315,0.7984319616835673,-0.06166310632022398,-0.003584531851169359,2.8933025190543207,82.15866804122925
-0.2351441877200049,1.1130600538778825,-0.057960555520127244,0.23632374355289887,3.481839581819594,83.42470026016235
-1.0427433298193787,0.15976031310516614,-0.21863420109244203,-0.740169872088047,4.073160137593987,84.58447074890137
-0.3471782392829956,0.8089772707230729,-0.6141087848229354,0.5236806819761526,7.380309373860188,85.85897922515869
0.6267285269542935,0.1400461581108674,-0.1346266437782928,0.07108502293908003,2.932791029767164,87.21333074569702
0.19993321689167587,0.6455742640667053,0.5191672154131917,-0.5973758334360113,7.195122884855083,88.53422045707703
0.34783028460992593,0.25061926029353376,0.37833435553255157,0.5697065840859725,6.859466332427037,89.82350063323975
0.7654771890321195,-0.18621304463183286,-0.40293146020206194,-0.5722978923631832,6.341565960145575,91.06927633285522
-1.149824286432589,0.23182579742143172,0.012001685646050753,-1.2581397932848732,5.310240350780227,92.40074300765991
-0.716017606249916,0.5614924255135225,-0.5143214081937391,0.16320805229723412,6.734555026254889,93.8759331703186
-0.4546086252542265,-0.33195097823158903,0.0629716109124594,-1.4778381518640114,8.02447478113192,95.37137770652771
-0.9120105111125678,0.3126111331231307,0.9752624570455133,-0.21652916527601374,4.263108275832987,96.78527760505676
-0.8686078331811427,-0.4068031662640319,0.6585248295637776,0.3897706585665768,6.974018985493008,98.40208005905151
0.5915042459969246,-0.3308689650524652,-0.4743458179114626,-0.4296294156849978,8.085564063253516,99.8932716846466
-0.43892315107136337,0.3139871043814688,0.44913283664570613,0.927667882166106,6.722960593497929,101.49569082260132
-1.1363514286991632,0.6080286442951515,-0.3402568047960344,-0.35721631657314656,7.188841271159198,102.98765897750854
0.33804306609909673,0.6370294756448436,1.011189669824935,-0.17215473125020964,5.281944176465341,104.43611693382263
0.5112118457659323,-0.8212366362760193,0.4531979174968441,0.08311004137397493,5.80313279366455,105.91024780273438
0.20171499683652883,0.3796117010646718,0.9498465074443017,-0.34418524760036906,5.24109513778172,107.33231711387634
-0.5031081137139504,0.41257572548441956,0.3212586364920549,1.3740243871422422,9.402865107982112,108.96255302429199
-0.9412416411535425,0.27199901159149054,0.6027948636297094,-0.8121612825009494,5.605905507918982,110.64388823509216
-0.21208739679279276,0.9595444241889268,-0.12411831649177962,-0.5989832165538358,4.237802558884276,112.33845639228821
0.5413034720628218,0.2622366585059055,0.28448299189650683,-0.6295947806406268,6.783793842155985,113.9127197265625
0.23702560067894662,-0.4886165161774114,-1.2814781480447759,-0.25039249890577153,7.114785014320814,115.40397810935974
-0.8458619341659404,-0.32352863442689017,1.3469452127319679,-0.6856617213370724,7.949204784788805,117.07728981971741
-1.450895661521478,1.0697356037950625,-0.049570702005808265,-0.6832968629612743,7.221091070224782,118.72799324989319
-0.06260237584900086,0.9416901516633596,-0.2244509766246816,-0.4335362261888518,4.025987376449818,120.59867405891418
-0.1901573215928387,0.4468917511148023,-1.2318377058950953,0.7327538083765663,6.862139081618464,122.35963582992554
0.308338804607347,0.6912626789510012,0.0638513807102381,-0.3076726009272974,4.824685105991708,124.00012397766113
-4.8533432440132085,0.297920466669801,-0.4075030562046287,0.24615193371609845,28.373904572914824,125.70233726501465
-0.5867781700152861,-0.04867091802186607,-0.7084749907353993,-1.03793258255254,5.1135429603787,127.47534608840942
-0.2194968850352117,-0.34182696469701224,-0.2109750170309166,-1.5812585784243147,7.694629771977774,129.24029445648193
0.4534339134103478,0.8052560281657941,0.04208760033572023,0.22618454666316623,4.40990428425292,130.82036542892456
0.61976007569384,0.5591758416762787,-0.3095719924827245,-0.07902345350047923,5.946906430903886,132.56479287147522
-0.6143768454095637,-1.6374313815905528,-1.5944003693171722,-0.03526099132242866,10.85810142785524,134.3216004371643
0.823178863726806,0.5671818711539682,0.789872158270513,-0.5377508816934435,7.104940077610314,136.15393018722534
-0.10521299036659126,0.04457432002156381,0.12672057476065923,2.0596002703423713,4.890578073658306,137.9019274711609
-0.185719384104158,-0.06953759965047546,0.01847099007096542,1.878069695400396,4.55387258675763,139.75808358192444
0.6664854043283119,-0.6076160430127935,-0.27165610146840447,1.1902315062421591,7.353686534285345,141.63122248649597
-0.09783486793688301,-0.5286371909774914,0.33598996037060047,0.9779108376171335,5.049146813746444,143.4519968032837
-0.4496268248508173,-0.435596924745429,0.9047146388234717,0.5322585462920042,7.516741636721757,145.40000748634338
-0.418823244169265,1.0352761567165052,-0.1887618376860054,0.7814764141209398,5.218898022812644,147.239337682724
-1.2567998894775472,-0.028383202538957875,0.19892840973304793,4.959080043349597,27.988427950908353,149.42008900642395
-0.06168329646794213,0.903943936958659,0.15677233085098674,0.4291390643150548,3.630165709475584,151.24860191345215
-0.2119557687744189,0.7704775532258061,0.4809068957460081,0.5972589675609115,6.673304407952206,153.04945540428162
-0.014254136911876714,0.7623315258445142,-1.049037580558851,0.9464582767539778,3.6073671115102712,155.01904559135437
0.9833161900712204,0.10789119320521223,-0.22502456346463795,0.7350297844727312,3.7336941785370685,156.95766496658325
-0.38866869953802485,0.7559438625926642,-1.4228798838990948,1.13304996624991,8.973147910486407,158.91988897323608
0.6208793930891288,-0.3263647261229581,-0.5684006864541429,1.0103147350039663,6.933768686001038,160.8781008720398
0.6354667408875034,0.6235644446931694,0.7604921737468153,0.46189459194028704,7.86250908087124,162.8670620918274
-0.7679543209632085,0.9139668079975687,0.28267671925116034,0.4625861901468724,5.92536138132904,164.8867907524109
-5.068512173182187,4.501874387263743,-4.945485950082832,5.109945721567018,98.90458685072774,166.85351490974426
0.9471678592067985,-0.1655840309962766,-0.6314552170356542,0.27729300249984945,4.797386424155125,168.88711977005005
-0.7216375442342953,-0.21362414659622697,-0.5137029931889039,0.11724663143538905,5.050321102880454,170.8607954978943
1.0934153380336342,-0.49425091792319265,-0.5996861623888368,0.5202943047243025,8.03893810215887,172.96747541427612
-0.7516728278520581,-0.30658794267524936,-0.09650953021829167,0.2554982166168376,4.284026689405351,174.71882367134094
-0.42360976748112567,0.9221429938527566,-0.15969724648106265,-0.17900749827112605,4.122787492929661,176.6508994102478
0.13589702940693993,0.7883986850935045,-0.2771771988509295,-0.4615346657420716,5.17474296790877,178.5170521736145
-0.08720235149395172,-1.0323387513165487,0.44301395665719046,0.12991422865570001,3.7050637797170385,180.38127851486206
-0.6062958013404192,-1.1260912157353697,0.07403790933386833,0.3632818985915991,5.61546938698152,182.33963084220886
-0.807432142661014,-0.4279935186554944,-0.33491994137813563,0.7929842178555164,6.364233883416844,184.22401428222656
