1.8579803812169509,-3.3865755853600223,-1.0540057772843516,0.25731640516900356,3.1350905980686763,-2.5336708921198587,4.621272555298764,-3.6188162783367157,-4.612224788997465,-2.0165576413347885,1.4287478943304475,1.8656647930000023,-0.42939883633063936,0.37309743664333794,2.38686201708916,3.9347980841747985,-1.1141840136928538,-1.2847352823719067,-0.09361275690928039,-0.5285502739146235,343.0196829908283,0.5635266304016113
-5.1038926516572385,0.5328311397342755,-0.7000902560558027,-4.710903147832222,-3.4888452609108285,4.735069245833729,4.616274543229928,-5.023019463393544,-1.1388281890669454,-4.337916646514848,3.964167733672043,0.35784985370915123,0.655571627081887,1.3952321352088761,-1.161145702692902,0.02738128899745984,0.7060880254268618,-0.10614757916316009,0.04434408404697443,0.3234664248286663,369.6710142420362,1.1416501998901367
0.8840158775519278,-5.098196531118921,4.831995754810886,-2.966216320665229,3.651727873499813,-2.097483902890536,-4.619713832925395,4.56283130367783,1.4036467003477355,1.1343146575456604,-0.16637572056512706,1.825095627011998,0.5763767573427279,4.11595461343203,0.6611178397945299,2.4874358984886307,2.8542259817802913,-0.8469573709156295,-0.5156864999032056,-1.0877960825415824,341.7785711179836,1.371459722518921
0.6473349149670913,0.06929674122247675,-1.3081206610572162,2.189892774062864,-0.8787882752511642,-0.7877027254231255,4.362040764103308,-1.0833484113326168,-1.323183848558502,-3.1949449372388035,-1.0392864537456479,-2.153528995414486,-0.5179937724655099,-0.17621136263487447,2.0329847997825574,2.495543087903444,4.8415482376103585,-1.5279646069820667,-2.1405514919523676,4.218950492388177,277.52285234585736,1.7932803630828857
-2.462908380174793,0.5958621117761602,-1.7622207082475705,3.9724030934657817,-1.827698414134844,2.4425170205709925,-4.419965588384886,3.2789850256875583,-4.7204010101476825,3.9478937076471423,1.3504098558932505,-3.05531579284067,-0.7773246050420486,1.1623544465574174,1.9675088627781774,4.270792628180314,0.7014543183124582,-0.67847265383151,-2.4865572055977827,-4.627882949339925,386.83604330034007,2.1995303630828857
2.099860077686551,1.4523200050763219,3.364502659012518,-5.12,0.9256904356831743,-4.544977448461241,-3.2753440048804316,3.227128499915623,-0.734882963362427,-3.470206986476724,-2.1250612649327416,0.759352269481294,-0.9838414690918249,-4.633633601061855,-0.9692772195367967,-4.5571732556532565,0.9483742134870594,-4.170505013169412,0.14178477085010766,-3.842857053830784,356.52588728944,2.5969529151916504
-2.981789026515219,1.0094719135264834,-2.473173170920343,-5.12,-3.297669797198525,0.04845190062103466,2.56857352370145,-3.3377123934921764,1.072467983129278,-2.727575521214046,0.054598909837840104,2.2567585633276996,-2.840629148291153,-2.1864661020531693,-2.750497053537031,3.990468721833584,-3.8457185544865338,-0.033518450185951565,4.311908551543389,2.3152114941032167,306.4862714402062,3.096952199935913
-5.12,0.046242053540254346,-3.0077756835706664,-5.12,0.2024955839001601,1.6133361264840822,-3.2175094622288123,3.603579126218407,1.8794602260452056,1.9469658604264257,-1.311609205937545,-0.12326675382627883,-3.263197899470196,-3.0297838793826792,2.0708758143647454,5.12,-1.3381623903569482,-4.13431828535116,-3.506060160462627,4.769454985569413,339.17033472041544,3.4875760078430176
4.015274854335291,3.3863614416331567,-2.7024842786478085,4.542814955448626,-1.1346923865690028,-0.8387986470342472,-4.782607949541756,-0.3593221321528093,0.3670425204478729,3.2452368925299853,0.7058224878673638,-2.5317814403898904,0.5667912520685725,0.7596761301489963,4.478012331717951,-2.624222458458801,3.7814054450854764,-0.5006762398645854,-1.645306461003082,-3.8989872249811457,411.5514482712798,3.937967538833618
2.270722355544722,2.375790515381876,-2.6870522861464416,-1.6101878297908212,-0.7985070795078988,0.8998307785414896,0.6039114787382562,5.092388367777818,-2.630500792560827,-1.474594363769469,-4.772439086755953,-3.8706204734438314,-0.1644780717732166,4.324570723478277,4.625635714445759,3.4339686287645756,1.1125568593526864,2.9558314154231633,-2.41906687598674,-4.731607392840569,410.4701587769414,4.594217300415039
-1.6231123571925337,-0.4513435260992962,-2.836077800198139,-2.1032295962984997,-0.41991296053613425,2.9457228960964903,2.8025317660202624,-3.819652788582026,3.636552657153996,-2.687740771923413,-0.6008655326622794,-3.192551341313562,-1.1622880763213157,1.0620500977705616,4.097685522363899,4.581296932676117,-1.8057255563789214,-1.0645797591233483,-3.1333123677891974,-3.5920995550054373,330.4106633771862,5.07291841506958
0.5850850616101972,4.177583075653426,-0.34861552242972405,1.0821380328203603,-4.642699442532244,-0.12742418901275432,-2.183094799691209,0.5753221872891565,1.678494560504026,3.9961220074569868,-4.599799267284792,-1.4922975089353612,-0.549759443835848,0.49977752847525636,-1.4991127835128015,1.5226477556291922,-1.4945793202907764,-1.631278890046127,-1.6601855966548937,-3.0580935945679633,380.100809658718,5.682292699813843
4.675965545513098,-0.4674900457571409,-3.5131283053054023,-5.12,-3.503033848115981,-1.8374568944671528,1.688054366159049,0.5736695213670453,4.69346091344874,-5.12,2.7635718048090085,3.1216838054670584,-5.12,-2.9735682288348237,4.864624403640156,3.9030683749086448,3.066644709952606,-5.12,-2.8796914290626057,-5.12,448.82247186759037,6.2972376346588135
2.3536362531009027,5.12,2.2578715289111333,-5.12,-3.4490350764334043,-1.832920285349997,-3.3817345354770456,-4.00200679392392,0.3880528689496785,-3.714790598419868,2.7373788790573963,3.557012933092987,-1.107860191590774,-3.9402638645709436,-4.7987109078269015,-4.282737193864564,-1.0669351629943495,-0.06395554592976538,-1.456844589899171,0.5377642281050763,398.3374451012494,6.9066126346588135
2.9153712347161393,0.14266167232885252,0.9808605733049776,-0.2355318039420924,-1.5067716963183075,1.0892526294101659,3.044827191632902,2.836577496472322,0.43495859823277794,-4.547786741552407,-2.4987805064192985,-0.8994747675581083,-0.2829793402451797,-2.030462482585878,-0.47743909307493215,-2.952270428862858,0.43189045547070926,0.06816903650832806,3.915084937822974,-0.09760652196150055,244.41076356374992,7.557910203933716
3.3176493741353807,0.18560861181482657,2.3035828103446274,-4.480521902356084,-4.434251631362341,-0.6963698324579299,3.657576751970276,0.7675359348155748,3.5455737684740667,-2.2675683884209143,-4.445720213745651,-2.583688951582965,0.0225113066311744,5.037393628735864,4.984490622185512,-1.503605485122534,-3.4848679151996587,-3.650972898271773,-3.054524938906318,4.380662481055299,474.3032468026439,8.026660680770874
-3.8850717908083414,4.177170704227195,-4.507293627981723,-1.7429004434747224,-4.707513492058288,-4.975322175133833,0.3051215868382302,3.764049078771335,3.600866211344486,-2.1477022008060103,-2.5820739310819327,3.9671580110886326,-0.8013502013051177,0.42627330804157637,3.3645226928238747,5.12,2.0905793305945632,2.3061678123598623,5.12,1.8459020426533952,416.63642498082334,8.655513763427734
-3.4415577023147925,0.838642080825907,-3.889954881275389,-4.853446489742829,-1.3181503254003406,3.553109545578832,5.12,-3.743500152087363,-0.3316416253591292,0.49409324931882637,3.2188217431376964,-4.967996352745228,3.0159192763752474,2.4668758845530503,-0.5060771652316456,3.316379063653062,-2.1464313884947597,1.0066762688775475,1.9499812477608067,0.5604004277819232,375.16882920694746,9.249314069747925
4.977969078602794,3.9774199177841227,4.027057175000791,0.5140369547929184,3.209135434226666,3.50955694263119,5.12,-3.83544060215419,-2.063648841593478,-4.522065978674625,0.4195437199219727,-2.577651606367448,-1.118314200959353,-4.116300225255626,-0.4685497750115424,-1.8406655532057625,4.3781853026059325,-3.453274390629412,-4.467086611704387,0.41364558418493136,443.5245446285845,9.902043104171753
3.544765726719713,-1.2662907110829567,2.8820543352227768,-5.093471176074928,-4.236427010012777,-4.0020478183388075,3.4807608034170974,3.1883924493734144,-2.101033507154898,-3.532516239585541,2.936990936188269,-5.041048638885722,-0.4748264803337072,-1.2214904636548232,-4.671128906627136,-2.9574794360541268,-0.5454729971969128,-3.1256618242595593,4.378206408942504,2.9695229299848718,402.15641586121177,10.292670249938965
2.0612360752928724,0.9919406401938895,-3.4539597002161164,2.720396490283407,3.1869068339318707,0.4037865772390328,4.354048903964917,-0.6005287295357675,1.281621543537983,3.4561803866349967,0.41759109159410546,-4.841529603344855,0.21183072061906572,-0.08092654005036248,1.2938291714206605,1.821884831879622,3.062050742866451,-1.3367221995152483,-2.317644539340104,-0.9405872294279218,317.4010864712694,11.0449800491333
1.6583343323868194,-0.4800948767707478,-1.8207105490371807,4.665488198956946,-0.2163787397699588,-0.9980586078703224,0.28105940394813356,-4.0222177352362225,4.076027842184929,-4.564713112433838,-5.02340025197336,4.649302369901993,0.2994374258542276,2.6636269339171994,-4.930401572129877,-4.2638826882342435,-4.443541388823049,0.02580449643276328,3.9485953027475658,-1.787073345245417,398.0187019361257,11.7012300491333
2.394750574967924,-3.248670844235649,1.2313639214073495,-5.12,-1.4562222704659575,0.3084650839011509,1.4282512375110707,4.204528158054825,4.286701295327579,-2.216734036912975,-0.41655349304518996,-1.0123644882684788,-1.6880753407328188,-3.941370016994612,1.7098557302000055,1.698522994699431,-3.350515098260944,0.044913325399934756,4.086611414858608,1.0263639775787148,339.2808386287726,12.416923761367798
3.4589143956841175,-3.9536781709721387,2.3717616725813864,-5.12,0.9445199604004211,-3.0394285202905214,4.5872946219247615,-3.2545673164220315,3.5795693224725023,-0.8190285167524642,-0.7636633304895,3.174486137771125,4.229818696178538,-3.176590650416681,-2.863500932419953,3.3304902508901746,3.971233794923555,-1.3416405919960441,-1.9977567760243615,0.837270363950859,356.4652376792601,13.104474306106567
3.9327770484182922,0.9737346705852712,2.6982792955589865,-1.786933400049071,-0.3330328447466657,3.6120614594355613,-0.0732365407492761,2.506411234915472,1.5141301764746435,-4.3681600981198,-0.92271601023808,-2.837378106514295,-3.9716850600613216,4.379884823956227,-1.3133158996211485,1.9856816084599087,4.284111860007104,0.05787962585150552,4.0224567609981525,3.2914422884554044,337.62202268505996,13.724488735198975
-0.5579452055730858,0.8423758474663998,0.8429026813680789,3.4861211514804227,-4.386123691053932,1.0080121128872772,-0.8951597282466297,-3.164217461519737,-1.047864338741177,-2.829140683338579,2.0602569822653543,1.6445017466678618,-2.3358774320966615,-0.5668804521452939,1.9994284401936193,-1.6334769542967456,2.594312836939072,-1.3708102371060789,-2.280972485168087,-1.0876132835230887,283.35528536679277,14.411989212036133
3.879070002371688,-3.572941613159279,-3.52236690986306,0.9558738292766096,0.789732108415258,-0.9842157208880522,-1.1231864494258326,4.591069294169352,-2.6754310126792125,-0.2586758639484339,-0.1704289922487776,-2.771201357515854,-4.99055023821401,2.852095474537605,-2.264750399293652,2.7631160565271253,-1.6185571683699642,-1.3029599016371778,-2.0895749161921593,-3.046938393383842,310.2736134629187,15.179363489151001
-0.8575375669921117,2.792747047209949,-3.306802323090709,-2.097149569175565,-0.9260134333954593,0.9402014594701305,-3.0048164551754906,0.5268289317820525,0.5581983423758796,1.358490699434948,0.08168437674371809,5.12,-2.614542461077598,1.7022027728806757,1.4946492678541166,4.762788208460484,1.8459802662314768,-1.5281184506631105,-2.0614503475393615,-4.969238849166689,305.047802706632,15.89811372756958
-1.0671854565824654,0.46166143869787124,4.7333455031190015,-1.9017887464358685,-0.8462545051774057,-1.5960267763625655,4.603148978039925,0.3136137090246507,-3.845730350413854,-2.7484913311417425,0.9547682753487914,0.2715672554511048,3.666525311175019,4.283383573784431,4.24298033542557,-3.8465878779247333,1.383605235984236,-3.0343582603962553,-2.1819798870029645,3.8355865203150143,353.86987468593486,16.62545108795166
-3.02444392991278,1.0402096541985744,3.2206373667429053,-0.019323316177254135,-3.9401337511330903,0.21403133345136283,-5.108681766593286,-0.6937705603624309,2.6501622788485486,-1.4268035079186037,-4.9046296652000025,2.9640151872780676,-5.12,2.9918838463104107,-0.4693290763686937,4.30645357989347,-3.6533358822374975,-0.6931289340623579,-2.169736812931716,3.0564613339409687,327.1301937834563,17.359824419021606
0.9757505648109612,0.9534916313119881,2.8677346974073963,0.5331570020808849,-0.8604746611657159,0.19371070344440344,-2.324545411135957,4.903568873566852,-4.56176940683754,-4.496403025385982,2.2991539365699216,2.287127518793101,1.3320058253333933,4.919900110210903,-2.663574561683154,4.6438482870672315,4.527686995999219,0.18844855479613631,3.8337048608272957,-1.426753735289127,396.20724894777504,18.188335180282593
3.303942179031563,2.7257902532605156,4.200370895191388,-1.2179011191066218,4.04540908379169,-2.7451961392488027,4.369786389391396,0.4791182369907183,3.602806017816852,2.0080115169938857,2.7060754645369647,-1.036354160437872,2.69012566812082,-0.31296725045979734,0.71607409486462,-0.953076469280389,-3.2533840375225838,-0.9199359829261837,-2.144834876799948,-1.667520240061465,322.22501504633584,18.907085418701172
-1.4349461600383533,-1.4453214772115222,-2.7116572310273974,4.048681252905403,3.1245865308061456,3.595808392385032,0.9222757431488251,4.272395431252527,0.42965462403031207,-3.244729281966772,-4.332640175980262,0.20840797157754043,-1.0909359890874217,-0.5011494588124927,2.2958161586389467,-5.12,-2.9430475459458427,0.21344671674532645,3.916716830611601,3.509677286532823,371.5765846733317,19.63348388671875
-4.246413298300742,4.811976706847207,2.407863776435075,5.12,-1.463372811485157,-1.1411142755132708,-3.9713345930497397,-4.776393571973585,-3.402445644218144,-0.031474229790092956,2.965122628500743,1.5435991446875468,5.070714352083283,-1.005646768859596,-3.09434668162735,2.8755266619790385,-0.6958670998579493,-2.0583773837712083,-2.156068895579457,-4.948054708425518,348.1808578638707,20.524113178253174
3.534194481146687,1.3220497515374925,4.173132182568334,-3.237192999887339,-5.100139860139087,2.1023732206482872,1.3821091333951543,0.6070061330046475,-2.8689990574331996,-3.955742661185072,0.6928469980718894,2.501004845862415,-5.12,-4.033055705743911,-1.9700022768302627,4.988075592435382,0.7648204445780733,-2.2247647593170683,-2.165872489804391,4.2195241453377745,363.3156010592107,21.36283802986145
-2.839994151729209,-0.6726099726959607,-1.2876368841813184,-2.692794872685588,2.1593439687462306,3.563398931662637,5.12,2.929289493057648,-5.071827030977522,-3.7189070273881875,2.8135540071501417,3.8095966276518896,-2.9786162299786305,1.2407058352107097,-3.155912215051024,0.6495517451606521,-1.5731854694293843,0.08117792443385508,3.8805865208702075,-0.3464078177633523,336.5434893154952,22.30033826828003
2.683454747871483,1.9477339839728849,-4.219987237362337,-1.526068871695201,3.5468401772538014,-2.8552313966198164,-3.354035463518621,-2.212830767319961,0.031013360497756715,2.2996468706711592,0.7405554023756453,3.580724681103214,4.797366161704965,5.044829501576506,-2.672149142183786,-4.055805518736633,-0.5155329271385902,-1.6291020135581102,-2.2424876525628794,1.8204671850652598,377.2140513853671,23.06645941734314
-4.047385854526282,-0.6513760306002698,2.673205569125498,5.12,-0.3217447451863089,-3.876465810043346,4.991695373829676,-4.8848046254360895,4.659895535492754,2.792025668296713,-1.2394335966691288,4.476806432732778,-1.254451392984501,-4.420569664504871,-1.9565205749428727,-2.8839123176337016,-3.89084347075958,-0.88952257183489,-2.1011013341716036,-0.62134060974339,380.2101457456591,23.80083441734314
2.8529330041240897,-2.631673318212801,4.401979610985495,4.282065029189252,3.573791636112671,3.3979332619830034,4.308477849051877,-0.19092168994465375,2.8102859518929275,1.96938147832702,-3.641689401439093,-0.8916716324437823,-1.0119806513599334,3.874727721578693,-4.122534970255783,-1.804916142761976,1.7235366780972496,5.12,-2.1401386167468663,1.2330631309531581,365.2836246418466,24.634088277816772
-4.271797508250768,3.3402243331841595,-0.2280102302001925,0.31925367597072274,-1.1228244790474506,3.615100206352376,2.5116083217291294,1.2864563529332234,-2.620632345234832,2.226034337134587,0.8120028749650148,3.5896411531737185,1.2034371355824733,0.36964322825218154,-4.75489682948677,0.7262243584333739,3.576176397620377,0.15464195814620751,3.9561475595584126,0.6083644886866955,369.85254956979867,25.774766206741333
-2.6406146317259775,-1.0841592323904772,-2.8102584310874934,4.796202670589282,-0.2095490297099234,-1.3072230275411814,0.9081081697655113,1.495875421023972,-1.2394309050394456,5.10478570430742,-4.381052128389603,1.9842415756062248,-0.7321927296533426,0.6085954294514808,2.707165508384641,4.073812847040007,1.2820179909287832,-3.0845575507540444,-2.146476944379937,-3.745935308136933,321.97206438302584,26.629209756851196
5.12,-2.5455993394172545,2.833371825937526,3.7229971878966266,0.4727825782830424,-4.054634529449667,4.259787214672023,-1.1001817801481852,4.612501161094879,-4.0654754863768625,-2.275126180353303,-2.6560344348820197,-1.282631581788071,-1.849748699501422,5.053182876602567,2.1202209993742898,-2.701308182479173,-1.1823864834878055,-2.129520250791876,0.7882605724609002,356.206023325393,27.535459995269775
0.23274051633891446,-1.5872470692429386,3.9064391702971966,-3.5678809416182693,-2.4274307647237885,-3.7989378445666118,-2.296833615771612,1.1232253525418345,1.7096834418311664,1.3967929332220947,-1.9491629811106606,-4.822504656424641,-3.5599475301676833,0.9546180934104358,-3.8304041089349763,0.49747014210739593,1.9123986998474507,-1.2246816341348632,-2.1362589413509836,-4.812390168182455,341.6394261650759,28.260275840759277
5.12,0.7703070800485374,-4.3569354490576595,1.6138406147952198,4.332714401435088,2.027549438487447,2.896090910482177,1.7214322597947724,-4.879422906496581,5.042095730814565,-4.381062392088319,2.342936248124399,0.12977461301439952,2.646395364701223,0.3113553324501881,1.2827605860020324,1.160176892574115,0.18192821058426567,3.892353505892637,3.8177540814525672,370.0947604999277,29.322776079177856
-2.04721169126763,1.5705615200603829,-0.7667423703262806,-3.86832844994747,3.3612856684607264,4.8876724431546945,-0.1797567074739943,1.0284056276898763,2.3454705742463444,2.1988162141768637,-1.979759166075124,1.8736509806870858,-3.6962878743214245,-1.4849435298330071,-2.991387618308083,0.18727781936984123,-2.7898174610338002,1.571793685066341,-2.156767617131344,2.4007012387092086,292.24360105226845,30.48397159576416
-0.7372987255979142,4.181204398473466,2.204047933328309,0.960570489014855,3.1912900273245777,0.3655027349072375,-4.791975367646409,3.8715859240100725,3.8035311321142204,3.423228485096824,1.628144652382491,3.816703368004956,-3.854738722590864,2.6172999780931034,-3.1460495573826144,-5.12,-4.799944644517669,-2.0910522264757856,3.905187239026131,-2.232208076981122,373.9727274817681,31.213042497634888
-3.663887056364401,-2.503142752497512,1.301130408603857,1.6573458901520315,3.1241296061366812,2.146092051825348,-3.8308000305796943,4.6296452751928525,1.4176190646975648,-3.6047908397711286,-1.256480487683048,-3.1546436133896183,2.366233934330478,-2.578957837502853,4.37223621505155,2.638421736398337,-1.965704669750859,-0.5288855870209872,-1.9850893986962026,0.392369177737522,398.4655587935113,32.05679273605347
-1.0042394096807783,2.936791760802806,3.7811310753878677,-2.728955674031981,-0.8110346192274127,0.48118561577935814,1.9097520229258773,-1.557672091172472,-4.328653420720969,-3.606794336996876,2.65314343258827,4.202719817689917,-2.0304441080281492,-1.4932780255673577,3.2219398336502882,2.570902633258995,-4.010201357865576,-5.12,-2.2292059149497745,-0.5083675446182783,367.1389789218144,32.8606059551239
-1.1526249300191154,4.069102319141144,1.1306662494027053,2.431200182813093,-0.748508241518155,4.4796068981880675,-0.8940842714103852,-3.1796810333738827,-0.7083399953050566,3.681232063240702,0.5665923655805898,-3.329600970583125,-5.12,-3.985752919883427,4.565248789092881,-1.653628862811095,4.303471497075429,1.6655832909535206,-2.386438394300718,-0.5644720693934957,403.8049657921775,34.126229763031006
4.635024897591703,4.757613166928254,-0.7975210959935257,4.88714886599674,-1.5168063499115108,-4.179545550655881,-4.839358638202482,0.1824565730245089,4.722888921648759,-2.4991766226574974,-0.544739123901123,-2.626762450987274,1.9583655490997378,-0.7902383168382663,0.16238958756471877,0.2910993319496127,-4.225481253633137,0.8905410830806249,-2.167864408115524,-1.5778740860684901,377.9251708313754,35.03225660324097
-1.1054971307753405,4.944353960849734,1.6438327535129078,-4.9008337738945915,-2.866835912883147,1.4594389962349075,1.0513626549432047,-0.4058854017210338,-3.7212128758926175,-0.08098751768422652,-0.8779776295585711,-1.194966816827037,-0.34993554994718323,-3.267503131039533,2.089730259464517,-4.986333808903097,-0.4597562407789262,-0.2626815853982949,-2.1641512056073435,4.252663276453929,302.2640651982598,36.2353675365448
0.7460734795131065,-1.7239035386966477,-4.140972208260619,4.968791577694605,-4.132398527270812,-3.2999805028541074,4.617629676966566,1.586104016565817,1.017514020099263,-0.4296961000742101,-3.5921457740516405,0.9750733270341048,-1.8503735106357926,3.8514436021953307,5.0572413509015,1.6029492712631068,3.946386499287093,-0.8538588380721981,-2.1240268081992157,-4.270992561055522,358.81908895329616,37.63118934631348
-4.795270566886664,5.118760660004772,-3.3349510624560654,-0.5902180660008858,-3.9784446565271425,3.894079662732117,0.4365162594663641,-1.409181164529549,-1.7552029772887177,4.039825216311422,-1.40309043470568,2.155325912763872,-1.2394978866169506,4.003833042029492,-3.856323094667035,0.15577412763402343,-4.379579385883282,-1.0698391520011388,-2.194129777542281,4.000853772083828,351.6217885210348,39.21756553649902
-0.3402775756783898,-3.4335870514041495,1.457416986806896,-2.7963373550667185,-3.7678192243326,-3.601029805770821,-4.980837009436231,0.6950165398707098,-1.8719946538089611,-1.1755168205050932,-3.894376833118442,-1.5185236646530833,4.809345994450259,2.9421720343408237,0.39775413020502093,-3.5764933146266857,2.18444953428801,-0.9029934790205587,-2.1269750730030803,3.660997215271032,367.20573530037547,40.53229880332947
1.3688370081520826,-2.392426274764649,3.059172771964854,-3.044550862434456,3.775372918954667,-4.269980107741051,4.551644257472975,0.7709931644052617,-4.549792901676249,1.1398217979054115,4.243619535304091,-3.650887575338161,-1.479611361181382,-3.308580941608333,1.1149460041365744,-4.24110603876078,3.6842745398099828,-1.832015458603736,-2.2213251852591176,0.8257347584049839,398.4962826370444,41.86035227775574
3.235291292261139,-3.0475618527857864,4.168550830233111,-1.5843774333215976,0.41531006265344583,-4.762368456535508,2.1749578304738524,1.1391859831200772,-4.549857664090985,-2.45274383740872,4.51803010216626,-1.522687964656872,-0.7212785394682006,-1.4122682533850814,4.63660083648855,-5.12,-2.783894004762674,0.17034690797394703,3.9286526546222644,-4.807398660493545,433.67709732838915,42.98907780647278
2.0251460971046518,-4.514651391245305,2.5780535772018185,-1.2708262217625572,-4.354321146445688,2.88913969368168,5.050833550091613,2.7371837494719378,-3.8617006056921577,-3.002556590336191,-1.9391959072427767,4.262107891701155,-0.32394541636235896,-0.6768017874020194,2.075043733115754,0.22356167930729853,4.569182929530732,0.06643901513094175,3.9159247506116204,1.4846333355778514,356.8201437111792,44.649906873703
3.377308999175983,3.64771352863401,-0.5572003343746283,-3.73145153963598,4.819398959782048,4.173523314096255,0.5339843230491734,-0.5052489990172191,-0.8104328404376062,-4.151843401120565,0.5842028495590803,-4.543427165587972,-2.7459969602336067,-1.2542044482319854,0.3676238079077283,4.125132705739953,2.073999460981547,-4.24641392880814,-2.148060702950109,-4.654613474028208,427.96049953323984,45.803426027297974
2.655191689879591,-1.071390376387261,-4.483505658449992,-5.021963688354447,0.9146717892239993,0.7046149751789992,1.6681677530240293,-1.135375997526129,-0.5104371497646758,-2.267941086173087,-0.16070372214139983,3.1471989295058025,-2.5340941019443086,-1.3704596044664625,-3.6768924201607707,4.208727909217791,1.091828784181951,-1.4297287510942862,-2.5665876430834182,-0.8720014327140966,334.68805701203337,47.02573370933533
-4.825216527103534,-3.1165867483081495,2.3612570380352773,2.493308021177083,-2.1029181506594448,4.570853572531646,3.74869840070211,5.024228491937749,1.1195691437213933,-3.253833361794838,0.7869987337362909,-0.8376630642069038,-1.5755023371929582,3.1718189068861156,-0.7470159549543949,-2.650273505255047,3.9517197519895157,-1.3631377009471435,-1.8932774655329054,2.3489215610011307,355.5369376652903,48.40296149253845
-1.407816047537895,-4.279701745205516,4.769037441155112,-0.2072417203019068,3.21075652273299,5.090192636536396,2.226077902075854,0.7913372764298368,-0.2527937081325966,5.0240068286658905,-1.5002103566844927,2.7797094388851757,0.3809682156004328,-2.6631136185089668,2.1318825034897984,0.32033630411516256,-1.0903252877592466,-1.4324145855247785,-2.199278472838575,-3.4757623955766537,359.54885638604344,49.828694105148315
2.867197836691311,-4.326643830268859,-2.067009866610882,-4.384308271538238,-4.7598939138310215,0.3653857960759037,-2.6046533523247737,-2.663780863496875,2.5771224245074054,1.2482589561615178,0.7511170816018815,-1.9915846308132132,-4.544907451470932,-2.207640826326683,0.3378553625231939,-1.1865831276659158,-1.0815647665323151,-1.4649182894756052,-2.2736544967842236,0.5674029307360504,369.6988742300423,51.39690804481506
-2.0615446936767534,1.30799829479085,-2.2743734637891273,-0.9490861548433802,-0.44003108762347587,3.9938966135772,-2.7743087970687452,-2.7335923598991347,4.7412071985502555,-2.972755859163375,3.299662925111119,4.294247405878052,-5.12,4.836697221153799,4.798530271815813,0.9108112581647365,0.9904548448167825,-1.2976670485780177,-2.3810349473452614,-3.044527920407056,343.4686393386303,52.24593925476074
0.3272441142955316,-2.9196881200166485,0.8600753067640419,-3.584881198555558,-0.6924100600635246,2.8560891362835266,1.7174949625928821,0.4595352482439772,-0.7162676697309918,-3.764038461973199,-2.9356593379469693,-0.5946603141139635,-1.9662082845234266,2.451853558389371,0.36380091050640306,-4.1418020767789745,3.2505050007812004,-0.26015526209952444,4.932137903957412,3.454144477995624,340.4410917001554,54.417813301086426
3.8065133714859742,0.7292679829143882,-0.9274240461085848,1.067046250666725,3.651551977629068,-0.11633116475879035,3.687997619090882,-3.395043328297189,3.044613074259378,-3.6785130412513127,0.15403145354881165,0.9292374632012521,-1.3766148419894075,-0.2984531479639152,4.7292998098034476,2.8999342809480444,3.687221672924472,-1.4131064566239133,-2.3588308929888058,-0.06308131333161882,315.7414827287605,56.17684316635132
-0.520034490205898,3.7450532041621587,-0.2845691396196939,3.281404021170556,-2.3675557824999,0.24616194542160574,4.2941190500570565,-5.12,-2.435255258708245,-4.9456261200587255,1.069669320984608,1.8612822672452305,-2.606362161969181,-0.4692006216477429,3.342062583461165,1.4287136781573802,1.4435825947148793,-1.3655419902281576,-1.5254077533657004,-3.5802551868328827,417.12238509701564,57.55036759376526
0.21022751141906948,-4.025302023710566,-0.7235381081139014,4.031736547968728,-3.318880440389372,3.0186797165598813,-1.741315588806342,3.8202239885327893,3.942460263277728,-0.965059758387774,-1.5733173506280718,-3.494916884401035,-1.200071346766661,-1.5394269928256437,4.220398065131735,1.926984187593689,-0.08681790363596154,1.5007028654624799,-1.9811462997176377,-3.1834530884616417,296.734660450856,59.649954319000244
3.385269038364931,-0.5526556460901864,-1.52298166127119,1.61245474596352,-1.8413313371606295,-1.0738480076737265,-1.7103724928874642,3.9530834297146837,-2.0148866959760547,-1.4250087015129562,-2.239614110202152,3.305253384071734,-0.43450656555226885,-2.182257550061897,2.450407647752945,-3.793201844519932,-1.2245622598998018,0.05353802792440643,3.929253451189049,0.7463266790086758,311.3993953875619,61.612722396850586
0.13364269639907,4.106946438749643,0.5350546006759922,-1.4544099980086655,-2.5424214944243992,3.3922410205991236,1.9105085167584495,-4.97452655034064,-3.899862165030205,-0.7492038334579796,-0.5105971808936323,2.0043606545292914,-1.299493700312869,1.5330844511114199,1.8180893736461528,-1.4532303599930896,0.0020547122376850524,-1.6600848269670325,-2.2335577194255523,3.3005042771859623,325.4101684777231,63.32521605491638
-2.5370036313832727,0.27652757489509217,4.7530234029763365,4.656693633379828,-2.7212345793806314,0.06554181700428874,2.588224085234307,1.2226291063153827,2.1273289983861625,-2.0696574825828256,-2.8820878071438036,-1.4902998474195237,-0.23927706572045526,-1.181074698263465,-4.4964772778748765,-2.296593168445211,2.00556953043636,0.06406166098512145,3.9284488364289425,2.1853087558099062,315.5026262270273,65.39161038398743
4.600344159887022,1.182746105599283,-3.4502975518331764,3.3714734578121623,0.8633724764900377,-4.648460887023029,-4.765954540790559,4.5430294171726535,-4.734478223990604,5.042519876514828,-0.4844900551531177,2.284777830391115,-1.7094180764308842,-0.4259676468830582,-4.575491647262735,2.7682191344886746,-2.78177260655204,-1.6397650540641053,-2.14671838099854,4.060279333760197,468.2520908030681,66.96102690696716
-2.1281393154727124,4.406662152242961,-1.0131473619620914,-2.498276316708467,4.768511621908472,-1.180726972643186,0.4522781902975961,5.12,3.1046157158568795,-5.014554638805937,-5.12,-1.4232882146208836,2.2638442976437965,-2.8200521938878906,2.0944018647643405,-3.9045347046489534,2.6661180170139405,1.5388454111731438,-2.2160723176300214,-1.2403532421754488,367.5170159971878,68.84571933746338
-4.202407086580479,3.9205301462775717,3.602534899204996,-2.945928618435786,-3.7522465923280555,0.26453362761143673,4.089217534444487,0.3428631490807632,-0.909355043283214,0.36874094648585665,4.045224256131527,0.6836558947448976,-1.5515838575324277,0.7042596887792749,-2.6925343550167042,-4.36692580495022,-0.9876277839034264,-1.3691339365566342,-2.122657683422583,1.425666155590509,340.69062870737775,70.69633388519287
-0.4382845220562128,-2.0460010283015317,2.4945989548546503,3.5589951977033065,4.7685659312222475,-3.3623246733140366,0.6711033115345035,-1.2644011692919288,-4.931965435645009,-3.369452966256849,-0.44049359124311316,3.2600932623458023,-2.2660057001350453,-4.87850618392514,0.05824472940037584,0.6871131067869092,-5.006462041451066,-1.345174562673975,-2.205248826396653,-2.143850121455834,384.2050676316476,72.97668623924255
0.7307603092073034,2.2790467680607733,-4.632066563872627,-3.645374858056665,1.8260105793429569,1.2651407196575883,-3.718645060357412,2.8099401608491563,1.1827628430289137,1.062530538889627,-2.9935937247627415,-1.6463468563050054,-2.543882439055153,-2.7849517029616777,-4.288747493712384,-3.6519422724217234,1.3576043216159368,0.03619240174232363,3.986129174769581,4.751690638832513,362.9277605650393,74.96551823616028
-3.8431399453362323,1.19558178992082,-2.0447474672229196,-1.477961025688348,2.964584510442587,-2.236881629802472,4.533536847146009,1.202423438058827,-1.88633059868911,2.0562460889943965,2.890071056149739,2.1635410115765774,-3.554386014751302,1.0196715822230384,-0.0016976163919091292,1.988248616408442,3.6212547469912684,-1.462241753323581,-2.1820524658104303,-0.2461216632267904,266.8344738924634,77.64022994041443
0.36850098841086254,2.7961697878380543,0.3475652620289278,-0.26405743666926895,0.7410369059150934,3.0891723282753203,2.744478732965602,-3.716146268253536,-0.2880157290882206,0.7089685009063134,1.7415299460692868,0.9304716860826829,0.9040270470590421,-3.2611760192872556,1.23936784239356,-3.990681893010975,3.2051056693550786,-1.5039460398107862,-2.201072042740159,1.7973005313975134,278.1487843830712,79.71236181259155
3.663001131262999,-2.501282989443352,-4.835457255278418,0.20508489087131387,2.050176756044875,1.6873895709310753,-2.241136838359173,-3.127264730606761,-1.0164413413899425,3.303477229763323,0.004006513665650857,0.24054604460679307,-4.496362442910582,-0.6120075261749136,-1.8287364624657014,1.4812145121731826,3.9566629511202978,-1.4799822731801249,-2.1894207478687373,4.039395434603224,328.5815593804559,82.20070314407349
-3.599820417736206,1.024054751829543,-2.84392752257163,2.0901635262881983,4.719321659443444,1.3717156020966739,0.5297571919144382,1.9336561818119398,1.9741373175443995,-3.0484160645124554,4.1902373244287245,1.4779376603061642,-3.4523124221289154,-1.2346188081997589,3.7792863053069192,2.849219514460179,2.242476861697904,-1.4416535856245067,-2.126396603823278,0.5513380122166858,328.16339047002566,83.3541808128357
-3.40059165639332,-0.9529544710543743,3.2611385140317593,1.6873040847450422,4.584222001429624,-1.8030042429211433,1.360580268404341,1.5891285724611013,-4.5311085428449625,-1.0738501552489588,1.231543873382832,0.7301303259067948,-2.5695106599542266,-0.007971349340185618,-2.9293171005420238,-0.5309585570341406,4.029391765618256,1.666163067891703,-1.9454383910573476,4.409915888317141,354.3911750708041,85.59163999557495
-2.469047176693824,0.960085081351707,-4.725540089086916,-0.14990471989128196,3.670039368681075,-2.3924699193659356,5.12,-1.0794175185854051,0.20100345186737734,-2.9233876458916437,2.150257886524323,-4.029167035450815,1.784840417057028,1.2069410323758163,2.936339805098741,-1.0163635316820097,3.4943109559319963,-1.5481374029255068,-2.2554347408432607,3.4108729987358606,320.094746991236,87.81076169013977
