1.0726776580344053,2.6417520302202906,2.918154103834115,-2.0100266517420535,-1.2727691343286374,3.9826699479423544,1.3856032406847394,1.4443892427962668,109.20682635859379,0.4726417064666748
0.6505712932447807,-1.331943736092414,1.8256907822159487,2.3062820348997253,-2.082834629798276,-2.6236252853690725,0.0978134104234778,-0.5644081837098165,111.53472444320468,0.8770792484283447
-3.4836182049722257,-4.666150264829005,5.12,-0.23444161730648982,3.0788926659880707,-2.132644797354717,0.25555062768391146,-2.398169585054493,159.58260494405107,1.37003493309021
-2.81092678987152,3.4660229899096597,1.7139564785514425,-0.30859599327932496,-0.9777573524111061,-0.46882291977434676,-0.44370686001624193,2.9545424858031177,124.62396197869882,1.8411016464233398
-2.2684909879546558,2.592663185388152,0.21829394777059363,2.3394581456882966,-5.12,2.173438699878597,0.1653316990491014,-1.1741812765013333,121.02016286199922,2.3703649044036865
2.1626981666402774,-2.169145086768986,0.12180213982406585,3.8627263012580597,5.12,-0.2009222068316978,-0.938010843777759,-1.5177200535922366,100.32250966897458,2.9150755405426025
-3.804401474105905,3.585995568676563,0.057151549843971416,1.3479321735594283,-0.14954525101105087,-0.9066667819425804,-0.7876040971094813,2.705234705538393,105.77434698460826,3.517033100128174
-1.939611154752252,-2.007804675187266,0.443603885580206,4.840262144137884,-0.6295261231415337,-0.9253124530048176,0.48909424124388323,-3.886593111128181,113.10324790748317,4.3677427768707275
2.046310875898013,-5.12,0.126688427496088,5.12,5.12,2.4434856616255773,-2.111650026560067,-5.12,155.4942089808065,5.3588902950286865
4.1266390486742734,2.4728458484717866,0.4063400581211223,2.5771968026795786,0.49691666540283297,-1.039350990938991,-0.5278965551173593,-1.1818279067644455,138.9704824134218,6.028244256973267
-5.12,5.12,3.5783456850719064,5.12,5.12,-0.15280299614815895,-5.12,-4.447101178856711,219.75909249839248,6.8080244064331055
-0.8153965005047228,-0.33062635104326343,-0.4606257650656298,1.6684651710681964,4.908301971483609,0.44586876355234306,-0.813508176225068,0.15403105430410147,115.68605734265441,7.443523406982422
5.12,-4.878234685226715,4.646297870230698,-5.12,-1.5516090373568963,-3.0053449328890585,2.3711482155798924,-1.4184422379171542,196.25757316030464,8.260149717330933
-0.8887337147604049,2.7723360053481443,2.62204053258919,2.2763529937501064,0.8853672087819158,5.12,-0.9390358047819731,4.712739632366236,128.65762613714122,8.997307538986206
-1.1238412682547283,1.1970028691336392,0.6506563702263604,4.329480307742441,1.0390669544125197,-1.3638420861616818,-0.7315032208832504,-3.7419192467272655,118.10784351659335,9.77476167678833
-5.12,-5.12,0.8855364553294693,-5.12,-2.30427412937545,4.053778165758799,-1.8776942137728865,-3.1233478706659503,144.6348517044789,10.466675281524658
-5.12,2.9099971837830756,3.2062982491927547,5.12,3.8617088307459104,1.3628958986182083,2.1288795908882685,-2.8963225901880216,140.34222876107498,11.142859935760498
-1.901448338022989,3.2047501245498085,0.06942407764959668,1.9478878418948593,-1.7467315415965965,-0.46305907722697537,0.9592145497590785,-0.8175292190407291,69.20524279158464,11.794081687927246
-2.9311362337782803,-5.020313204260532,4.2575593508563925,2.348640512488206,-2.535128941005583,-0.5138143533904342,1.9764498601234015,0.9519287668125491,136.50937126877344,12.472789764404297
-1.506433167658987,4.886455721041563,-1.1547699583789255,1.8712218335684394,-1.313135908956343,-0.26407173523385197,0.5920136779644176,0.10144965519656601,108.1183546530209,13.136840343475342
5.12,-5.12,5.12,-5.12,5.12,5.12,-3.739235181429491,5.12,227.1307337257617,13.66491150856018
3.941488751530712,-1.6850716822990526,-5.12,5.12,5.12,-5.12,-1.897310070928715,2.890447203506967,164.95098982090963,14.24747610092163
0.49011901696463767,3.0706738698901352,5.12,5.12,5.12,5.12,5.12,-4.503772512184796,215.52455329031994,14.882596492767334
-5.12,-4.905617232247517,-5.12,5.12,5.12,5.12,-1.4471117221158316,5.12,220.86787608049747,15.761065483093262
-5.12,-5.12,2.328002273510265,5.12,0.20247449303805887,-5.12,-1.6033925446868,5.12,192.38330642988666,16.411664724349976
5.12,5.12,5.12,5.12,5.12,-5.12,-5.12,-5.12,231.39770980628714,17.084433794021606
-5.12,-5.12,-5.12,5.12,5.12,-5.12,5.12,-5.12,231.39770980628714,17.684526920318604
-5.12,-5.12,-5.12,5.12,-5.12,-5.12,-5.12,-5.12,231.39770980628714,18.343907356262207
-5.12,5.12,-1.189364904564914,5.12,3.9348674833505877,-5.12,3.9579376718454133,-5.12,184.64126164425284,18.92198944091797
0.3996271440788375,5.12,-5.12,0.5758061850763951,5.12,0.5640464859820273,-0.4008940932987173,5.12,190.95654355557392,19.69326949119568
-5.12,5.12,5.12,5.12,5.12,5.12,5.12,5.12,231.39770980628714,20.357109785079956
5.12,5.12,-0.21140472047422154,5.12,5.12,5.12,-1.1777361187469237,0.31111774578670826,173.11119090902545,20.986520290374756
-5.12,-3.8370809743580367,5.12,-5.12,-5.12,5.12,0.5061256282945941,5.12,213.3177108980921,21.59152102470398
-1.0809466580513831,-5.12,0.6693156129107853,5.12,-5.12,5.12,-1.2575739506595052,0.16990479305755368,150.69948894126784,22.23922324180603
5.12,-5.12,-5.12,5.12,-5.12,-0.6594246077449837,-5.12,-5.12,218.2965947149614,22.894232034683228
-5.12,4.902313814177339,0.016274776190735807,1.5138445243618879,-3.7240310695757683,-1.0084661831868589,-0.07557091830887419,-0.6964196334989774,118.51335792897814,23.669000148773193
5.12,-5.12,-1.1924285577063638,-0.7897347324149777,5.12,-0.4167137591981023,-0.7859109649961225,-5.12,158.95050675056956,24.428760766983032
5.12,5.12,5.12,5.12,5.12,-5.12,-5.12,5.12,231.39770980628714,25.065377473831177
-1.9658138798603777,2.5345622810072124,0.7305783547450604,5.12,0.21724620356245428,-1.0156774599613874,1.351771371831469,-5.12,126.76241119537659,25.73083186149597
5.12,0.7992532560126291,5.12,5.12,3.3677721274188768,-5.12,5.12,5.12,209.22622574787732,26.366526126861572
-0.18173114601138352,-1.7475874779990828,1.9793419328807182,-5.12,5.12,0.43860040217432594,-1.3330496739756978,1.086389584931105,119.76745962055388,27.095049619674683
-0.3264923141455638,-5.12,-0.6985660434792011,5.12,5.12,-0.9422670912826936,0.7432660072873469,0.3537984685321893,143.87616863176157,27.941002368927002
0.15597751388045822,1.9120801601366342,0.040778705977593255,2.4683880468849795,0.4400484655900554,-0.8732468636286841,-1.4668382668745745,-4.9342767693235965,106.20765317080826,28.767971515655518
1.8924477090598844,2.7365649747452903,-0.21065381687130724,1.8954040321571792,4.476101962734796,-5.12,1.2597994022617138,-4.654911915090469,155.72751745304558,29.520564317703247
-2.3846478547440895,5.12,-0.46098040655597217,-5.12,5.12,5.12,0.30386924492356915,-5.12,201.12282800896273,30.273184061050415
5.12,5.12,5.12,-5.12,-5.12,5.12,-5.12,-5.12,231.39770980628714,31.139774084091187
-1.9051309819816948,2.299770337639961,0.7593748032699672,0.9312776405722358,-2.218784492814937,-0.5939932043477931,1.173221669786761,-1.893102503096821,79.61899904913426,31.923689126968384
-1.886470578472994,1.2159739799608227,0.7398789086169621,2.2281561664226253,-4.655021715515347,-0.47532677164469295,0.6900212212536561,2.523922634439532,137.94172579359116,32.77674221992493
-4.4723322344765055,-0.13262633785643985,0.05613954765064211,2.3503830708847193,-2.025149080159094,0.11965227506915621,2.4325757805969603,-3.8565908848923978,115.81928640446168,33.60705256462097
-5.12,2.5696587752809936,0.21262825572929245,1.6117210548235779,-2.107279187563857,-5.12,3.4091924697745553,-3.6851137124567144,175.67315972509806,34.54820656776428
5.12,-5.12,-5.12,5.12,-5.12,5.12,5.12,-5.12,231.39770980628714,35.42948627471924
-0.5200145515329293,-5.12,0.049362741310798874,5.12,0.08499088244898534,1.0351451174655164,-1.087377447440712,-0.3256582892369746,98.56905215436635,36.27834749221802
-0.8401588946655574,-0.24215542871435947,0.30566722233572907,5.12,0.09797016036374995,1.137719894621691,-0.6635192717371483,-0.33469018031874676,94.80182083210039,37.247920989990234
-0.7626433058835334,-1.4355380939444298,-0.32686614097104894,-0.5242923368186938,0.08048564834964012,0.8436270496028007,-0.36705287263882536,-0.6993719571995278,102.83070306590835,38.0845422744751
-5.12,5.12,0.1744780040506546,2.435963430707573,2.5486293808946447,0.2612848995099828,-1.9821199855436595,3.4447764449757807,160.5175297016735,38.97113490104675
-1.964883460721543,3.924911358471184,5.12,5.12,-2.033409535492471,0.21458797664332074,-0.5947882684461554,-1.4939942702168127,131.5006029340142,39.915842056274414
-5.12,-4.148574999037623,5.12,-4.225565766425074,-5.12,2.5989354462484267,5.12,-5.12,217.09414303814202,41.10996127128601
5.12,-3.8550927764716665,-5.12,-3.485401346948608,5.12,5.12,-5.12,5.12,224.38233081301286,42.05588960647583
4.857229491633189,-3.6173867799479424,3.8431282195738623,-1.2221397151754183,-4.767364362580043,-0.2652716490453706,-2.765438273711428,4.919452474937358,171.63966531328913,43.01219725608826
-1.117141510596431,4.464535878129005,5.022642518378304,-3.7542083737361263,-5.077344079973787,-3.8588118339272803,-1.4456055437318893,-4.510590908216544,200.0248330517636,44.07644081115723
0.7823274414979915,2.725133046259762,0.8149047516796619,0.9586704529311874,-0.5910881475083771,0.8531274981310704,-2.4017562288349468,1.1023111730451207,86.1117026763251,45.45871543884277
0.1462960701772671,-5.12,-1.3398248736082423,5.12,-0.35537804422740926,-0.08023108889268649,0.5290564521206784,-0.15025336800886446,120.74622220693068,46.72494173049927
-0.40265076432849334,-5.12,-0.022474759981338188,-0.1584910182410626,-0.01051637897544122,0.9070097515251314,-1.0412038941712014,-1.263504525634724,68.32564812900397,47.7791223526001
-0.41655258079251567,-5.12,0.022156943542586127,-0.058914929271160155,0.032945376641288604,0.9564207820074966,-1.062562533291767,-1.291739934674518,66.1877911173673,48.93725299835205
-0.38940317105456845,-5.12,0.11356302608011148,-0.0528148163685529,0.03978271237869002,1.0778525002230994,-1.1243466096313428,-1.3425761737423731,73.86598561228013,50.106505155563354
-0.3897938865647248,-5.12,0.21459905634068743,-0.0008107339986151985,0.05011570118970532,1.1030229085216332,-1.1395091768715888,-1.315828590154879,78.9985941122966,51.331082820892334
-0.3738169621203751,-5.12,0.32697410922785863,0.017186311180061864,0.042749857557254245,1.1302926244660592,-1.1583299224750903,-1.281449365017219,85.20466052909522,52.50709676742554
-0.3310042186361368,5.12,0.2853364900341955,0.010212849079655584,0.07274583104892596,1.1554889958395362,-1.1834840067811054,-1.2746443764663713,83.49166294691007,53.828094244003296
-1.1975435689385932,-5.12,-0.9310111471771778,0.09054555609247128,0.39163759866249137,0.40044509557213104,-0.9392119796121525,-1.834333955372344,86.6009697673113,54.99533748626709
-0.18143859455160083,-5.12,1.9046271947622095,0.2244612274726281,0.3701328984337531,1.5943012994570385,-1.3273931362590297,-0.7879055422443706,111.12706072741082,56.16264986991882
-1.6125758792617537,-2.0150099636308196,-1.6203658133850833,0.0631523608156952,0.680700516922343,0.23993346148933004,-0.8021351659374885,-2.2207001833597655,89.62018325580044,57.25097680091858
-5.12,-0.5541788534669507,5.12,5.12,-5.12,5.12,-1.8575210024165507,-5.12,200.47848373064065,58.315428733825684
-4.90513799828749,-4.476649176939533,-4.71704797315944,-4.782308082958677,3.016263803633813,-2.907379285686715,-1.6945934207079838,-4.714622100505818,200.84255062556792,59.36493444442749
-3.905948163016356,2.5932454027304495,-5.0150253762848145,4.785677010412111,3.9768952781008187,4.844145334374615,-4.505231449919831,-4.79161139569732,212.36096773679185,60.4731330871582
-0.22797096074029977,-4.295381176305524,-0.4016308895632008,0.9142666943673614,0.43483346822423563,-0.5860828383117482,-1.661786457484344,-0.06150706193562261,117.54328719352809,61.648725509643555
2.9158925937375235,0.2700888520908249,-4.819431680198665,4.2489208338077225,-5.064132619132438,-4.248103506022323,4.544810040217912,3.437477721170885,203.87508566254724,63.09970045089722
0.29019985423266714,-2.0895477187410707,-1.4923525617313675,0.14174490596690337,-3.574653340868716,-0.2672168028917108,-0.6312448636593642,-2.2713273397827454,120.96810696690851,64.23115730285645
-0.907546242902737,3.108325225599345,-0.5183100124821802,-0.12638637139111175,0.5148271703594931,2.2105464006400473,0.268569542044073,-2.374432389122183,104.13772982901982,65.34070158004761
-3.05789721930848,-3.5359300055885954,5.045863840319517,3.5299973271653124,-4.411435927848668,3.592074702093236,-4.56880257639879,3.9385577404892063,225.84105451554908,66.42575454711914
4.877072478444307,2.492504766840706,4.573186992579271,4.833955691619852,-3.7572699432158094,3.0460035372638545,4.857927737276859,3.5771797221224118,213.3561160667922,67.52409315109253
4.459280330736067,4.280355560503206,-1.4197571104735922,-4.743963378462073,4.36161825753054,-4.001605773900572,-0.3396845028722373,4.484755266336935,230.44609099322855,68.6141710281372
1.2954513295990413,-1.4422603627860173,-0.45762885486599547,-4.637857351608289,0.39316457936723204,4.899527492639607,-0.009793464170506638,-0.8253902433689078,143.8249522917377,69.74096441268921
-4.843392857915888,2.818149124835486,-5.0387112745921625,-4.4024141974620115,-3.929316318237887,3.3290902516405465,4.8859658174456895,3.8356226479765114,193.13306397916864,70.87130951881409
-3.4632731024741368,-4.56790437058017,4.615750880948238,-4.900668459308905,5.078351230125016,-2.1414022956557637,4.736626712412277,3.1402881916979384,218.40792465375156,72.00091218948364
0.09112948162199341,4.846063878285949,-2.6014232319137913,1.0277866475033077,1.1789218737641178,1.2560607097908232,-0.6431565301994056,-0.7256312536742477,103.1394564222146,73.121169090271
3.797067337353499,0.16181569624844805,0.9880211760902498,4.664780120961088,-4.568047458004335,-4.9074686618808645,2.3639481700270775,-3.3002760595778495,175.97814231635255,74.2865195274353
-2.161162240159012,0.3612557246692809,-5.033544545667131,3.748741498432051,5.082228087559332,-3.993599024963855,-4.537769031306494,0.4604203390883592,178.93612695218275,75.49436140060425
-4.578473225046911,2.7193600879728885,-0.5472503944271923,5.021129089853148,-4.059157965997443,1.2820778320538428,4.801858551442737,1.690583145739267,181.40857143450395,76.60225820541382
-0.7084080454981354,-3.3409546206241254,3.3307205576235814,-0.23248009467078212,0.7564916445356706,1.2837382202197363,-1.4803031664775226,-2.4213868060129466,145.26173932633677,77.78382658958435
4.966893387772672,0.8735207629613004,-0.602982622028982,5.093765730586424,-4.520183837904389,-4.152842904522207,-4.392622611731344,4.257444490085494,202.18120415201085,79.01318502426147
4.274463425830217,1.736342100704685,-4.074877586070817,-4.41552028835293,4.4825671832776335,-1.4487331892710706,-4.844380334370738,-4.654092246974155,226.31186168965135,80.18808007240295
-4.858546072793599,1.163902429133576,-5.027457778596001,-4.745766357939032,5.08663992482938,4.0427993368999635,4.951542094583975,-1.5642293623881431,182.3631749783843,81.39173436164856
-4.346384474200607,2.8121795759955157,-1.702752200317911,0.5568537743067701,2.0151792942992097,2.2515648732545444,-0.6596467386663889,-1.0564464949438026,121.01201003979436,82.56686997413635
4.924048381709231,2.138384792404686,-4.460338347391281,4.837987680832209,4.232730129875589,-1.1285544301650803,4.89578295089991,-5.089591654527712,185.90412587763922,83.93775272369385
-0.8234274820438614,-1.7959841785952078,0.24249388871511623,-4.949258999591459,-4.086236539107196,1.9206147263337563,-2.3336835982426267,0.7105918985517237,107.64694466740465,85.15565824508667
-5.111403849215458,4.109766044655445,-0.9389149831820882,-5.111801095641128,4.487909924666902,5.087085098195701,-2.484031872602993,2.6194752085184527,195.5055689791183,86.35751700401306
-0.5389475225325207,1.8349615201282612,-0.6556339902861907,1.9050174986096318,-2.9847457444554646,0.39900463958035637,-1.855982257423157,-0.837671525629661,89.54817967797287,87.565269947052
-0.17150700067821312,-1.086964666049071,0.6263780690186316,0.11518803147345036,-4.503241269285694,0.771143997001789,-1.4474703020659643,-2.3460621517473608,120.13702611897767,88.92220783233643
-0.5351218660826804,-4.808590769825976,0.12730850534355564,0.01623253374809419,1.2366192186399427,0.7145266809639033,0.9578386178205731,-1.0295878399123124,78.57741328993276,90.41296243667603
0.6778948942063234,5.0877347719217285,-0.11745790574539594,5.075777935018428,-0.21447273098594888,0.3617054771069341,-1.7246492640947184,1.0170327609779237,111.76606330907603,91.68229866027832
1.0581587587965569,-2.6527666591340977,-4.908415270887755,4.700470555345391,2.75972232841199,0.6248977848089261,0.0361065669068914,-1.9871614258581993,124.12351886148679,93.07946753501892
-4.963594986432692,2.3974482209766466,4.396972341199766,-4.390824136021649,-5.020585310573971,-4.187166806658613,-4.896345434730545,3.0779201431111227,208.61347352991166,94.5723626613617
0.0084876055255787,-4.131732046598732,0.3342921738407236,0.43255718835888235,2.715744590386504,-0.9028577157157729,1.0756285205567009,-0.4126311203545301,97.88386339931247,96.28642177581787
4.99859849197687,3.317267947504871,2.4510044295473383,3.8900632709438367,5.039184223534668,-4.827061748107062,5.106704366047009,-4.153868265551803,197.21330929356512,97.73254489898682
-2.18094149105928,-4.280885953836332,4.99243173563178,3.7692291941639775,-4.790165186008469,-4.72683300865847,4.686957131996782,4.856361010399998,216.20015145592112,99.2279736995697
0.7780317436836048,-1.1333995492750502,-4.652943437960992,2.6634232150901145,-4.123813610979456,4.383503200482722,-5.026242819948103,4.718518489528376,189.26017826037514,100.59025382995605
-0.7288285643112467,-4.679023089278929,-0.5488830664093998,-0.11732569581943242,1.532022082377341,3.5078986386484656,1.0185350578505235,0.04820699605069745,126.50850461313394,102.12350225448608
4.368915711603823,0.5397577609754061,-0.9482233983043749,-4.0319660784307665,-4.820921081118159,4.872828700628683,-0.5752262989523755,0.4638877040375755,168.64051203680512,103.64225172996521
-3.478532847943172,2.4443381070317676,0.3568736227377398,-4.998518218080107,-4.419256125124804,0.37271422428098155,-0.8413811246788523,-1.5680971225576794,180.925458246505,105.1783275604248
-0.050804140573956325,-4.4303937184445505,-4.061817928567782,-0.8122692183685647,1.5358850498563967,1.5341042689651783,1.708201790009955,-1.3992743028680223,143.05049137513274,106.69439435005188
5.102541282450985,-4.241332729312592,4.613223038228477,-5.023866606585888,4.386825904449135,3.6145404593352586,3.7300805208179666,-4.628371600668041,250.60213268832246,108.26968431472778
-0.092641407160448,3.7474025733486895,1.6925540274990984,0.6623627891696344,2.5913193116981708,0.4495117730129392,-0.39148764217337995,-0.23561319040682527,129.8160234944312,109.8485918045044
-3.3028326021054246,-1.2493320417928122,-4.819411235266192,5.0898996389046856,-2.386864541171148,4.153588414017956,1.7494798723429632,-4.79475520144487,180.29077876406086,111.35133862495422
-0.21910425489247842,-1.5053096512420647,-0.6688140563623328,4.892425090178562,-1.0202992000222455,-3.326256376815972,-1.6660898038935223,-1.225383401915824,126.40835460150389,112.9540069103241
-4.357111636452243,1.5645424848577978,-4.949007366280815,-1.3688920587106184,4.8044820255806515,-4.6504621027126,3.8532962911771866,4.50331616834018,226.81337993321767,114.5292227268219
4.207726960796717,2.658100726079942,4.284257063001443,4.952361434609027,-3.6359541673144653,2.1871627050537157,0.6917793355418409,-4.154898523676272,179.48353465853344,116.3234281539917
1.6870832047761972,-0.8792487782713305,-1.1559768332188356,2.30342509603972,0.42775572632642156,-0.011632880325700867,-2.1083209078316947,0.779757732774641,79.19861811208469,118.37549376487732
1.0537105327140157,4.738010890245824,0.11022054784404656,0.35395253402160254,1.6987215003935354,1.7090701906134083,-3.1448470798035757,0.8121040708170675,105.51933306135005,120.08416390419006
0.7703989146269654,4.603348322705272,-0.5078070050441568,-0.21433979567227723,-0.41518361791047553,0.8935685032432916,-0.48184661780352833,1.630291592150967,137.93592627884155,121.8283281326294
-0.7836886894835775,-2.6759391394207133,0.517762895454883,1.9721646819133438,1.1565175083970258,-2.6691199717166234,-0.6500746408458697,-1.049803065941112,100.07925478849316,123.9506266117096
1.8233635904922405,3.5176356388680494,-0.06437411473909727,0.3348598737420305,0.32917068171361663,1.1390101633484049,-4.518625367398756,0.0595953513254619,117.99655139137731,126.01761746406555
5.043735736878658,-0.48215142932484145,4.484789813576387,5.055884446831638,-3.074165928279472,4.035737062566899,-5.028034249811273,0.5843905661389339,183.6831620127681,127.96132969856262
0.889654382138759,3.297746134432079,-0.9669229111824462,3.1270770961272296,0.9343035196881821,0.5947380176073933,1.3508222387200979,-0.6536871691346384,95.08814629762377,129.74982833862305
1.3595830585930182,-2.834055081191511,3.0723539278675576,5.04929671074562,2.413125051250348,-0.4482427967506162,0.5659078804209274,0.9492230779168302,132.5489337828516,131.66031646728516
4.916786239981209,-3.7807899621240857,-4.981108853190873,-1.5795986213150495,-4.997853416993433,-4.791207516561035,-1.3433680496570157,-4.4836725834557445,206.80065197047708,133.47948265075684
-2.6116319018102634,-3.512594224896586,-3.6679009441743378,4.686275438882142,4.999428999041361,3.3132255510857744,4.874329639281734,0.1540647798981043,201.925181342155,135.2353115081787
-0.46087670660454005,-3.2191566500823168,-0.09391257733845482,0.17621802362880779,0.9507832159705876,-0.602684722567516,-1.3574279612744515,0.300320520435978,96.6306422058903,137.24223613739014
0.37500886321747195,-5.063339111030891,0.575865939959737,0.5507158794636489,-0.8446462827464565,-2.2515886307693935,-3.054159056647132,0.27206515496013584,124.28546221483226,139.24561667442322
0.6522758693383484,-4.6849039040315255,-0.9651956352714697,0.475625952675931,-3.0794270433359765,-0.4263376400723109,-0.46434265309794664,-0.7578094533043149,133.27298312537033,141.30072569847107
-0.5663565037885228,-3.6104699875332864,-0.7842663750561236,-1.5454778196038608,1.2357923673232287,0.8871552729746952,0.48544684858238707,1.7468321665900897,127.92463838317201,143.26616072654724
1.1675068992258204,3.392214460298619,3.6100399323392134,5.046716433999664,4.581957692573586,5.093954167410469,-4.139210806463835,1.6313027892749377,199.8477404500563,145.26472854614258
-4.120523275164416,4.277991994082739,-0.18470277473186592,0.9148751277373517,-1.2404477105012108,-0.2892190375590955,-1.5198853539368535,-1.3623084366690574,122.0767775878463,147.402898311615
-3.2466179875919474,-1.8081160375087513,4.763440042411175,5.11752246007356,-5.1093160086827245,-4.622656853035891,2.6604847042421476,-4.202661869433313,204.72538272788222,149.905104637146
-5.1116947848371295,4.021250101426971,-1.2520506693968914,-3.5194838941197553,4.250816519867931,-3.844176128893092,-5.06712025368075,3.768642642792524,185.66682447611927,152.70214939117432
0.8261140011005885,-4.54527015929772,-0.6004155660562649,1.5188538301549572,-1.0883381181237857,1.3168970851280948,-0.5728717220655533,-3.24146946149099,144.78016649398975,154.83679270744324
-0.9450898544860902,1.088151484884917,-1.0514826799258632,-5.0173883573945695,-4.1724984927211235,4.7081250134785675,-4.78349208238747,5.117217410778912,148.08789087389692,157.0019087791443
-4.330892584881138,-1.1328834479588181,-2.6708760400184675,-5.040090917145875,-4.821744116980151,4.100368780320369,-4.765474845848701,-1.5614479682846927,186.88528875693652,159.02178120613098
1.8548157400960763,1.8862245219587397,-2.0180394125018024,5.066804088437906,5.0303564983236315,-5.022784699383948,-1.742037188138748,-2.6300753139181934,132.1143329430307,161.13727712631226
-0.7057735439895199,-3.9597313395729654,-0.2917584841004235,-4.619210587042992,-5.007417162040108,4.989678052632125,4.6983928657945055,1.7288168532215433,180.15851136039615,163.302800655365
-3.7815076198092967,0.008028969155967403,4.264856918766514,-4.793590510657116,4.990753058143047,-4.570134146208993,0.3948918740654985,-4.6802491152567995,200.7976737473002,165.54941248893738
4.75503513953161,-2.7549287385017163,-4.926925748864343,5.060354020102825,4.344701390262817,-1.3217364507884435,-1.8203718365501875,-2.4460532399348285,186.23593680912572,167.5496301651001
-2.401240786359379,-4.287107248033769,-0.16565829260090936,0.3620083254988229,3.506048346700836,-0.2669000539354478,-0.47160932767005637,-1.1165671536600437,143.4572092126785,169.67221093177795
-1.1503059723174034,1.2276297959675553,-1.2073382053953265,4.996323433649484,1.2875756017453508,-1.0201825729524918,-1.8971766779072614,0.541908106618167,90.02372412554436,171.68074822425842
-3.7532324689238394,-3.903305250289171,-4.947133024942206,5.038955785383732,-4.614717673319714,-1.661581421696987,-4.83031808127935,3.741908998195931,201.46925429074054,173.8460192680359
-2.082143850679358,-1.511057326200111,-0.7984194371480147,3.9823527765287148,0.14153719526249375,-5.0274376711467355,-1.1503636913496655,-0.985909866110303,87.07859996608347,175.98156332969666
-1.0461768251606456,2.9742125913959176,-0.275574999177576,5.0143903052200764,0.27062227355131796,-2.8321285681034825,-0.6632298718286878,0.2961306964217929,100.37373585049798,178.2521677017212
-1.184181079731685,4.5169777377237414,-1.802762029161988,4.723621052036161,-0.430763489627914,-0.8285851669644488,-0.4960636557264504,0.9860116121565135,138.1426368876423,180.58900427818298
-1.7344540620953723,-2.9460167683331755,1.5605033220818356,3.291407997456525,1.4187824240182518,-5.039414411123106,-0.572740877720042,-0.5442922775423211,154.01224075819988,182.84923243522644
-1.9438135562671306,4.789340251452866,-0.9952004554414655,3.5715159929363667,0.038598988727701844,4.510368906554695,-0.552078916624156,-0.8695521379278084,131.96589746269268,185.22965550422668
-4.724218092012654,-0.45828191988409817,4.22755520920786,-3.666774539987715,5.027193892779979,1.695258532033873,-4.809560792566584,4.830008513768617,208.3571073654051,187.80272698402405
4.707652356177053,-2.4709957362455595,-4.614788732553264,-5.112979090460029,4.763395163931951,4.969206734672864,4.4424475929674285,2.396909607523985,247.633146492593,190.26742911338806
-2.7421863940613487,-3.3350419548506176,-5.101998809752244,1.5560011687189501,-4.720341401949545,-4.150140724192848,5.104952928647344,-4.550781585911628,217.8980524615287,192.5536892414093
-0.5216889231416131,-3.924944428172699,0.3730877368042025,4.335699714263314,-1.5001137406164826,-0.3961958926826483,-4.774586071513002,-1.2511476533571613,170.97764012428544,194.91530418395996
4.675950190287261,-4.223847675126885,-3.1181266726538044,-2.8319148371036085,-4.796547598926592,5.067499363986694,-4.621941022146197,0.7842812921266038,191.74127004337737,197.5026240348816
3.44486738607356,-1.947390859619075,4.975636348024344,-4.4038890645491096,-4.1218323117319455,-2.9511306634545242,3.4815642299901333,5.099931970331581,187.03320186162273,199.80061984062195
1.0708479238293913,-0.7122414578843141,1.7244357433527613,1.0268740061299457,0.6903169396015008,0.18923560469696987,-0.6702009520206991,4.453906253488618,105.87418032239,202.06832480430603
-0.17719749648943228,-4.991507614563217,-0.3710713306385287,-3.354069697490198,1.5138172611703,-1.0582687466605645,-3.2860158456217023,4.4221479401327946,160.36987961549607,204.52034497261047
-0.8088880504296947,-2.226538212660135,-0.6921974093326266,-0.5582147523911125,-0.10861239335299366,1.0192622078255633,-0.9989620063611975,-5.115732424413586,87.27018752389861,206.9224100112915
-1.803075272908123,4.816865817296853,-0.287045017512245,1.8288587711125324,2.519561199812692,-0.1072899151631388,0.6272534770620029,-2.510815458664703,132.19683855230227,209.1991240978241
-0.8241983490834714,5.113282689605584,-1.5761250590388163,2.6346952659404463,-2.14505317284501,-0.2660269446740857,0.3850393934913017,-4.979725858944928,141.76956738083544,211.55969500541687
2.432204098956155,-5.11122805529847,0.707218403388489,4.4165665488765145,0.6375078412858741,2.0054972413397207,-0.12951004059934945,4.94624651994794,153.9177375315329,214.13472628593445
-1.6980028559096167,5.118645855390839,3.9816541507716723,2.8722776528132004,1.4639945302759836,-4.052226425146221,1.5958792305386122,2.2665362049068163,147.96955295988408,216.96465921401978
-0.6248849049832383,-1.778952290328255,0.6470492184872114,1.6653480363377193,0.13506088597389176,4.52011395463223,-0.43851173738553495,-0.5880307510844958,145.18229483164706,219.61213994026184
-3.982250195595569,-4.48118595733007,-4.957883913287474,-4.9769406112864445,-1.6574600564610642,0.3102114804150524,0.47322906866552206,4.740303929763011,190.92656204716207,222.35419964790344
4.215355726028254,4.789771511889787,1.975145243124433,-4.143082470795905,-4.567074253102256,3.4101278973929476,-3.264621093775199,4.60355249853865,211.8272526191422,225.03384041786194
-2.8576148756254662,-4.6937615515095095,2.886220482159291,-4.955369794961485,3.8537955667692154,5.093446839312789,-4.8444565042852155,-3.1603018545895427,172.04679753127866,227.77582001686096
0.8739168040961856,5.089695550011727,-4.4956969543790875,4.267968468596371,0.211796914797433,-4.602231512250623,-0.6357711522084548,-4.152106185477209,186.04780304478697,230.03236937522888
3.429929712265328,-5.051254007102598,-1.3080429400964153,-1.668086307041695,4.755043730889464,-4.699360479844654,5.067790238144711,-3.0664024560694423,194.16528442212714,232.544371843338
-0.1479029391803124,2.9755226665851273,-0.4682027818790395,4.575951917621253,3.086538817508459,-0.5469109704168433,1.1829798010496084,0.23616585951879543,120.18831062784827,235.09002304077148
3.25171873881317,-4.581682885771355,3.22992695046747,-0.363346896340099,5.018181260596196,-5.021055556030481,-2.86650864889189,2.255299446832005,173.7244742168322,237.63268208503723
0.4702808014984088,5.107838694612645,1.5808073250807766,4.403285489382458,-4.504460566177778,-0.9256881403011672,-2.002223679703438,1.7907463660875838,164.08041033556296,240.11171126365662
