-4.087459515670854,-4.048191512253818,0.5380662019502047,3.981349339935245,0.18360117704368228,3.9106198528523146,-2.8380978299384125,0.3497793655012158,122.54434643952484,0.7527661323547363
4.99638792960472,1.075790243256324,-1.2281120092679618,-1.0894695029980976,4.750171416079863,2.869546868601593,4.6568252003755015,-4.08630259891935,139.40656123482583,1.3747739791870117
-5.116067704380797,-3.972550558921202,-4.797105912035269,3.117774020980513,-3.6318659925724948,3.08347384014949,-0.4766045516975659,-1.8930460497755495,153.75756843380944,1.9871816635131836
0.16182754628331875,4.739496497935016,5.12,0.04163429016950104,2.859708549504478,2.937662699154351,-4.443180899621485,-1.150375876827031,132.93513104163526,2.6052775382995605
3.752871994108239,1.0047589826612784,-5.12,-0.3334227746976044,-4.377639571262627,-2.0823081813114666,0.6484110981644049,2.7373474725087554,145.6191631413041,3.1720798015594482
0.9875957050407624,-2.8229181924399867,-3.280189164709583,0.20383089446788283,4.094054815422074,-2.2149197115666364,4.863888225761047,-0.6755428696731354,117.617348680913,3.7433722019195557
-1.8088644291906544,-1.2666688829791242,5.12,4.643745336722277,0.3738664725429457,3.058136366048145,3.570093807393307,-4.196450280150833,172.25959550349782,4.35127854347229
1.200252328288367,4.972504939136207,5.1170903870485835,-3.1752997988956775,-1.4142547320571262,2.89843288665947,1.6154994781543657,-2.3049594728800913,147.31119481686298,4.776736497879028
3.3018446308666425,3.2282289453086728,2.548555219285772,4.12656928499906,-0.9891594823780041,0.17123693632561832,1.769887729287718,2.9255825689366697,117.0213436888255,5.281472682952881
-5.12,1.5617741717570093,3.512137227645007,2.627257062411984,-3.264277020108083,-2.2048948324851363,-3.144390316682059,3.8742790255093764,172.11423817501415,5.8220953941345215
-4.181747757825506,5.0781637919275875,2.698578308809121,1.7474508219653444,-1.0390371629756912,-1.0140597768485353,0.8589465604721527,0.6809456699772491,105.49813785131269,6.345561504364014
-3.419194812035661,-4.334077099459716,-3.6883164749134165,1.0290868691279265,-2.257706150980594,-3.3451401414978754,1.079715837188722,4.149119542548999,158.9488650989841,6.875193119049072
-3.3005247896011634,-0.7228860860997308,0.12231603120052359,2.112820522634766,-3.5930829297777924,-1.7959827179299732,-1.6203989713609657,-4.141318337836539,128.29470589252554,7.439292907714844
-4.104760473694405,1.831155486297627,0.9997471104696123,1.9475518617896679,-4.1571891427347545,-0.6016110999025672,-5.0680510236835445,-2.924800183486624,109.14432889694166,8.138856410980225
-4.300702668091452,3.2551369765629223,2.8474369235964154,2.1163522520261093,-1.5754471211460492,1.055495097623095,1.749517608244406,-2.3544442029451633,129.77330361586797,8.639374732971191
-3.957056366383191,2.9614712184421093,3.998684443878944,2.9350067286479655,-5.12,3.263520424839462,-4.676510412251693,-4.316892202079216,169.97291916232695,9.236549854278564
-3.8373993589803823,4.874567159829156,5.12,1.864024798815378,-2.2756363491184675,4.859257168933252,3.2244249554876214,-4.0361898646679455,161.44955787579715,9.853257656097412
-2.7280953669697574,4.543576909577072,3.832145909773902,1.5555745057533041,-4.466840278043723,-1.3983862947353525,-2.993647802125586,3.2341492119922775,188.8098522725051,10.54135537147522
4.144212784937326,1.3702061367677132,4.668771062027866,3.8968819534886903,-0.45982743269005777,3.2438873193623943,1.9244651812014375,5.087644606728509,165.83817578039083,11.126006126403809
3.5042021815547963,1.9333916551814783,1.7497588472319956,3.8524784229774545,2.2459387695208815,-3.5083431316113796,-1.3943012479534191,-0.3775061826510928,153.01880032262932,11.748256921768188
-0.637245820702586,-1.1302366520663054,1.5685173455151373,2.480458713382898,-1.6546822484119361,-0.45906088290442515,0.18396112819867572,-1.8742277775351734,119.71632169131723,12.333446264266968
-2.577313202986923,-2.915175657176688,4.870148581392294,1.1844189494833977,-0.10157648932019292,2.5179574035249956,2.0853975387150685,0.15218680297473242,107.90137923660662,12.852728843688965
-2.161605802082271,1.9612251089024832,0.49857158785232514,2.972610570912736,1.927242377184414,-0.10290708365726076,-3.4753151098267097,-3.9103255119661995,98.33819608982115,13.619894981384277
-5.059545581087589,-1.4048037552655233,1.386069781800444,2.7624913944910965,-0.8345168790871353,0.4213696576106596,-3.8343158514968807,-1.678360308762267,144.27219235836424,14.458902359008789
-2.991623153947166,-1.2198562354733946,-0.4048105920176557,3.3859870834504067,-4.0590752944771324,-0.48525332288044964,1.8667213679712802e-05,-0.4235820128849408,122.40225027690303,15.182921409606934
2.8643860512133177,3.0137505482459206,4.791345946702813,4.807367938681069,-0.7832672417269055,-1.8695373480862054,-3.670983921867884,0.7894939465839581,132.32861829160464,15.954501628875732
4.819606939457178,4.161561798629594,5.12,4.039967234109985,-4.83583275899653,-0.08841291269367879,2.7599154261012053,-3.439985448490652,174.48320511465016,16.656575918197632
1.4119192786363355,1.4022650266759502,4.698367088686784,3.1289988576269208,-3.7819193943182183,-0.3149637507092944,-2.3875107081738527,-4.396202103307521,185.76010462093177,17.216956615447998
2.6315610234860882,4.989165003554763,2.853519793027411,3.304288119076218,-1.437414682481935,0.0794163330647848,2.60576771463999,0.1781246517231292,137.82259735080032,17.954594135284424
3.936321996024712,2.981334593299432,0.5211360088465833,3.2603746890999625,3.6569725914391933,-0.5892928354737537,-3.5051465137449433,-3.152518915504724,160.88216801179553,18.775169134140015
1.1559910681515326,-3.4683147074294536,1.266020343003424,4.314227293875573,1.9137851211545112,0.38657201570778366,-0.10541509257303616,2.420593747087838,132.32149673570265,19.37225651741028
-5.12,1.089720903851509,-0.06830100466193656,1.7512830444326095,-4.098550746734954,-0.021029527037846663,-4.201399462573571,-3.895851872510603,106.18850217453279,19.970780849456787
-4.4522232765033465,-1.0596992534630587,-0.9002768316934429,3.1741057263977295,-3.8450467197986518,-1.936437102823271,0.8430543881036279,0.5975280623990571,106.81535365284445,20.60180926322937
-5.12,5.077258744710879,4.68323890791905,3.0338200629990384,1.2623737328010831,3.28272767783191,-4.542223612247793,-2.260084214376488,192.50458861682162,21.184490203857422
-4.0675212045905,1.8317979244224274,-0.05481554010092893,3.3689178760947565,3.0572691724498435,0.36119660015927746,-3.6500134344958557,-1.9810414579644617,114.35108907970766,21.795774698257446
-2.128632527794932,2.1314555117287854,0.35125539330802447,2.170074205170307,0.8738325055986396,-0.24156871947126746,-4.376051426922282,-0.9409090110946661,92.45599332005719,22.490102529525757
-3.191574523577685,3.1026003909760815,-0.012366467215672472,2.4749551883661445,-2.737811362577394,-0.8625556132231313,-3.9918441500919704,-3.9261735719378383,109.1893554329122,23.155977725982666
-1.8215434927233067,1.712378452284514,0.18573756588607004,1.1990326584648985,0.6137193798880078,0.06218602248700922,-3.520771357981531,-2.594621509567296,114.65742060584404,23.83203649520874
-3.301983104050252,-0.8212905405579134,0.3960873637849103,2.411705428665746,-4.734294352411459,1.6604138201560064,-4.766480640961945,-0.17656592768536683,161.6285383226183,24.687852144241333
-3.308830969585083,2.183323798442463,-3.626564786990737,0.4558886382554306,0.9323585319752583,-1.5027831241755147,3.4470887563542165,-2.1174333512904964,147.67459844359942,25.438835620880127
-5.12,2.7060194118691205,4.4446603161311655,0.9367940963181427,-1.05203155864828,2.7779057862625107,2.346311525852734,2.330462877121642,148.86483260651121,26.31667470932007
-4.227005324700481,3.78932657178614,0.536782701957911,2.2452873441111647,4.067592958744847,-0.15028598248401082,-3.1323300233236697,-4.300600200863461,149.39602225532406,27.24589490890503
-3.3937370046393784,-3.08781072329779,3.7031410660592003,0.2716284159619029,0.00031150454916062387,-0.6326864123194085,-4.332457868579953,-1.7132153824895435,144.50227365919918,28.11276650428772
-1.8228987831074766,3.4959795604039288,0.6861338828828023,3.0073328321592756,0.14767593885192554,-0.22330539561904406,2.005121682010267,-2.662296047185159,103.30751534733771,28.95533013343811
-4.284948667735019,0.9652776469860109,-2.775176068552467,1.9927480916738238,-4.073497830747402,-1.5205905983757884,2.500614205116624,2.955802269392829,127.05800518403996,29.863995790481567
0.15762956725423916,1.7476385497786975,-0.09448507073406898,2.8109663916293623,0.9962073426008704,0.5202307967801572,0.8986956879742563,-0.37834416992405195,74.94028304561759,30.876976251602173
-1.7602986986220102,1.818321476193863,0.16738048066284517,2.9055159960320163,1.1061396737191247,1.7715684659652835,-0.8845637115084486,4.02766305787569,71.64186496470252,31.886269569396973
-5.12,1.2807690756073136,0.014486793291053957,3.5261389765807936,1.1161456583120124,2.5400348598175917,-4.283495664903382,-1.8453788508664775,142.9589167958631,32.72651529312134
0.40292739291151314,1.588391461985914,0.5047631472657033,2.685198161312817,0.7889462381657566,2.3057997108400796,-2.6208029730294413,4.023739354110792,148.17611965091373,33.812835693359375
-0.9800957191160808,1.8953256818934134,0.4509091982765945,3.2700800251611364,2.787955006018108,0.9233486328207618,-0.12342500667764611,1.574721387973165,90.07282488564002,34.55217409133911
0.35594629560046087,3.0588337712505345,-0.05003517944550406,2.9835178384726584,1.1323214713470247,0.8974266289660564,4.580059568392811,4.912179723810172,108.48907049515898,35.586933612823486
-1.2334021176204772,2.381907459444383,-0.21109364205275316,3.0133980549517974,0.4559038681343974,0.7097439680249185,-0.7364841464965455,3.9666298074932795,110.44169846804094,36.60225224494934
4.459990477834645,0.7954978321748536,0.19786111392875227,2.483957243740597,1.6370565316438386,0.802648305265186,2.475691647838615,-4.707835626310992,167.71740338543674,37.526158571243286
-1.3640983804866607,1.3576209301237894,-0.09064441523733002,2.43505675759899,1.2103138834034066,1.92444412210628,-0.14235996389346361,0.6410249234237089,97.5307132114837,38.673179388046265
-1.5452350357533904,1.9148225077796246,0.21595080018701207,2.8433526474753537,-4.261839067095641,1.9593100215523593,1.6602423018247041,1.1179874803751844,102.57107461605969,39.87522649765015
-1.0349178653079072,2.1949716007264826,0.6579514418711092,3.4831677486887047,-4.214854519095601,0.4936319312249484,0.9727429371271468,0.28021634029250553,119.58411027389776,41.218132734298706
-2.7026887087192506,1.8448075125813785,0.11152494665519797,2.3967713774608264,3.6435233377034146,-5.106973660154033,0.049631874344122195,4.297614337232139,143.74375900664955,42.31076645851135
-1.7871549779393683,1.554210524493742,8.610101228700984e-05,2.3339710268763554,5.12,0.5711557236105795,0.6346618571202756,4.365757561134848,154.21217051217116,43.38097047805786
-1.2894264205770458,1.2589959244180022,0.04983441315029058,3.4451100300267337,1.4579011886725048,-0.4080785412547172,-1.1476816238493859,1.8990642955064425,109.22848306172503,44.41534614562988
-1.8271152834319513,3.4665062360347667,0.08184507368963878,2.842564517607266,1.5982860056153632,1.378227123706191,4.704821308160075,-0.6835649962348445,143.64046580512453,45.58243250846863
-1.0631639332124214,1.4134823770767477,0.37969396817906276,3.0915343798706365,0.057190092113334146,4.164747906714507,1.0155032887100548,-5.088145372748043,102.3968025818706,46.78793263435364
-2.2455592770094763,3.1501681817301543,0.32346732591004734,2.4944551137865165,-0.6668905998580126,5.12,-0.7531497506345923,-4.464368814398303,164.00021156018443,47.87497639656067
-0.9144095663522664,1.1230919976001523,0.3846652278080356,3.209982064802868,0.2193430864806052,1.3684092673846706,1.0361835726490032,-1.1908197147787076,77.69914971191179,49.098674297332764
-0.05963796790682885,2.2479642603727834,0.4733034639782998,3.0911078578294235,0.3671426281987076,1.4181706344208784,1.1342116047461381,3.8941476308733867,106.35434561831362,50.05323266983032
-3.110179350344864,1.0379143205572188,-0.583796802510876,1.7765360097640635,-0.0918896132937741,1.265944409292854,0.3827784247900192,-0.8114916181692466,82.4949333386804,51.023712158203125
-3.94667843053365,-0.712670586874105,-0.6081068698641596,-4.33803662980901,-0.0480510510494101,1.2193337526496952,0.28461346199995674,-4.514422500758961,143.7908433963288,52.09947419166565
-3.596805863725518,2.0868469618252403,-0.06223775654193098,3.4413844241321447,-0.16782879570205722,1.2619745029976697,0.645807863128617,-3.6941781532068663,129.90662625485817,53.426201820373535
-0.8097663641606916,0.5385335729085341,-0.6992759800166555,1.7869523106519072,0.1326616917376775,1.0415579721687358,0.705463889844216,0.25544557363611986,79.88683230169482,55.3316752910614
-1.5178692200958013,1.2924142115588522,-1.994423143193497,3.976126906211893,0.9878587109504622,0.8705992962953442,0.6337702783414416,0.03335576393045514,78.6330576088148,56.87716341018677
-0.5223499163899161,2.748759552260289,4.050999146273525,2.366361470530064,0.8022556412582187,1.12415814800847,0.6446419184180954,-0.28147813235966357,117.1852691351987,58.078243255615234
0.32604568185553706,2.475235014504661,-1.896020716549097,2.785557939668694,0.916495906597155,1.1664256286490682,0.7350824156436202,-0.5951882529495931,100.53571897144323,59.535486936569214
1.245768794304217,1.0959062465285392,-4.832245730387784,3.446134740830428,0.6622118384546072,0.6861474132125691,0.20381487343247695,-0.5068850929504478,131.4496474517473,60.62232828140259
-1.9241546129097147,1.1957052898917269,0.1704876354622833,3.515806947985163,1.0730937667988671,0.666691817319987,1.0415238925432195,0.004291079419316723,69.50831369501584,62.096736431121826
-3.3966032502853825,1.4737404865348038,0.16676206172234753,4.105092740082887,1.0655409246109961,1.9089488300321635,-0.6522477362464523,3.34952926969103,125.99216632376857,63.51340842247009
-1.6221134648106097,-4.981643617500573,-0.8580770667296065,2.379047715795945,1.0238665901037098,0.925430006166339,1.332077166250425,-0.2631167188546657,102.7697048620666,65.09391927719116
-1.5851684216391981,5.12,-0.2951267323744151,3.021218421329386,0.10908452918031042,0.7957929880826926,0.816914615370254,0.48058069847649243,108.94881807516786,66.26365423202515
-1.3975431799873674,-0.08023975572390807,-0.31340447375207603,2.893647594874307,2.2330791172666826,0.7073731308790148,0.8942191744125401,-1.056523858908271,77.4445619551037,67.84401965141296
-1.2909182255793121,0.3223879468727331,-0.8826546441331597,3.2041685897796475,0.5803361542716665,0.8819659365359271,1.4495668584701464,0.009606482137386685,93.62460896539045,69.42404246330261
-1.3881398882668958,-0.3250358579424635,0.2681877780591755,4.215245131781372,1.1099401298050786,1.134231856029058,0.6743524977522881,-0.08769240267542244,95.69885972432824,70.84581398963928
-1.3662502826047689,0.3584304157601368,-0.9397716477783495,2.6109232594458573,0.8988217416269455,0.760928487529017,-0.6623553344482049,-1.2381623315088874,100.15627832741231,72.60442805290222
-1.82549109017536,0.7234781054548511,-0.7702894306509105,2.227323620806281,0.9297874572142826,0.30997191483055,0.7770556547188878,-0.722296686971923,80.57337720711332,74.15331935882568
-1.5931059006301163,0.13047198007654437,-0.04685003210092198,1.509979599702274,1.5805823477145582,1.5689011033436335,1.027777238398711,-0.8769049027086258,94.36555827242448,75.98286461830139
-2.185422975837755,2.7029368949163537,-2.3434948191376783,3.2569300099096195,0.4458681848751471,-0.07927001491760599,-4.6220913938847445,-3.4037503578552095,162.34816071839748,77.58012104034424
-5.12,1.022915636603491,-0.054947737374209105,2.34113310288737,0.6787192208629627,0.41292608285751076,0.48630643868687606,0.22946637209144782,114.03435864354554,79.8656485080719
-0.45242399194895366,0.05311616985788081,-0.7682154046801903,3.360235451659908,0.8152533056933677,0.5444791572798193,0.5723061343898177,-1.1704246091025685,109.91669562681746,81.53336906433105
-0.9896173198256113,-3.9199657207061938,-0.21955539122589496,1.0300646660758863,-0.26337404283043053,0.9893488275102857,0.8014522049093031,-3.064372509407476,56.56323897962615,83.61210536956787
-0.8726135521861433,-3.103752199380908,-0.26213311504458847,0.5629547756555633,-0.5734722948994033,0.9850235672185592,0.9113020772049358,1.2191619246540384,78.05728204681392,85.97884488105774
-0.8423201686512876,-5.12,-0.24445600981713334,0.4818820980778389,-0.6031805126914742,1.0034179476258593,0.9716106403762685,-5.12,113.403900887701,88.48265433311462
-1.177756559260247,-5.12,-0.2098944332249637,1.1140887031653133,-0.13862047499762298,0.836291009882669,0.4660422523355807,5.12,105.21288626399094,90.61587715148926
-1.3076762498643406,5.12,-0.8753972184154364,1.8909540936959575,-0.6291973924688561,1.230966535515436,0.9923978586598832,4.248586339192751,110.24814185182971,92.9410445690155
-1.0268594005191547,-5.12,0.10000916434404328,0.8581641651372323,-0.010772691681497193,0.925361818022366,0.22064555153225918,-0.5857437556915457,65.5932059172015,95.07515382766724
-0.917795390662981,-5.12,0.07939364022170015,0.566072735337559,-0.13456943757699236,0.8811392099728224,0.2062193677301858,-0.49458181999774453,86.15523649705992,97.03066372871399
-0.9870251102594523,-5.12,0.06866453003702055,0.689256774772617,-0.1078510920439788,0.9026707695301788,0.2221765731219021,-0.4933333809246223,78.44583371804859,98.76626467704773
-0.9753689830363159,5.12,0.06624723904561236,0.6677320705338294,-0.11554841420286088,0.9003840003861345,0.2355871463266519,-0.48787545458750614,80.84321041131915,100.1406319141388
-0.9978805282101941,5.12,0.10709929618865566,0.7280664216138151,-0.075637089985916,0.9153519833473718,0.2364049309910241,-0.4900434851221034,76.77308084399615,101.95465588569641
1.3751236437729366,-3.1453959000311142,0.010454158364886723,1.3807567363649902,0.3233792178144155,-0.5514524397094398,0.38916129160840196,-2.909604012024943,114.20029076921828,103.64750003814697
-1.2157818678955556,5.12,-0.24046781795486627,0.5560600889451051,-0.6614477065511188,1.0348916187090769,0.6560179451529509,-0.4061868764202048,118.9286410129985,105.2007257938385
-1.1261318818013257,-5.12,0.4100860067883012,1.4033811588484113,0.6179608575107238,0.9829023569773083,-0.11466893415113777,-0.6637626299524593,108.84778576390053,107.33720993995667
5.12,-5.12,5.12,-5.12,5.12,-5.12,5.12,5.12,231.39770980628714,109.16535878181458
5.12,-5.12,-5.12,-5.12,-5.12,-0.12646551705688847,5.12,-5.12,205.48333185642906,110.7954490184784
-0.989582168495593,-5.12,-0.5168160370810186,0.6651573785312133,-0.3190921807410261,0.5354565901466302,0.13437379598795562,-0.010172944097169179,103.4045844606121,112.38271641731262
-1.1112721063534785,-5.12,-0.36759737535541426,0.8609483200226791,-0.2601226698425565,0.6958365651261724,0.28063909460349734,-0.04553328383652122,90.62253868875925,114.42609572410583
-1.1184145712553404,-5.12,-0.31195656815862893,0.9202400415814056,-0.20499045726571552,0.7329934722926108,0.29855458943858615,-0.06338387117003119,81.52190786788833,115.89838480949402
-1.0959590876890095,-5.12,-0.30823762742497696,0.9116880212022815,-0.17579537405933632,0.7162287334364272,0.2765788269097875,-0.06658392924710466,78.65387032517307,117.92109966278076
-1.045526355120634,-5.12,-0.31604645502749307,0.8815516607215343,-0.1284960806895512,0.6752743612916143,0.22103361934117505,-0.07083845369297936,75.27803504271482,119.62207436561584
-0.7563174354752364,-1.3435614512316145,0.6597888181217675,1.1686038957646279,-0.15573429824338625,0.6326584127224377,1.7175287888774369,-1.0318722305885828,87.6076641265224,121.59203219413757
-0.9202283933717164,-5.12,-0.36176942615412244,0.8189697484919343,0.022186856842641767,0.5802334046735576,0.031030117585898687,-0.08810360576925635,74.94535402004573,124.00235891342163
-2.310571347638429,4.752604942475771,-0.19131866023733934,2.808152837162287,1.2071944187461723,1.3407743227208497,0.0938036651678571,0.8106573918093067,106.85263357908505,126.26233625411987
4.762319198427911,-5.12,0.41985671790755674,0.930666033975692,0.019463150942016227,1.6421570417771356,1.0230489137371812,-1.8905630997338516,107.60514113040453,128.62428975105286
-2.967828670622979,-5.12,0.02040697326618357,0.9032340769870428,0.0759614299962843,3.521533587596502,0.9341260628532462,-1.5994947114810554,96.44399867257228,131.03829908370972
-0.31590356300430233,-5.12,-0.3528259301638066,0.5440143251834648,-0.17603783365886372,0.7303041805207053,0.0898620287047116,-0.17851475461669697,103.67603258340078,133.54669499397278
-5.12,-5.12,-5.12,-5.12,-5.12,-5.12,-5.12,-5.12,231.39770980628714,136.02291297912598
-1.188098770964566,-5.12,-0.4131280257170973,0.38412579786453094,-1.1803010349724645,0.8180924494816812,1.2725018548894944,-0.18122918813000677,105.42021796788227,138.41803073883057
-0.4375010045250489,5.12,-0.4194099541303693,0.5504594195714416,-0.14269516751189126,0.5707583378010943,0.04833526915721098,-0.20488355260953472,117.91676831444053,140.67870378494263
-2.006653523711189,-5.12,0.3968792192632762,0.5873994122713633,-1.4239075710097615,1.6726268699754812,3.1647082007268574,-0.4171881736593557,142.10169672567633,142.59156894683838
-0.6213300685953591,-5.12,-0.5437468716271354,0.9231531778877535,0.43884230209640673,0.6372131462706561,-0.5819854359573204,-0.3521053579814408,139.98554975124372,145.0545690059662
-1.821548681382526,5.12,-0.6029990571463539,1.275249766677356,-0.11405869134320934,0.6490387563963944,0.01923043542408287,-0.18049132854034156,94.1416022050642,147.75876927375793
-1.1381280274071175,-3.440437820609025,0.9683564905658946,1.221909688327795,-0.01901663743738613,-2.3910921942083956,0.8817440039477473,-1.8261902068671674,82.52679133061194,150.12148141860962
-1.7271255074631302,5.12,-1.9291046704699188,3.66686209982218,1.5554816964394629,-0.35617674521311393,0.9535911558087848,-0.06871156767964237,116.85846139254039,151.90431761741638
-1.2092170948674101,-1.2713331662857001,-1.7465844410941043,1.1525608971128358,0.030049985520799183,1.1493864976043646,0.7732680362717863,-4.002971840583517,71.484406587797,153.71584725379944
-2.000992646064871,-1.109179628597496,0.2292628340925047,0.799775231835822,0.11651594718164127,0.16591855422679114,0.589532234696577,-2.433812435792693,75.25306500399911,155.91310262680054
0.09197995802582604,-4.03569712471002,0.44847825973473654,1.3891802973882088,-0.20368452905609313,2.4244183584028436,1.0208305710590437,-1.1025190530952624,93.74412833394308,158.22299790382385
-0.9346032274658418,-5.12,-0.5979997822608905,1.955827164342617,-0.18240693896327542,0.9237954060223457,0.9772847780246723,-2.057880290725679,67.19595328615108,160.27613067626953
-2.132129975954054,0.9183665200374591,-0.2940352817307659,3.696626121551094,0.7830637755313443,-1.5962917682254947,0.8468973413086527,-2.469678143126217,109.94341538879799,162.50604605674744
0.9200982240546436,0.16403781500330172,3.4833753415114854,1.7736844409211736,1.181393828928499,1.9267805489386278,-0.953825589539675,4.5083683617281105,104.31654585231745,164.56183433532715
-1.6677699316458194,-4.251700030848036,-1.2137182549418082,0.6178244070990617,-0.23249842912664054,-0.08755424883862872,1.030573234792687,-0.5703563823383959,103.93221323908628,166.7229278087616
-0.6428775827141306,-0.3659925639235624,0.2479826845483215,0.5198703080860083,-0.027802303676421225,0.674960220867483,0.3938321224261916,-0.4530383532229578,116.50328155733675,169.5473382472992
-1.3099875794241846,-1.145543442982064,4.920069205482688,-0.10248912000130606,0.03196714219808783,-0.4268210995294677,-0.7244362937926834,-3.5556430154079637,111.56940099895002,171.7361297607422
-0.6234945570569081,-2.2724855677859033,-0.2871737200797888,0.8317450713087746,-0.768544631326133,3.2449682667512407,1.729660059247693,3.8407064069730135,115.53754048347625,173.96124911308289
-1.6134173567914085,-5.12,0.6583702720604325,1.2185802529515994,1.4127207680375395,0.9240652151364008,0.4469496239644535,-1.9642595381535122,120.75463224859242,176.37066531181335
-1.0785281862005016,-0.4533518515161328,-5.12,-1.0942329413398486,-0.2615516352484937,1.5046595932173066,1.2872704911490063,-4.794713039627352,131.206772838467,178.8388226032257
-0.865407643072774,-0.23101642140195278,-0.03615356178373563,0.7629448076253027,-0.27791384539071107,0.5863723923991895,0.32192076375350975,-0.4259137720421693,87.32475814921668,180.9296133518219
-0.8911743938480301,-0.2528817046671161,-0.03804053451149425,0.7860667279034281,-0.2638529886782255,0.5926263130949234,0.32685033882980985,-0.43139219676855234,85.6092084104836,183.66474390029907
-1.086335161778461,-3.2337274725722125,1.1154234293118757,1.83275828884166,0.013714765119983596,0.7186880013301993,-0.1572032644414616,-2.9910103307691815,60.19258751729135,186.22092604637146
0.13835152468859047,-0.9012237116686981,2.066998035327506,2.5656998285315034,1.2930681827866009,-0.44949352265568265,1.3754844330054787,0.6239025575972104,107.67217031676313,188.31960892677307
-1.8791034370637498,0.8949777900407572,-0.4439208716803007,3.6163847014747974,0.9061479323858661,3.0346548448767594,0.17857732126865233,2.0594367772090845,81.8636900603658,190.88319277763367
-1.2579829887752916,-3.317650859556371,-0.5253157313995027,1.3583225754884927,0.1534789702743664,-0.050166237888533693,-0.026494654981167542,-0.7610596018914784,90.3448623175803,193.64178085327148
-1.4295858722955295,4.571280585926041,0.22609355229506356,2.031488891929018,2.1267552511095724,3.7872179338034853,0.19808368377641727,1.5206483522398404,132.48725650183235,196.12273526191711
-1.12690498288781,-3.7800492299124953,1.859040399886533,1.459617621962547,-0.07477619494254473,1.1110990472814022,1.1672611043556795,-4.149674564678435,88.0176402302808,199.08304047584534
-0.7783019374709577,-1.1591097141998636,3.116668254970258,1.8821011781983747,-0.3628524257925303,-0.7985276029786688,1.3061253128026502,-3.1477279845100012,86.57388141666817,201.47813367843628
-2.510037141732529,-3.815597728713839,-0.31020104102980195,-3.211438610248475,0.013369334541005529,-1.735604589262521,0.4785631837579629,-3.2165361300801756,130.88501398941693,204.26675701141357
5.12,5.12,-5.12,-5.12,5.12,5.12,5.12,-5.12,231.39770980628714,206.92951726913452
-1.2860822072460838,-1.9402332450596553,3.6106255445268998,3.6326306204974097,2.437100656912791,4.749043695934323,1.2496694123020875,-2.7638480458189227,165.0926810129488,209.72919631004333
-1.016129536133815,-0.2669324534969437,0.1941614819117321,0.7616062211975638,-0.5201935858902527,0.5295170378362535,0.40205008903844064,-5.12,116.21990545807174,211.9942262172699
-0.6711312580374997,-0.4711433345034939,0.2233479402264722,0.6307653373301347,-0.434949271228235,0.7045606709450087,0.5435026692600342,-0.5148900530480134,133.6787141794984,214.86641550064087
-1.2923659560943999,-5.12,-0.13063349738563357,1.1531709006241124,-0.37217080690092175,0.5916353681400777,0.18614895928145536,-1.0790866569617883,96.36445120891914,217.17713904380798
-1.2848238476131284,-5.12,-0.11338868594695484,1.1676441961175188,-0.33685673080072487,0.5908590695717262,0.204705016116967,-1.0659076443113573,94.89088591467295,219.9184708595276
-1.2804121445265055,-5.12,-0.09946297096476808,1.180073517591821,-0.30687389685864996,0.5904915958940471,0.21887769028653992,-1.0565052929003977,93.71449892911076,222.76734399795532
-1.2782333253188525,-5.12,-0.08754182864679017,1.1911270019061382,-0.28033866887571346,0.5903119397145842,0.22968957867495376,-1.0499006611070936,92.73376722480026,224.95671224594116
-1.9329743977560754,-1.8373958372079993,0.9570603388981018,2.883673915557128,0.8786431403399195,1.2026037030897792,-0.3968851583083497,-2.1337301747435684,62.97848389242367,227.59263014793396
-0.9650286148866964,0.5880525768000897,-1.1583049550219493,0.9988221850629104,-0.10592964464187293,2.01883764398199,1.541040071340559,-0.8262593163100425,61.3253348910486,230.0101761817932
-1.0127834314441717,1.9662521392343217,-0.40768270760340464,1.4391704420015587,0.09908627703279915,0.8831628907483093,0.6624409656545485,-5.12,94.86175300183261,233.45554161071777
-0.9447052529115529,-5.12,-3.618086673123191,2.103942588055621,-0.09552941526242176,3.110928519445463,-0.7095118671027834,-5.103625525931385,122.24107894386543,236.05507254600525
-1.9916368082109779,4.147952304947558,2.2294384911809972,2.303367623491284,0.7734392674719333,1.6008740203152998,-0.6811766392876955,-0.17994081571440912,107.66011570563856,239.34375548362732
-1.0291096182169603,-4.314174163462695,0.13798530461924585,1.8413565231508873,-0.05362126302297021,2.1468729861895834,2.6968436350974674,0.7591709776165487,84.96014039934123,242.2930989265442
-1.2269336233488723,-0.5046698836919878,-2.4718131180411103,1.9107213355796855,0.3316762840130991,4.97003108257645,0.7311849903976402,-4.5530998926736155,153.23923989214944,244.75588631629944
-1.3342600803845235,-0.6259749067472411,0.0019476472758288566,1.1042102290513593,-0.2655483918413175,0.8903970050237922,0.67479404256295,-0.7148780442503986,79.36265896722878,247.56430077552795
-1.321736119859111,-0.607527011288334,0.006819135403548948,1.084789439131665,-0.26908652648046427,0.8965403230117976,0.682689541645626,-0.7014950429642468,79.0226098281768,250.0313150882721
-1.3119596193649636,-0.5943910400597439,0.011351195053646457,1.0683867871220967,-0.2715761597633133,0.9024763825648536,0.6901912922671851,-0.6904855663545524,78.57343262033446,252.55612802505493
-1.0801872936224894,-1.2751886559653367,-4.773345689504491,0.8551860956803932,-0.05183146243382719,0.7881442598246142,2.473954263445016,-1.605237820453305,106.7595372132941,254.9509518146515
-1.8278442818731269,0.5913002815862081,-0.8350126010301668,3.542030182763056,1.0887248983072286,1.4196186751950552,-0.8184265504670556,-1.3491383377124815,112.81894902115116,257.80186915397644
-1.8006098686190843,1.4155989392364132,-4.223119842482247,2.9874490118868,1.0698140855205223,3.8896420155532967,0.46222066675155205,2.016589321449776,109.43974571683887,260.9486918449402
-0.9765021578462161,-0.29133391545452003,2.022898277719654,2.16624164534388,-0.09231268888488664,-1.5953382845101989,-0.04022496816755705,0.45174656633036747,70.09537133556381,264.7688009738922
-0.7889288514227744,-0.20360659527122849,-0.19770036057896245,2.400316194216215,-0.1089475830301403,-2.3643594168061344,1.77364610120065,1.9572822853334229,86.33588159185568,267.369131565094
-1.8174932488484972,-4.201784288693536,2.550957892016209,3.0817229657279332,1.0347546927351088,0.28478727987799957,0.5819116390261918,1.895792629413977,108.90889301488237,270.99319887161255
-1.0129975614682367,2.6034769943954448,1.3399534534045277,0.6583097353731624,-0.06125085482170345,2.1947024582634205,1.1920643014208672,0.08684844477502818,80.29715994555528,274.0469615459442
-1.7340142260410154,-1.7382569467452287,-4.254302323058468,3.733053627610402,0.7282270301651819,1.3201473233173182,1.2194730325233492,4.896835004762186,144.6272020956327,276.97085094451904
-1.1109069419093531,4.5518181185309805,-0.5215731233264744,0.9238956559157296,-0.12772567146013536,0.31079170335651707,1.871984335713032,-1.8091809934860863,99.0143733953037,279.2265865802765
-0.7044501129997727,-0.40347019739887013,0.30112412246517906,0.8396489504493854,-0.23175962980494358,0.562394245882925,0.9704345601695987,-0.22087561685388035,88.12242970821329,282.2070155143738
-0.7737283034731774,-0.41744487748350867,0.272946791403629,0.8836411870282026,-0.21773667763728088,0.5767198050235933,0.9378946665258825,-0.24991606609794292,81.73565066882313,284.5825152397156
-0.7895509393441706,-0.4223733279807256,0.2689571258854313,0.8932386814728082,-0.21151872127939786,0.5805936103912845,0.9347540292197971,-0.2543949246884134,80.17712644283884,287.52867889404297
