3.2258129274264524,-2.664367239025166,19.86579375187036,0.37949681282043457
-0.42923243569081926,-0.15929621468995148,2.572823705615498,0.8439273834228516
-0.7963331974346204,-0.8177458681050327,2.602907690301103,1.3514106273651123
-0.3868256744628962,-0.1456849065693273,2.3190046488188676,1.8081068992614746
-0.41447520402760496,-0.15302411297938256,2.4819570252771608,2.067883014678955
-0.4764631275551441,-0.1637477959722311,2.727117392522714,2.5069706439971924
-0.6444686319514377,-0.1489409582725969,2.4599094127084857,2.9590327739715576
-0.8304675276692794,-0.10610777215682887,1.4307395091943542,3.3666532039642334
-1.1521008571505122,0.09034527090179978,1.9152798667512767,3.7790307998657227
-1.167213881273962,0.09375981447889714,2.042724358670388,4.223418235778809
-1.1726278159443524,0.09698465607150641,2.0972348062781827,4.575270414352417
-1.1794666757244259,0.10365526492927746,2.177771771753669,4.982773542404175
-1.1810001314491934,0.15670903374056788,2.446064246978936,5.2770984172821045
5.12,5.12,52.970862745157184,5.627928018569946
-1.1447264193585096,-0.12230268610282291,1.9921036212042216,5.903928756713867
-1.154576076766816,-0.2175189524247676,2.6134053417789267,6.174298286437988
-0.8389434260579938,0.3435727074768318,2.8463021092558547,6.43222451210022
0.3795500141608077,-0.29716133536358225,3.2513991745312554,6.66792368888855
-0.6288610255343885,-0.5628203883320957,4.325086589978163,6.994706153869629
-0.3940321741434891,0.2555008609648759,3.0415114121223743,7.3038623332977295
-0.6087074897715246,0.34638895401578296,3.8354543250374915,7.667781114578247
-1.3212090401483172,0.04394126852489055,3.2180364020391794,7.934169769287109
0.02313233009645188,0.015180640838561743,0.015855007956820932,8.252359390258789
0.4592158171219385,0.1259018536567167,2.4909878959312093,8.598816633224487
0.42620919055956996,0.008207221395375441,2.077480940326482,8.946159839630127
0.4331342362505213,0.15074736906314445,2.5393862095816586,9.280642747879028
0.4668064705970911,0.053287383666547505,2.2546064040688343,9.622288465499878
-0.002311350364837317,0.0026809860748953085,0.00025985763467217815,9.983811140060425
-0.4863689492290826,-1.5792294959814717,6.60548381977095,10.279780864715576
1.8319056047471012,0.05273315851077065,3.92083797243587,10.715624809265137
-0.004302598486860987,-0.005527649939374157,0.0010175334281120607,11.172508001327515
2.7797336897418345,0.8418821418087052,9.704173525275468,11.628576517105103
-0.012045303160203247,0.0051764707397445875,0.003563349188471232,12.083418607711792
0.001738570364685721,-0.01043891796026486,0.002321887765438402,12.442155361175537
-0.012324841951258492,0.005872123807148633,0.00386387238588215,12.769648790359497
1.9840357606813859,-0.7889846355108547,5.321415536847114,13.170194625854492
0.002204267216095346,-0.010911560424000655,0.0025691003936995083,13.588065147399902
-0.01211748343422503,0.006105207428223736,0.0038167426945979743,13.960367679595947
0.0026402697093352856,-0.01120545960953212,0.0027476099879026883,14.290165424346924
-1.6912429789354206,2.3492410583839236,11.324009062573378,14.734684944152832
0.0023593729173283506,-0.011154202654127587,0.002694734964779899,15.10690188407898
0.0022835520026687206,-0.011132953173415672,0.002677620114995616,15.539690494537354
5.12,1.133890291805999,28.104612667419953,15.978418350219727
-5.12,0.39478828372760333,28.43062815386085,16.443258047103882
-0.011932938660506487,0.0056692841114873715,0.0036183509851523965,16.88232398033142
-0.012029562327797727,0.00563576957772316,0.00365847007273834,17.321901559829712
0.0022237589740949915,-0.012234506518161936,0.003205411369045841,17.79695200920105
-0.01593783608542587,-0.0014857929811480375,0.005309656674502228,18.208969116210938
5.12,-5.12,52.970862745157184,18.68528175354004
0.007259049847979426,0.00621513639147242,0.0018936631313722918,19.229676485061646
0.0059936061201337765,-0.011745520459916392,0.0036048258335756866,19.7397563457489
0.003351056473816172,0.008893528316105126,0.0018728427111294188,20.19335675239563
-0.015381822434687997,0.0005752485255792195,0.004910135033148966,20.617026329040527
0.20900505026996719,-5.12,27.27437444274228,21.17909288406372
0.008662218650819398,-0.009807684403628336,0.003550098550917924,21.670926332473755
1.234568001269369,5.12,28.9127792772185,22.126652240753174
0.006715533202156898,0.007782513701349636,0.002191057005245578,22.53191828727722
1.712500557933983,1.431046646157971,8.121602126515858,22.949090480804443
2.6897687737133955,-0.35655325953908434,10.352050456472856,23.44592308998108
1.3058199890341404,-0.24743516719853087,4.0938563387768845,23.85926604270935
-1.5256549976100633,-1.4459871056390359,8.348501626517914,24.284316539764404
-5.12,-2.5803267051130123,35.01883319289635,24.74663805961609
1.4534811192983943,0.5256303390297328,6.333543118897637,25.21538233757019
1.2580042396494227,2.6212320514172713,11.227350674540146,25.713775634765625
0.0033668793621188797,-0.013066172451387636,0.003773894977628034,26.243550539016724
-2.8055216096480424,0.8329236637332871,9.725124451148101,26.871301651000977
-0.01297326086355799,-0.008104417511523465,0.0048505876794101566,27.39911389350891
-1.5577553287720924,1.4082454414879582,8.183002311377468,28.03823208808899
0.0035839324104847137,0.009741638569575883,0.0022339317735678987,28.56850528717041
0.012097339987758637,-0.007250177335290431,0.004123680705442223,29.133305311203003
-0.0014691604611218878,0.010759421349040288,0.002444771293253045,29.624091863632202
-5.12,5.12,52.970862745157184,30.176243782043457
0.009966491795247556,-0.009837827993220749,0.004065996572715558,30.738678693771362
0.0026330799879152877,0.010454785516967213,0.002409856580717906,31.29433250427246
2.58713577897048,1.9391420134230586,12.379598472423439,31.8973605632782
0.004933301817420244,0.010058321404079251,0.0026022189728476253,32.56146860122681
-0.015094965973363905,-0.0024492032571998834,0.004846627807978288,33.098503828048706
-2.982445005100579,-0.30371894429681756,10.32445420321465,33.79816508293152
-0.01486498823882254,-0.003532691426847201,0.004838342362888826,34.3686466217041
1.259209761245108,-1.5825231377368243,7.016382527495152,35.02771234512329
0.011810659465862905,-0.0076994467465416605,0.004120906459444851,35.76386213302612
0.0015808834434798413,0.011525638939175131,0.0028056889294447718,36.41732978820801
-5.12,-5.12,52.970862745157184,37.11862587928772
0.007186057556857861,-0.011774705625148485,0.00394490006981707,37.689838886260986
0.0071190944767263176,0.009605052565811789,0.002963712798186413,38.53329539299011
-0.015016741511582055,0.0018874421498544791,0.004747324004437448,39.35253167152405
0.005292941429432929,-0.012577019758222896,0.003859895805780833,40.058303117752075
0.009127422599426893,0.008603248866485558,0.0032620048643774435,40.775962352752686
-0.9798379906267032,3.111496317307183,10.885018766264954,41.51774191856384
2.309505731839412,-1.5526533902143043,11.05555729847734,42.19958186149597
-3.6766127596772087,0.477643176695719,17.18071293956782,43.028197050094604
-0.015025230921404287,0.0005688590161074814,0.004685435727608156,43.89888334274292
0.0061902597499212675,-0.012627987519539197,0.004100166013181861,44.857717752456665
0.005707473419334086,0.010780143374084616,0.00308477356388559,45.628007888793945
-0.014939789595829644,-0.0013751009740845532,0.0046649171369870235,46.45826554298401
0.0070520863970182646,0.010241557485612951,0.0032058510081542924,47.37098169326782
0.012364907758535715,-0.008697388769546066,0.004737756522868231,48.2335090637207
-0.0015437476519926108,-0.013746163909498677,0.003965925487772637,49.16641879081726
-0.013414887188218039,0.005123879342205484,0.004274554125649144,50.015209436416626
0.005886846201793361,0.011034800686285706,0.0032430233487021898,51.00906682014465
0.014825774690836013,-0.001899212319134591,0.004630221741529161,51.828627586364746
-0.6158215900402979,-3.7028365682416724,17.128940580383787,52.628220558166504
0.7165820672253354,-2.2666181636845506,7.963704733335299,53.46775817871094
-0.01414127140001753,-0.004140230819441371,0.004500220870382932,54.28972029685974
0.5493367860103202,1.6950984652851977,6.465621425707532,55.20043921470642
-0.38633798108874373,1.5958952597228233,6.2756884591078865,56.01453757286072
4.08246679475775,2.4776116016988805,24.92648173002311,56.975740909576416
0.0024250020679428275,-0.013844774327238518,0.004094817599206602,57.81685256958008
-0.0011514839925172993,0.011785369800087153,0.00290681694241246,58.75096082687378
-0.015252802011143984,0.00026678101391475195,0.0048228970895314305,59.92513298988342
0.014682882499995387,-0.0034931366040762413,0.004721137450891977,60.84118843078613
-0.013103670397574874,-0.007791005561460729,0.004817762007624959,61.892385959625244
0.006755991128543748,-0.012618185074479094,0.004246894828921821,62.73494291305542
-0.01170580621654338,-0.007125187688532542,0.0038933166468065883,63.69448518753052
-8.019948484427886e-05,0.012314121570798697,0.0031434841204153186,64.54458785057068
-0.36009952945076673,5.12,28.25300875845461,65.66525506973267
0.012195342891918592,0.0056375513738480265,0.003742099113107966,66.76735663414001
-0.006969340357297682,0.010971836314048744,0.0035028552864623252,67.75556445121765
-0.012248007750851997,0.007394866590811233,0.0042436139987223065,68.78044247627258
0.01425679137696001,-0.0054033123466306066,0.004818130694610789,69.8254668712616
0.009317025155325176,0.008972360563724635,0.003468971313414615,70.67809009552002
-2.618281298123556,3.498378112579572,22.830312801018955,71.51299381256104
2.6230467769100176,-5.12,35.08153702214184,72.40580916404724
-2.776765857348357,-1.332799764259696,11.816494452027381,73.35089921951294
0.007965540774447,-0.011510780965844347,0.004062403514489943,74.23690009117126
5.12,-0.4183621330882836,28.531760874931393,75.33520221710205
0.007689196278359844,0.010555986259950245,0.003536092498826693,76.26538634300232
0.0031788468185220964,0.012554563309989497,0.003476804617860485,77.18621277809143
0.0019258008503379997,-0.013050808348225473,0.0036074079915290325,78.25153350830078
0.014881108747247573,-0.0038375008778412933,0.0048948602555228815,79.20293998718262
0.014447796275744551,-0.0077581010991414345,0.005574268179495578,80.16108751296997
-0.014835784805008245,-0.0024574889116202314,0.0046868123569191456,81.19852352142334
-0.011689246485362403,0.00824382882310637,0.0042417133571395205,82.28091359138489
-0.009641003300250972,-0.010177809646830127,0.004074759066645339,83.35177493095398
-0.014209703441235177,0.00389623648639148,0.004499744294592323,84.67510986328125
0.00695209548810638,0.010417113701602254,0.0032519848434956478,85.73224472999573
-0.002758193834199396,-0.013380936002962862,0.0038690350477090796,86.81987857818604
0.010664997890517114,-0.010363059686689269,0.004584579926968146,87.87634301185608
0.011320266136519486,0.007751776140429101,0.003902615978719881,88.92471504211426
-0.014734209166346268,0.0006378125559338699,0.0045077953602465914,89.96889019012451
1.2054246224730223,-3.1806211988118323,12.87072724033054,91.20623254776001
-0.006298254431714945,-0.012487927723700665,0.004055247105871129,92.25588130950928
2.9078114504963315,5.12,35.10391866047773,93.41230535507202
0.01321161579290031,0.0053342624876826505,0.004208052595241041,94.48893332481384
0.01637167823244301,-0.005811963401085585,0.006254578745809036,95.85953068733215
-0.005776582998191948,0.011197831649623957,0.0032914707598730164,97.00372409820557
-0.005090197296134136,-0.013008288161617365,0.004044849351531932,98.18411779403687
-0.012390073086788078,0.006338504925967214,0.0040153539759237855,99.29444789886475
-0.01317457814875489,0.005505299160153854,0.00422624925773285,100.46328568458557
0.008597952246191198,0.010774587793882517,0.003939562462352608,101.58510112762451
-5.12,1.8349849470735569,30.34364112435318,102.84631657600403
-0.01116807383040097,-0.010747523547369298,0.0049804102546778806,104.16395998001099
0.011620588502211149,-0.007775260970544373,0.0040529438777778815,105.57493352890015
0.0019499080283722492,0.01139876009613694,0.002772437642329706,106.82822871208191
3.778648460404068,0.6733372158891404,17.015808508842067,108.07784605026245
-0.001393440896905851,-0.012592400085743805,0.003327222175542044,109.41592979431152
1.334681708897115,3.711057889448232,18.302891289847512,110.80138611793518
-0.22574003186463099,-2.404767925592775,8.5082871426602,112.1807713508606
-2.274423230834011,0.20483188159939125,7.087805920856995,113.64740347862244
0.013690042360130938,0.0036755554444320993,0.004164774035394059,114.94519472122192
-2.096515816369747,-0.6190064956098524,6.690085430336524,116.3512909412384
0.015827182081737945,-0.001585198159008705,0.005243205997775502,117.90076994895935
-0.014367435571184473,0.004293261668717463,0.004660532617242419,119.2002649307251
0.0016828578392047433,-0.013485746776338736,0.0038283295809352635,120.62213659286499
0.003877508125511575,0.011210560462220798,0.0029172098528058577,122.16164684295654
0.012711289303391382,-0.004635912617216853,0.0037949721109509227,123.62347531318665
-0.014132939384461807,0.0016970465750034691,0.0041995866160641215,125.00846815109253
0.015415806685759037,-0.003137862347202258,0.005129142050361968,126.33187937736511
0.45868859328429057,-1.368966377843274,5.730763775525895,127.82920217514038
-0.014046557679087357,0.0024810800977999037,0.004217101516493238,129.26548266410828
0.01458036102103577,0.0010179603673394766,0.004427441476513527,130.7891080379486
