-3.67049053851243,-1.7953271745473565,4.428419829615916,1.9016068927479681,82.76002036221904,0.2936232089996338
-4.391601330828673,-4.8305945180470715,-5.12,-0.09130483753543306,96.07342820214554,0.661226749420166
-5.12,0.38241170216423104,-3.9142020958208796,-2.0258411265765552,67.43826869826977,0.9468626976013184
4.123720425684607,-0.08519638330977308,-3.523125726137886,0.8875577077598589,56.771887378879626,1.3645124435424805
5.12,-0.4231391864623246,5.12,-0.4363216327376973,96.28543728548595,1.6543011665344238
2.0064829519354825,-0.0010519396358112942,-0.1745268217288336,-4.601593520303292,48.70414988229631,2.028050422668457
5.12,-1.0979282283821314,-2.8237941470153327,-3.4252851135451525,76.11647181323681,2.397644519805908
-5.12,-3.4139505716601573,-1.2945806967533473,-1.1850861178740617,81.03189847480006,2.7299304008483887
-2.8940550668465654,0.10416124980036656,-0.207902841387698,-0.9691831118686904,21.142748168969355,3.0661332607269287
-0.8849326442015224,0.1953356677823619,-1.1121609072152658,0.8101344466439091,20.541664359206475,3.3446285724639893
-1.486301119137091,-0.282137901532594,-1.3841698684211217,-2.5409890903072028,79.76651924552704,3.7006046772003174
-4.012941678683893,0.6122742711039351,-0.8661937781862195,-0.14868517300643358,42.28360273241653,4.206711530685425
2.6503288349467615,-0.06165390751612154,0.03615642748878489,1.3802188737153847,43.09250516458463,4.585172653198242
5.12,-0.20948526504049347,0.023665865765248206,-0.07598404479901077,37.685245259673394,4.989722490310669
-1.7665300353270914,0.5597491717654979,-1.1190474285610144,3.9090935511210025,52.49088358220743,5.275224208831787
-1.1933440559113637,2.2410822048383707,1.6818829066841658,-5.12,68.30529638896127,5.6803789138793945
-5.12,0.7139253868589783,-0.5024362321246301,0.8845117528206785,65.23452281957208,6.078529119491577
-4.4727946591282635,-2.1652492668146635,-0.19827043320478666,-0.9916492009819633,57.3146317500682,6.473581790924072
-3.952518141544001,1.5680524325891625,-0.13119508165790617,-1.0851055066599296,43.422698254450495,6.808228492736816
-5.12,5.12,-5.12,5.12,115.69885490314357,7.177034616470337
-3.225693326312662,-4.656556482232097,2.440443836902589,4.596048270474962,120.72801852145966,7.471015691757202
-5.12,5.12,5.12,-5.12,115.69885490314357,7.749535083770752
5.12,-0.025615442911350428,0.006385606425817869,0.19496184694895557,35.71107359311008,8.182588815689087
5.12,-0.047897519672885025,0.016745401493318823,0.17608451374335576,34.983952214436506,8.508423089981079
-0.0894560940392104,-0.3700365383619397,-0.11582618148714996,-0.1541513885372945,25.43617640983185,8.853953838348389
-1.216247775763644,-0.6077643317673349,-2.8326560681414676,0.21313519049456797,48.3483281033012,9.187453746795654
-2.1224923434988123,0.16770988866728676,0.9879044416910698,-1.9067945468935448,18.71540497116974,9.532385349273682
-1.5736383336766862,0.7584623689270282,1.2796242883815747,0.02520123455675538,45.08252252110438,9.855846881866455
4.638471559324974,-0.18884052566858234,-1.5000403770501434,1.2058210163820284,75.21392545512954,10.251801490783691
-4.288936659652598,1.7688574706556377,0.826497500061989,-1.7269101841196646,63.2513568937451,10.634363174438477
-5.12,-0.3802993569322233,0.9335591758700064,-1.8589709737935722,55.23369025351452,11.005346536636353
5.12,-0.09939307902881733,0.4891418568226378,-0.7311569041486115,62.75383648824757,11.402822017669678
-5.12,0.14257246819200997,0.20949305192736922,-0.24561880820066317,50.007402579127735,11.800224304199219
-5.12,0.1384577032461758,0.1413835924262017,-0.5144239572269145,56.43184352566824,12.295084714889526
0.5258417014621601,-3.9425113051237797,-0.8013026395949678,1.2018332499375548,52.271849337698676,12.740172386169434
-2.442986311558193,-3.4339415773663315,-0.8613308512789386,0.8024084239348186,67.98983998758574,13.139301300048828
-1.324297610134085,-0.4581090970657513,2.791328478786294,-1.3197227075974616,67.32731369345677,13.534830570220947
-1.170943632248754,1.5473516216048573,-0.48400085713677043,-0.606051515754066,66.97253217314528,13.893865823745728
5.12,5.12,-5.12,-5.12,115.69885490314357,14.247567415237427
0.22686134348215248,-0.45290537721040725,-0.03131140636943375,0.24126395789709143,38.0767125778057,14.618706941604614
5.12,-0.3140281890902381,-0.0927205510281679,0.380962125926918,62.07290090267722,15.0068941116333
-5.12,-0.2905707863921059,-0.1627768706882815,-0.24016392100775352,55.78716908439045,15.417579650878906
5.12,0.05078014131348407,-0.04690510086960131,0.7003138439080274,43.42718377659757,15.83153772354126
5.12,-0.25155426213040943,-0.17614506304385635,-0.3895705933143283,62.48066434866905,16.27821946144104
-0.07139818265868403,-0.3403920145974908,-0.07340831386341318,0.2870873515752592,29.93151658074771,16.877825260162354
0.2230056773747231,-0.17488148261476777,-1.0027375708079669,-2.186426218086669,25.744136183805146,17.359991312026978
0.8819091049066561,0.3693674010781258,1.0356721479454647,-3.6124091054732532,52.339381232570936,17.745288372039795
-0.033921780342391905,-0.4315743480491019,-0.15033074551702086,0.1071967827459277,25.860491274198235,18.126573085784912
-1.5881066496368907,0.5438493399518913,-0.14079360530436347,-5.12,73.55593117424405,18.527570962905884
-0.02104309324373599,-0.42163501480937526,-0.16608565307032475,0.16160512095387958,28.82686840280539,18.93984317779541
-0.021787996457911518,-0.43955719616384314,-0.16117070429031433,0.16766493410376349,29.387219534119957,19.392292499542236
-0.024252014647459852,-0.4521019613427777,-0.15875374518877816,0.1696217350114475,29.66281073797456,19.82428526878357
-3.354762489434866,-0.039785137126911785,-0.9977841567869037,1.7161680829252441,43.73563042644368,20.25116753578186
-0.030504066995002965,-0.47015666880339513,-0.1536817708917555,0.177340841002267,30.187354716513816,20.79101324081421
-2.2425884059845247,-0.43892267692378617,-0.14962167455039221,0.9070072217971914,40.635920751650154,21.171319007873535
0.0508619236195571,-0.47388535042727753,-0.17895015418701998,0.061496686255625654,27.05483237031093,21.712503671646118
-0.1687251947397197,3.3032332961795854,-0.2191349261403115,-1.1637721807481922,43.65352033661108,22.24072813987732
0.11840724133438219,0.07092382459830748,-0.15266681124469983,0.12547030132211034,10.88525366480528,22.74402642250061
1.8055598691301862,1.3283957210808923,-0.03644425014531372,-0.45446912690783225,46.39566463653579,23.165005207061768
0.377911616056509,0.679228869650566,-0.18332080229147074,-2.7085926298434546,57.97943407717486,23.61930012702942
1.993294418293087,-0.05347070760903172,-0.9174460788983057,0.3944720128664585,24.737887841272098,24.10263180732727
-0.8025908054017616,-0.6398500780593244,-0.6109017682584383,-2.122012439364759,49.53296614302731,24.615761518478394
-0.7406953835758392,0.2009274947458506,0.9385459723430891,0.635715626287694,36.73918201709557,25.086246490478516
1.3886122096444948,0.8020887102735639,-1.0398447904768755,-0.7771554624203905,37.30516820934722,25.551959991455078
-1.3078113636705448,0.6200725985639153,-0.13358945172828118,1.098049755258093,39.31710030603483,26.01219940185547
0.20066615595062665,-0.21524004441660427,-0.29758973610189887,0.4925132933835199,48.13540757224513,26.46484136581421
0.14420992360170004,-0.1653254989275874,-0.28429755788559685,0.37103802037974454,38.05681125224888,26.915531158447266
0.12777338269552807,-0.15883011499995092,-0.28165298728292854,0.33360506408811563,34.855715109622125,27.437352418899536
-0.09636770228096392,0.8358977232180393,-0.47461506304612655,0.17603002922099265,32.99410136509182,28.13057851791382
0.48875979239748624,0.3050724224060932,1.0566759933886045,-0.03158382980451435,35.63989388422349,28.750182628631592
-0.9462915368719322,0.501963694199552,-0.24148681361883284,-0.2059009211724101,38.541247101167784,29.297160863876343
-2.5360034730255685,0.4650849726576789,0.3730357335067511,-1.4806686230314914,85.39428979240876,29.89622712135315
0.27305467511048764,-0.10082700792089572,-0.993058372007579,0.2463423920495833,24.2952796207121,30.459084033966064
-0.17342229200007786,0.012606897357178681,-1.2827894464552014,-1.5774769738080527,40.45157761355543,30.990749835968018
0.3826015912723948,-0.1981478508760368,-0.5672850247798316,0.7768806541117472,52.74961137777029,31.62548565864563
-5.12,0.39843456990295056,1.062804813520012,-1.2395217657555033,59.89205715589854,32.233415365219116
0.3295605269447899,-0.21362645267081248,-0.5237512600422489,0.5269482815160949,62.97983037990653,32.84823250770569
2.2515560640599794,0.5125199677631231,-0.7150269843785333,-0.5248118992724189,68.24421929773601,33.45192790031433
3.0054305999212394,0.12524373224858198,-1.1142735718692958,-0.49823507639797615,35.951901428174025,34.182374000549316
1.3699871083162911,0.8599439752118405,-0.07062720688768565,0.392674628457061,42.02864198947709,34.82121968269348
0.32613136661911923,0.08417330725435601,1.1021002443401446,-1.956031880899865,23.49078960305625,35.45863175392151
-2.3121310679209746,0.4507044927310586,-1.120708689274701,-2.0867689682374926,48.67979218521105,36.23587512969971
-0.4583095412473872,-0.1291349450485333,-0.2188492994756368,-1.637203181474327,50.292799542267424,36.94938540458679
0.6627628639826959,0.7041167586756316,-0.9253287124447196,0.7856074500854255,39.32441619174618,37.71245312690735
0.33576645596426236,-0.541625400429619,-1.010829470284392,0.9050279641220467,38.79003197693273,38.48906135559082
-2.272977767900107,0.2556950111350069,-1.2464458420298512,0.17932815338390284,44.094824496687195,39.265735149383545
-1.6605253892642082,0.48351822263460953,1.0612756418052598,-2.389704281522604,63.53023452368583,40.090771436691284
0.28439045238598837,-0.5288185149677842,-0.030458595834830682,0.3120179184168297,46.420761650944215,40.93719220161438
0.22480380469771077,-0.40085931768897165,-0.068368272701953,0.34175163900694194,43.237382422096914,41.93074560165405
-1.2334620789162707,-0.2869222196521761,1.107238225352309,-1.527100471127226,48.464465301156835,42.72104835510254
0.14154034509979407,-0.11384907726138138,-0.1155823641139051,0.5642559491128614,28.235782673949267,43.596227169036865
0.13686898380459311,-0.05273127799180166,-0.06420168017196382,0.6509182769076922,21.102341177125314,44.465396881103516
0.1404702424022899,0.1038721795276718,0.039421394996364434,0.84500697496052,11.133877049106468,45.36619019508362
-0.099655110043404,0.5655354213041734,0.16235124136534207,0.4626777943119569,46.12478370857015,46.15696144104004
-3.132187785493477,0.0391857377679381,-0.6187900625920744,-1.064488598500576,33.03637931295869,47.03492593765259
-1.8020490158793536,-0.001831566202169732,-0.045054633024476765,0.24559566520302756,20.219364754774382,47.787984132766724
0.03650774625229136,-0.006626020629141749,0.04957502564111582,0.9307568771618939,2.5535444416931767,48.6825954914093
0.16189898732194852,0.2152025557280819,0.21449667641792391,1.3372000087616014,37.47709993456658,49.49308943748474
-0.756198420448059,-0.2227235818753872,0.2623693761314021,0.9450001983939247,30.85609142295349,50.27713465690613
0.13116350864901083,0.13627255114869818,0.18587370708208972,1.2470528430331465,24.174332950487496,51.05548119544983
0.18284116893924462,0.21677965517634323,0.23631682813423183,1.3861304042391245,42.57906888537721,52.06286001205444
0.27371052193409806,0.2995582816951181,-0.9559569663317111,-0.26191186276632816,36.82334552658664,52.83955478668213
0.11378547916626491,-0.03642344185153856,0.158271298328863,1.1148172510533536,11.033158711128232,53.72643423080444
1.5986015739694244,0.07674552258600098,-1.3507567473721656,0.2653398167694796,50.61672027169733,54.48444938659668
0.1973813553612329,0.15276947319522982,0.3931015780070588,1.443832257585302,50.53064286692302,55.30491065979004
0.08763692183100957,-0.3662989571256938,0.21576684753880482,0.8404490235760296,31.530527526076913,56.10931634902954
0.0868913647422156,-0.37818324687827687,0.21539551469504659,0.8336669292617227,32.381405440946764,57.0159866809845
-0.32151801092841836,-0.024554734178466653,-0.20141441593314724,1.1817736580729772,28.841589102400377,57.99879169464111
2.828432189325035,0.13138265858656073,-0.9574106305830883,-2.0004163572184877,21.778668871390785,58.78425407409668
0.22214730172780683,-0.6082688185042846,0.061079501298393346,0.3945156907814287,45.22188664290818,59.85301995277405
3.0857109282846436,-0.584843923111797,-1.0297107826954122,-1.8760722126236078,37.52661202302639,60.712820529937744
0.23505181145883824,-0.5785414585829676,-0.018562339279391438,0.305386491975117,41.83072440205695,61.660202503204346
0.17885143081454125,-0.47985821334414247,-0.023898267279028218,0.35280708386650605,42.11648736097828,62.84309267997742
-0.21871730596736683,0.0816511113205145,-1.3935658988893853,0.45778829950675703,49.03690540387096,64.0456485748291
-2.585743024469823,-0.09855671762373586,-0.29363750661931665,-0.290004355896083,52.50129321977781,65.20670127868652
-2.3392031929534265,-0.2587209583550383,1.2908204605844062,-1.8404138754653538,53.61234933276393,66.48615503311157
-1.3276710333909758,-0.049560991334081095,-0.6497645088476869,0.5121997593776939,53.47990133470419,67.61040163040161
0.9460271556222795,0.6494946400136499,-0.8997015354400455,-1.904103138373384,25.906787213728435,68.58140063285828
-1.727794836257785,-1.0323755226900992,0.05762479943735688,0.06767222359143954,17.19459275705882,69.61317420005798
2.347829775371455,0.4704684264280061,-0.927241984740796,-2.5373148237388228,69.38000383824736,70.60546231269836
0.3659335932414436,-0.5156880335374519,0.23073920417780602,0.39952895401540456,64.08666786604067,71.59406423568726
0.05882676125451969,0.6210354775306914,0.3102087254779944,1.0541575497400117,33.78379921407121,72.59850144386292
0.055433445358061384,0.6136685795669692,0.30892842656277786,1.046172418939383,33.762635116764145,73.81914377212524
0.05208213502440717,0.605014229304139,0.3074385596814748,1.037285733836427,33.77521532447079,75.03425192832947
-1.2927602249039696,-0.46396663324680887,-0.1317789632812545,-2.0291110965671457,41.823698761896075,76.22143316268921
-1.5650853194564394,-0.43390498263123245,0.3236118173851672,0.22786526610983415,64.19556399408363,77.40621900558472
-1.9064825480263865,-0.7716420767046568,-0.2944572258748863,-0.05294568028365809,27.946585264160426,78.52811646461487
-1.8300856462033823,-1.6663921724390232,-0.00678582889984547,0.008076396974967537,26.340825575055675,79.65897965431213
0.023967021906018182,-0.04108313451374368,-0.1501327586743635,1.2405384827816048,15.542989892906817,80.90718722343445
-1.2376066803537449,-1.1836856267705058,-0.1307467706894423,-0.06285388730968933,22.087328561590365,82.04339003562927
0.810851617037156,-0.9693396688953575,-0.1942512150400999,5.12,43.58198205304066,83.27376985549927
0.9284026603434175,-0.2261475073588901,-1.0410136517317632,-1.6227760792830557,31.631395023266073,84.55011248588562
-1.0221412036228266,0.5717617148743148,-1.1721118818594967,1.3827218565295505,46.45949855473823,86.05813384056091
3.1860965475284795,0.49776505519133973,-1.1135794688557965,-1.5869890373983755,61.231731250312045,87.4911937713623
-0.21401531315457945,-0.2185150435787726,0.06263984200343398,1.1513058908886658,22.16912664211803,88.73063778877258
0.25537392870796527,0.3637229066458607,-0.20677359069243995,-0.36128125877477046,51.01443040372321,90.16219425201416
0.04768442616558488,-0.11343282866301863,-0.05159492912447128,-1.3157230601124694,19.162561006523607,91.7190535068512
0.06620938527245901,0.48894889988760415,-0.07935545880970185,0.7098402106401434,35.29654204238817,93.17458820343018
0.2165246849617315,0.24648668733763301,-4.658550195454763,0.08400480182050263,56.304088708750875,94.70878624916077
0.3648901906506641,-0.26566246477462485,-0.6587837546813304,-1.5891085597964882,64.64923142005793,96.08150815963745
0.18571904095433656,-0.17161688113298812,0.3803051688143624,-1.3975085029253207,48.80333208055133,97.60638546943665
0.6830610867344937,0.24984875606103962,-1.2861417488650693,-2.1475044405924626,47.11582425427112,99.1825647354126
-0.4183046134969448,0.5300424458291237,-0.9145040871923173,0.6305440844375907,58.452445335508145,100.41503691673279
-1.6264776647673354,-1.2705000330650273,-0.3322773832400232,-0.4142745757595865,66.35780193410645,101.88809967041016
-1.8883878167421,-0.5813261247925956,0.01646140035703514,1.9405490752696233,29.495434440761834,103.58689594268799
-2.9986985884352406,0.0912781976592063,-0.3522038962077314,3.3657610604711428,54.69150627839855,105.14297676086426
-1.919690799895578,-1.0082704409876317,0.0777579979886518,0.6026958990095128,25.490309195458153,106.6799418926239
-1.5193930034285832,-1.0502418142469496,-0.16471922004235484,0.38402202237539385,46.36090567676733,108.0896143913269
-0.38894174842403473,-1.2804017055283339,0.22282034029922926,-1.1241395331475714,43.85656817638554,109.41340827941895
0.9989025785177885,-0.055111460776158694,0.3437336692206987,2.222384519066651,30.480204791998393,110.74209642410278
1.066584367219483,0.011589729099011237,0.370088004886334,2.3574329933482385,40.8197788633465,112.13345837593079
0.8660654816978033,-0.2753421628703583,0.28005087817701213,1.906076718472998,33.0281384006838,113.47462630271912
0.8595883228995342,-0.28603921601957083,0.2795454662317809,1.8935779432257656,34.37459452802968,114.87384271621704
3.2362957090516167,0.7511914009564622,0.3840766121945647,5.12,76.63788398895836,116.43147921562195
-1.8111477425243434,-1.0468964579202806,-0.07575931725997709,-0.5653052565966981,31.66595389291941,117.95917272567749
0.06279189308077893,0.03963293539724955,-1.7657584811277451,1.0317179477176612,14.473963846176213,119.32294774055481
0.5279680364268806,-0.8097438660923268,-0.3319316894274955,1.0553762586259863,43.860914961417066,121.09470820426941
0.24637315646329405,0.0878422758106403,-1.4887573219643366,0.5775318745782227,52.687130105043366,122.4346113204956
0.44847295608814886,-0.735816588317479,-0.05999916392856708,0.9909154287434703,32.81703889224064,123.71118712425232
0.4469126256166973,-0.7367101817476396,-0.058507400359234296,0.9920515271933041,32.69353980066376,125.10168218612671
-1.5109316692435262,-1.2951463450875025,0.046473929006569215,-0.9484720651871275,38.580089254199876,126.3800675868988
0.44670280005153007,-0.7454381783263058,-0.0544531633252916,0.9883212281316416,32.07258423978437,128.01733946800232
0.10359017590893149,-0.19960900190886477,-0.04153117151277197,-0.5002839504749623,29.57205225311329,129.45007920265198
-0.5975541259385828,0.08274978308662906,-2.0635177475875675,2.0560482640504043,29.74994290799723,130.91163539886475
-0.6576790344845067,0.048504569957467325,0.07694465443415233,1.0239465409290434,18.689972098023123,132.49877071380615
-0.09523900394951745,-0.013603020760371898,-1.9632586331411233,1.4546058502607604,27.61494817842264,134.16274642944336
-0.8881431536342443,-1.3820983374243019,0.1502254339790401,-0.06439655135762656,27.415843299299823,135.8896644115448
-2.0460137365149795,-1.0512996832556158,0.14186869841744265,-0.10253691802053844,11.97327103584157,137.48277950286865
-2.6593884463398587,-1.2701005647289016,0.14457649605891376,0.23335601493850078,48.217190556316744,139.03294491767883
1.777396211260533,-1.5302679179759964,0.10725789921571849,3.558629135120438,67.79836211236469,140.69346022605896
-1.8485294329450324,-1.4056095640273094,0.3378279315705015,-0.15531346725542505,47.65848125511001,142.39804553985596
0.09528303978665686,0.15271498521972848,-2.03624341779878,0.7868279935366456,18.762790446320448,144.08936595916748
0.4002774216297693,-1.5184528926622898,0.004674245280100742,1.0136413403875713,41.567698409895655,145.56319379806519
-1.5052425081440384,-0.9712774604168901,0.20970280813725672,-4.177105789342237,53.93169981275818,147.0635883808136
-0.08282042862416272,-0.42831828973320984,-0.7141334284020378,1.0087295651914499,34.29386691832333,148.54916405677795
-0.08747295046727643,-0.42266028092874386,-0.7016424009665663,1.0058562137624207,35.004048312935204,150.35119462013245
0.05010830711917169,-0.4285323437039743,-1.922398778799272,0.8899379830512393,27.63659376838637,152.20045566558838
-0.2696695217742917,0.32071888387620984,-1.8871064145325955,0.916291572883642,33.87126940265626,153.89022707939148
-0.8577724651760432,-0.3859534972490044,-1.252215558968039,0.9342998630136616,35.57972737812919,155.57335948944092
-2.0245715529843604,-0.6000695619167207,0.012132900070761288,-0.03611257138983692,22.952329538004015,157.2683789730072
0.3626719892377981,0.1554872790654187,-1.9196374782948702,1.2747162573460367,39.167488608088746,159.17567229270935
-0.8847031574741395,-0.9108234092403693,-0.1771321823809595,-0.12770869150091446,14.33049349865359,160.92009043693542
-0.8499583982272769,-1.4391747979289513,-0.277380358979312,-0.005639498941161669,37.99160289188151,162.59702348709106
0.7841415139177137,0.044983459861432706,-0.026383980617577407,1.1008497367855457,12.175901691368827,164.41417407989502
-1.1002856721725847,-0.17832941876941977,-1.7201905414845187,1.231704321460021,34.00147252387313,166.200119972229
0.8005240697845224,0.04522709884793574,-0.25561069493732447,1.7233922444672478,32.97438103854286,167.98777079582214
-0.6542544950971658,-0.1051171513566107,-2.27969568530349,0.8662220068884547,39.333439050903905,169.90104913711548
0.0537903742580319,-0.5437822874566738,-1.9166305051349846,1.8152053625227316,34.814320846434555,171.86109733581543
-0.9934991408147171,-0.8652164323099614,0.07720549864692305,-0.2556904074858144,16.703168879810462,173.66375255584717
-0.07019220612341392,-0.6091583243387282,-0.5569891311824025,0.8891566268963587,41.866940721391295,175.41035151481628
-0.09441226315742135,-0.5706771965278907,-0.5253002967695126,0.8859080840475393,44.469118980093675,177.13849329948425
