-2.841452547503494,2.7420946948895857,-2.2014410389124017,-3.818615293746725,37.808956913383234,0.0
-4.9734441057118115,-2.6751709659880425,1.4570656262973758,-4.369216316927877,58.21648168502332,0.0009982585906982422
-0.07495450579168672,2.8822843089642136,4.89889737086824,-1.9812262884181808,36.809803123571115,0.001999378204345703
-1.8776589868311913,-1.0823492845137714,-2.669641950742409,4.966573921747014,38.40870407577425,0.002999544143676758
-2.5612027980185017,3.119675176217103,2.5032370649971982,-4.322130267452929,46.87338745216354,0.003997325897216797
-3.1198026695784367,4.82821486524418,0.6584803375953223,3.0521446745385683,45.18935749974737,0.004997730255126953
3.95145252051977,-0.23658217005758608,-1.4775653327581613,1.2446945098586504,23.321120113528846,0.005997419357299805
-3.91469455529461,3.8991306914560537,-5.08314260674127,-4.255746127827418,75.9816816998208,0.006997346878051758
-0.18195185290351024,4.840916105260702,-1.5803432912704825,3.0454238805623417,38.20005624732431,0.007997274398803711
0.3792438807192866,-3.1339387194398998,1.4166246363339505,0.06815214267919956,15.992460995953387,0.007997274398803711
-0.11832241636343444,4.17096749050543,0.7095304006138088,4.666974355335072,43.232363196248016,0.008997678756713867
4.8023490736747965,4.759354058544155,3.5911759683369917,2.8104277212292166,70.5970207702152,0.010015726089477539
4.903379406332776,-1.0808757176914119,3.872667123013975,-0.5951862268265495,42.998017969106236,0.010015726089477539
-3.766737044925817,1.171912577809901,2.732755402139807,4.812198539258337,49.337943526861665,0.011015653610229492
-0.5542222117708917,-4.867418486182679,-4.9503906241234645,-4.537051042969715,73.3812282826353,0.011997222900390625
2.40993806131371,1.5245089446257314,-0.16947732098267032,-3.35798790263314,25.412023179376863,0.01299738883972168
2.097881138984441,-4.254899804135891,4.227978032114103,4.83640874431845,66.33136939403346,0.01299738883972168
-1.4356102637155872,-1.1879479719927093,-1.8366655317298473,0.18262780039105753,10.489276332240156,0.013997793197631836
4.9177559549161005,-3.299243422934552,1.1469397372698031,0.041154186775222534,38.251574706663284,0.014997482299804688
2.3316676818581543,-1.6536139237356502,-0.8606757423155607,-2.4235315416274426,20.09164553965949,0.01599717140197754
3.6397828920304436,-4.664578508442374,4.24462248124201,-0.920440890341788,58.108717832750635,0.01599717140197754
0.9668353264170761,-3.256248510068649,2.6180950302601236,-3.9251465767052993,36.70569071789736,0.016997098922729492
-3.3871437048153266,-4.100849140454366,-0.0006630002431169402,-3.509074366963374,44.55477389351245,0.017997264862060547
-2.5528385612522047,-0.49402499985331616,-4.025130271396328,3.9294882791597976,42.45727344463244,0.017997264862060547
-1.1181705766620977,4.204476946061312,-1.587321560881068,-0.606830242862733,26.43311014437395,0.0189974308013916
-0.3054778110927545,3.310048652187013,1.5845658690366342,3.2374482692107938,29.534973124869303,0.02099752426147461
-4.077795242887051,1.9229114773082996,-4.238513802871863,0.7337809006999558,41.0911917734419,0.021998167037963867
5.069789632419066,4.4159728558920905,-2.842244895499819,2.5511257457636525,64.14979482008724,0.02299809455871582
-3.562656067672261,1.0735016126804044,-4.885413060124806,-2.5190547106558627,48.32710080634196,0.023997783660888672
-2.5388561290440856,2.0577398975694656,-4.742079336952152,1.0429572376836616,37.37654659839115,0.024998903274536133
0.8784046949748445,-1.027275027509476,-2.7005713624880543,2.707945620315619,19.31229416830879,0.025997400283813477
-2.098656461229974,-2.979381382303526,-4.345905085707761,-1.6829810220385064,38.17035405439795,0.026997089385986328
-3.968969390549696,2.9131210475666824,3.2798602281976494,-0.16676202136261065,36.8755966735853,0.026997089385986328
-0.33331680080745585,2.25307196188664,2.5541446026280665,-3.377066452045036,29.293792056836793,0.027997970581054688
-5.037460879839135,1.1696487069430743,-2.275455355369548,-5.054595426740961,59.232129102073635,0.02899789810180664
2.342215773910448,1.6585640922449842,4.340093881450833,-2.126653361350562,36.52343247468064,0.02899789810180664
-5.08787617965219,-2.822270477032991,3.25698732205663,-2.9930548573819293,55.17283252911018,0.029997587203979492
2.3726636449158285,3.414317883662629,0.21609832324296896,0.9588293234432408,22.63022375272761,0.03099799156188965
3.679810736244945,-1.069879952413383,3.4017166458413124,3.19561635619242,40.47121524851677,0.031998395919799805
-4.933193355911426,-2.23855305764844,-5.087760229917909,-3.4084479739527387,69.85256753897784,0.032997846603393555
5.069444230617704,4.0582516020847,-2.1159166601294097,-3.1380242115172856,57.2596676853442,0.03399825096130371
-3.43538157269412,0.18171545507034192,0.3237538670348279,-2.747980079235213,24.453471786770475,0.034998416900634766
-1.2111718635078197,2.6022300448673024,4.0292686119754615,2.8071683829304135,35.57822584370125,0.03599810600280762
-0.8301372727488836,3.3151866711473827,-3.5046593259262284,4.67556404831729,51.18924285667002,0.03699779510498047
-1.386308301747135,-0.4534401300478619,3.9274221935559526,-3.0198695150389354,30.494721192599762,0.03799843788146973
-4.981745703717329,-2.098684859328744,4.970886626167776,-1.2209557194834275,56.45064379739142,0.038999080657958984
4.399095314738294,2.2701629276892143,4.30260415428883,-3.5113669763517734,61.60177855326292,0.038999080657958984
-3.5245975061770283,-0.8825338566779584,3.1232308727638918,-1.074540776692177,26.751933392314307,0.03999805450439453
-4.8225634904002765,3.0536279673555677,-0.4751246920186327,4.395625046396748,56.525328654294626,0.040998220443725586
0.5326439658946684,2.333845505240884,3.232371413645624,-4.244233087994376,39.52734323476779,0.041997671127319336
-1.1083660156199748,-0.8095110286888874,1.7567403209670838,3.9888369792314267,22.698578075051742,0.04299759864807129
-1.281733767831593,-1.0495109271637517,-2.9933398686794597,-1.839460221010433,16.801996409397844,0.04299759864807129
1.790981999359368,3.6238975475656785,1.8165326516113662,-1.6219810337533072,27.04261422109614,0.04399919509887695
4.94947938544439,1.5746879445512674,-2.546245434325849,1.5251934137118157,41.674002045214465,0.044998884201049805
1.086513054637754,2.9194058005329877,-2.927485375794085,0.21686161590857367,19.485574071054074,0.04599785804748535
4.777882438958378,-2.9871882538943484,4.178617139114844,-4.7868593074482515,74.2921059190393,0.0469975471496582
0.6743550061327426,-3.2263926257195075,-3.876195758337651,4.865346747133013,52.4953241234356,0.0469975471496582
0.30702708072846807,-3.256116771916397,-1.0646351590888576,3.2941980521991114,26.426354161734174,0.047997474670410156
2.281795346621842,-2.193646092684008,3.254583681407909,-2.894574812351005,32.08155315784945,0.049013376235961914
-0.6550335240828762,3.2271738789370685,2.7194052187309348,-1.3684754334277267,25.399173338841862,0.04999732971191406
1.856361521355888,4.15788605170578,-2.3347698546685476,0.3439751188405218,30.20146772744242,0.05099797248840332
4.34259572560859,-0.980091097883447,0.48427495318381464,-3.8854262590871222,38.95035815819776,0.05199742317199707
1.3214805645892094,-0.5595891956606582,0.01383228016337501,-0.9676351935067808,6.385241423858465,0.05300402641296387
1.1249954739417785,-0.29394634736020997,-2.988053091311677,-4.890672514020353,35.99427512634089,0.053998470306396484
1.420282696556014,3.971317914316553,1.7159324731709873,-1.4925169550845596,28.065272446663585,0.0550084114074707
-1.5992088509856472,0.5470698580354414,-2.7217551606038226,-1.618511873312694,19.564674042836717,0.05599713325500488
-3.171289234595525,2.2034840541065197,1.206587320475462,2.8731559002837335,26.892264323402802,0.05699777603149414
3.986140225761816,2.5282614236793775,-5.082461032501422,0.23847731283205142,51.21667745132599,0.05699777603149414
-2.2056065241609994,4.671562874367541,-0.8334773660347521,0.06880009240743679,30.176618807487174,0.057997703552246094
-4.995293484174371,0.03817417324892336,1.1534540116577894,1.9100357892927233,30.547632847664236,0.058997392654418945
-2.9985843539110086,-3.759360173958994,4.115251280890569,-1.1872420509846977,43.277149259976014,0.0599973201751709
2.1067109041242977,4.1615442470289645,0.6542304398119994,-3.572332346933732,39.09969354929811,0.0599973201751709
-3.2362416810102728,4.905449930937668,1.014239985746129,4.648826680292205,59.85970021833603,0.06099700927734375
0.5977803334995464,2.3481580455619406,-0.6301906317446031,2.4974391079819833,19.58459259857318,0.061997175216674805
-1.5881313603360665,-2.8103728163305286,-4.3255955854680215,2.0744927694822755,37.47978595866771,0.06299805641174316
1.1582465482230875,3.6981953652258843,-1.3660425639978389,4.382708940931402,41.273803827599664,0.06299805641174316
-4.434719184018315,-1.0394989688285872,4.14657642301795,-3.9198220391332255,55.77326628780183,0.06399703025817871
-4.323219558498465,-1.9121586581824594,-0.1045184764342677,-3.5640982001015784,38.780759778688186,0.06499767303466797
-3.435181217619132,2.2474011915367296,4.939647770329267,3.381005189312128,57.38879447369262,0.06499767303466797
-5.024068789712343,1.9053060752407305,3.2161496805280807,-3.1050431437404344,50.03854665101464,0.06599760055541992
1.3001123746707606,3.414497036983417,-0.1639007424571126,-3.863271720888033,32.30152979112944,0.06699681282043457
-2.4595893233673243,4.885355805966433,3.4792434786244373,0.6195811624171723,48.34392291970704,0.06799674034118652
-1.6045137837445047,2.8555704117761964,2.0761734081299235,0.40679058274711544,19.32672684189893,0.06799674034118652
0.20665644260114924,3.1471931312309662,-3.28810526795802,3.82341602380857,38.298776255802245,0.06899738311767578
0.958632587012457,3.809802189604196,2.694335192855423,2.1658749545574496,29.88900947126296,0.06999826431274414
-1.4740828543967046,-2.5473992101199423,0.095585693540861,-0.3044918002646977,14.217489749572497,0.0709981918334961
3.4258710757689093,-3.931029004403599,2.1101363752401534,-5.108330867249062,60.17609590017272,0.07199811935424805
3.0882698379896487,-2.193065349775703,4.91299970109266,3.427096256526453,53.071880636751736,0.0729975700378418
-4.963933229242145,1.4909073312511847,-0.877537833977839,3.507523052113771,44.24075549372714,0.07399749755859375
-0.9858532723729265,2.6648292353545315,-2.8876098442154077,0.1918153973451151,18.84386837012642,0.07399749755859375
-4.477607336355654,1.8180475011637736,5.0253278317571,2.960599695907276,59.99192845385705,0.07499814033508301
-1.5187660712728355,-4.638841306031022,-5.0723059769630146,4.270393082141994,72.65533718259343,0.07599759101867676
-2.005740246948288,-1.6605990032878237,2.1403194582172445,-0.6664653241766834,15.204241061728158,0.07599759101867676
2.6286007150082167,1.1774047619903376,-4.402701030928894,-0.019720855841232066,31.756984500749347,0.07699751853942871
4.934654425230737,-0.3467200016583467,3.9179254864601356,-1.689181456119599,45.831550336297944,0.07799768447875977
-2.2055600920000913,-1.5976165065580794,3.282384159575117,4.037390276421347,38.2631023436578,0.07899785041809082
-0.9558535690673082,-1.3022489763036043,4.656927361448598,1.9434432623011615,31.048605256074318,0.07899785041809082
-3.5161255520575216,3.8069956103959326,1.1155772808991795,-0.5480272246365763,33.25267029491879,0.07999849319458008
-4.214110468539179,1.1414509345084687,3.0961602968767954,-2.7554659688026923,38.529173265448186,0.08099818229675293
3.561305537718593,-4.199278854719812,4.883776618625746,4.52314734589473,79.48481514973693,0.08199739456176758
