4.008796587756588,0.9159571952251344,-4.907863384492448,4.5771061447060015,64.13205259570555,0.0009996891021728516
3.8489263560923996,4.494082428406814,3.2683268905246843,-4.50986899167069,71.56185945693603,0.0020017623901367188
-1.8551819565116756,2.3652140620381408,-1.613264643961581,0.6101439812523308,17.586559558209096,0.0030012130737304688
-1.780473441974463,2.249917046438558,-3.399130777086559,2.5552142880317836,31.87081736195111,0.004000663757324219
5.001658936963902,3.9279566767995115,-3.1197355062535332,2.0088272685761472,54.585772945947504,0.005001068115234375
-3.981978648882973,-2.8505466905791383,-3.270693048768046,-2.266593527429864,42.4662164236593,0.0060007572174072266
-1.9455913945664935,2.6377254505451413,0.8024311336383381,-0.9591601110759456,14.722277232606551,0.0060007572174072266
3.335412206979636,-2.4149026898898374,3.1036736862670944,0.2530362993513542,31.249088257594885,0.008002519607543945
-1.927204777642682,-0.20149998352446374,2.3174201629476876,-0.7939378332772886,12.696724993032197,0.008002519607543945
-2.4280736238630296,2.863332663599569,-0.376601993364849,4.572332632265353,41.00113819973491,0.009001731872558594
-0.008920328707838543,-2.096138320496406,-0.147841326966768,1.5752823123600068,9.367273857248758,0.010000467300415039
0.7783694716692002,4.799877005449011,3.715734014873246,1.9988058299463631,44.174660383410796,0.011001110076904297
-2.68972644475588,1.32138179500107,-1.9426755085005274,3.2229551953929,26.840503376529576,0.012001276016235352
-0.4176244535227136,0.4787369851534855,2.85676502428453,-3.8988948835639836,28.19964640841709,0.012001276016235352
3.308379476489338,-1.7569573390443547,-2.831697328920604,3.4956307679138297,39.09370796315103,0.013001680374145508
-3.080018765422783,1.8626641729050322,-2.24871891434699,-3.648622973432838,34.3854514785443,0.014001131057739258
-0.4848697511422779,-3.696729721239944,-2.314723115605528,2.0224274870272225,28.078505346044743,0.01500391960144043
3.5368821446544816,-0.2504819278247412,2.884760517660589,-3.3985929769511163,37.47552479906493,0.016000032424926758
2.2129402374133473,0.3138614750074522,-3.4971691233187503,-4.859560344721111,45.365498651268275,0.016000032424926758
3.424437290072677,4.2463696050706,4.505677682752196,-0.1532417206048553,55.37780495101158,0.017000198364257812
4.3533863581541175,-1.1884548956343353,2.2449034435464874,-3.9328834589600716,44.154883307921935,0.018000125885009766
-3.16089120151189,1.7402914595371577,-4.3215264142645875,2.307942165913448,41.34241722062707,0.018999814987182617
-3.880578667256642,1.1161744522263843,-0.8937386204229565,-2.74600970218778,26.407207295274322,0.01999950408935547
-2.5370125443355978,3.53483082944273,-0.05344025325583335,-1.213783628690257,25.187065982576367,0.02100229263305664
-3.6193634998003845,-2.270417294525683,-1.685620096203559,-1.1183708954600577,26.863921763452254,0.02200627326965332
2.983683150535197,2.025061806074145,3.3544660386330465,2.072821928437536,30.283013651053963,0.02300715446472168
-1.271861069625905,4.691484386209612,4.062866315368287,-3.4203910280901253,56.28446775726816,0.02400660514831543
-2.5046692076597035,2.2099557827646388,-0.8152732990403484,3.9851476534479255,31.059583380067373,0.025000572204589844
-3.756812019074781,3.1032253019298706,-4.106953093820424,-0.5910989508787221,44.17841093504333,0.025999784469604492
0.6885125544165733,2.482466118246645,-1.1911964628861762,3.8003651851762266,27.19682470205486,0.026999950408935547
3.1768711924443194,-4.060999724219825,-0.7151094740291768,-0.8081266727816638,30.23806655787277,0.027999401092529297
-1.6239181102644586,-2.896129584967366,4.933158060978317,2.592614279298867,45.9221018070726,0.029002666473388672
-1.371802272958551,1.6871797592110553,-1.5666491524237718,-4.7274018016827775,35.66353615174552,0.029002666473388672
1.8329904769679741,1.4760884977268107,-3.515825854092185,2.973803896005758,31.242409726782018,0.030000925064086914
4.9144552312007646,4.331839194176415,-0.8234346520460374,4.301458999704084,65.60266553491971,0.031001567840576172
2.8743965955459876,-2.7537771768494688,1.0430521519686007,-0.22056580618599142,19.1063760595631,0.03200054168701172
-1.5905713793993952,2.8045846874395126,-1.8183958429697653,-4.614221571521097,39.83603270258004,0.033000946044921875
-1.880101810752238,-0.8029832947699438,-3.902584617354472,5.037864936490156,45.943332196386734,0.03400111198425293
-1.7562089883171854,1.4049541660612386,0.3246620670155993,-2.9473359936228607,18.144624019004368,0.03400111198425293
0.524617257009794,-2.6490278802784912,-3.990654170764291,-4.2350391577921505,45.64208702975985,0.03500032424926758
1.296896774063712,3.2206403699942117,-1.216693269683422,3.784593956766254,31.54154672556175,0.036000728607177734
1.2918943882938603,2.323352186931575,-0.34751132417811537,3.8624708190698653,26.737098415161196,0.037001848220825195
3.4755542439037947,3.6813185819719196,3.0818069529582575,1.9423612708485827,42.50246436098808,0.03800177574157715
3.9370214500717653,-0.838349143659129,-3.7730893820308458,3.8807832431164266,47.172989199337835,0.039000749588012695
-0.45241489627078924,0.31669401911483863,4.818956051878586,0.7054013099514789,29.244165777404625,0.039000749588012695
4.345045618179303,-1.698302865440049,-1.4005258280080666,1.265721019912144,31.118209573195244,0.04000043869018555
-2.716465534474288,2.375909919729228,3.5535794545346464,4.712940667122447,53.95877400200832,0.0410008430480957
-3.70009269815661,3.475592083028439,-2.5817088838836897,-0.29929531183316893,38.997837786501606,0.04200100898742676
-2.507797781429749,1.506281294029609,-0.5432232416262988,-2.819235294880218,23.34105493485648,0.043000221252441406
-0.27226663836431975,4.011449824561104,2.6149253238095813,4.2590018348897205,45.09177733734434,0.04400014877319336
-5.0570043868164145,2.333546515604609,-4.884622260113352,-0.45434414357370123,58.85991172527512,0.045000553131103516
-2.4484625295610893,1.1807589969352454,-1.8047868009110726,0.5527358616876015,16.086627539437274,0.045000553131103516
2.6256523858873146,0.10863894143106467,-2.566286974003336,-3.7719326395513697,32.42456592570177,0.04599952697753906
4.861787804907677,-1.448996252716419,3.091578929315708,-3.14234919860324,48.0068869117687,0.04699969291687012
-4.665385988824097,-2.3595113072824603,-0.9891617124276157,0.1380177810584584,31.82796440469868,0.04802441596984863
1.8261589994053962,0.996895702916686,-0.4607250498125115,-4.855409482951142,31.010417931365485,0.04902482032775879
4.652674180105165,-1.465033045434688,-3.5798707875205213,-0.4848345010823216,44.26647083080945,0.04999995231628418
3.1322591138881917,1.3350794318294774,1.7514972617708224,-2.5718323567210413,26.001346059917452,0.05099940299987793
-4.180813612543772,2.7514204059013814,2.321179353815305,-0.6215207109908185,35.54847260729056,0.051999568939208984
0.00737404720474899,0.7851833152293057,2.520050735831229,4.50104335383632,32.000473406105776,0.051999568939208984
-2.66425568645202,-1.605266887059618,2.038392771306542,-2.98533113465559,26.077773825767885,0.05300021171569824
1.4020372902925589,-4.050614853532396,-1.186364368846077,2.189913539799625,27.685094459143727,0.054001808166503906
-2.060661137922787,-1.8770053318627045,-0.5695168813202729,2.7141391319204065,18.945709012468257,0.05500030517578125
-3.700294284533218,1.9925487723145254,-2.834379720678782,-1.8099979838628242,31.406787425595276,0.05500030517578125
-1.3149026830705046,-5.026223233882524,-3.0779167875317794,3.7559911312614895,53.062888275514936,0.056003570556640625
0.31700994527653403,3.324082033993938,2.1012733285840968,0.6330631617496536,20.68978783867442,0.05700087547302246
-4.863465921062064,-2.1476554876345557,4.5136816049948285,2.8979570420136627,59.97841360882509,0.058001041412353516
-3.2568517752510715,-2.873179116057025,-0.8416072384323883,-2.559667687121973,29.85272736006398,0.058001041412353516
4.819146790172947,2.625020321016132,2.4473613261310723,4.743992936402772,63.879585171407726,0.05900073051452637
1.915268278062042,-2.1535981083028726,-1.970345221741571,-4.9090625715275475,37.032598813157335,0.06000089645385742
-1.6357475916914024,0.7077975712060995,4.481681482463963,-3.469898330741283,42.19771201181258,0.06000089645385742
-0.03179135762089391,-3.5016282752347476,-3.4177621323824656,4.503509392682019,50.11414103460916,0.06100058555603027
3.9378228132299986,-0.7384343573349827,-0.16710766260977028,-2.179078626779386,23.04738498499491,0.06200098991394043
1.6266613807060928,-2.192200131664502,-4.35773954570725,2.1841064890301585,35.78055674093264,0.06300067901611328
4.437110207780129,4.134259632262078,-3.2647379757967867,-1.796391767203274,54.728823842961965,0.06300067901611328
5.0944630198937775,-2.6047480621249766,-4.723580762818028,-1.3938258306516937,61.90623101805089,0.06400012969970703
0.34148013244189634,-3.710991917007724,-2.3891509070183528,4.560747925933053,46.87797551258414,0.06500005722045898
-3.1590555153726028,-2.415357971649659,4.496107727220562,-2.026996133527943,44.47239307356886,0.06599974632263184
2.081775231280841,4.246887653387826,5.0332707002465655,-2.5513464797884553,57.29277153062398,0.0670003890991211
1.777468170563349,1.3116207212100743,-3.514183468434531,1.7922555255730286,25.380889306804654,0.06800007820129395
-2.1529701433856117,0.7742987868252236,-3.6632528286658363,0.10765079959134027,21.679783714753192,0.069000244140625
2.171146481763631,-2.4851745764672635,4.735076497737485,-4.232709803535629,55.732193173616594,0.06999993324279785
2.294511660996812,-3.3901550566986995,1.7939745739186526,1.9599125439608018,27.623469614055033,0.06999993324279785
2.4709598979705074,5.0492717280413535,0.036360884343634936,3.4169589096078843,47.20158326340471,0.0709998607635498
5.078872450262353,-0.08738270137369852,2.699013496444585,-3.944751885479776,50.290154165689614,0.07200074195861816
-2.1993336019980503,-1.4137019396409407,-0.9243144411378825,-3.4444699524161138,24.14862190999612,0.07300019264221191
4.054845709412731,-4.068452024888533,-0.2711104054367688,1.5159837537406453,38.642862329499174,0.07399940490722656
3.845563255405975,-2.388705151115899,-1.5371699141312778,-3.458595499836849,40.958541011643106,0.07500028610229492
-3.2384136679351423,0.32726974348101745,2.7814772115649937,-3.444046452952806,35.328760079630165,0.07599973678588867
-2.0767769572850505,-3.398244947301216,-4.731967251954427,1.061967479528409,42.48487022184645,0.07700562477111816
-5.0667660743899425,-4.465362103579146,4.138404210545086,1.0597320053971062,66.3486052996915,0.0780031681060791
-0.20242852907678976,0.5780597523793194,-4.02170498644784,1.0753650399611283,20.41261825238506,0.0780031681060791
3.52253844194147,3.044145137273456,-3.501986895186281,0.43981373977170257,40.089923373098955,0.07899975776672363
-3.553284096738169,0.431196279248379,-3.662569762241459,2.6283377249237914,40.20106247127072,0.08000040054321289
3.5240526089127604,2.3220592351431923,-2.0418561484578035,2.5585524392176877,33.91979469035049,0.08100008964538574
-0.20100306157774117,-1.3206421399470019,2.2098443680446485,2.048062653848988,13.784495780812609,0.08200526237487793
-1.6308444192668192,-4.545339131956508,-0.8883173702005971,-0.2243825400011792,28.8755870695311,0.08300590515136719
-2.8854340598934765,-3.297684572127598,-3.2457714370334383,-2.7812764577887057,40.792401825859,0.08300590515136719
-0.5541934976010081,-2.721920328897887,-1.094307537675145,4.670801720803943,35.495794531984934,0.08400559425354004
4.749261362842723,-0.7625791491871237,3.785193448290321,-4.211253752292035,58.66466271533416,0.08500003814697266
