-2.02775809040467,2.3406445982904778,1.9375887509927239,4.422266698231213,36.41451169514976,0.0010001659393310547
-3.371785339537032,-0.13332952756884886,2.9649471814928363,-0.061525305933534113,22.302892942544762,0.002000093460083008
-2.4964205831759703,3.841663531254693,3.4601819019957647,-0.3151239626156759,38.88451026985901,0.002999544143676758
4.844765688748086,-3.715337241203648,-3.5739095980350997,-4.643587084273045,76.78041939622734,0.003998756408691406
-0.8999478751401986,0.3756141618577171,3.6501074135932656,-2.5565979496724274,26.236146612568145,0.004999399185180664
1.8706043396276142,-3.517358350655603,4.840413632516596,3.630179218525652,56.931230168879054,0.0060002803802490234
-4.110960077139335,3.289811843494502,2.39610205025528,3.343135340230785,49.468339191000155,0.006999492645263672
4.474608301862337,-4.305700645237551,-4.491112715207278,2.7422754193982275,72.628479638886,0.007998943328857422
-1.593404227729366,-0.7341905502155006,2.525438530608973,-0.3811867523841199,16.254267244381445,0.009025335311889648
3.8848629087475777,-2.8795350320771758,-2.242946047635937,4.347907017727324,50.375266340324146,0.00999903678894043
-4.6655806928919175,1.7179230771137757,-1.3221134659926959,-2.364718188399367,37.862599593264825,0.010998725891113281
0.9894749387346709,1.1533278672995104,0.5976927156318874,-1.6973456854114573,9.12117630519926,0.012000083923339844
-4.336934534219994,-0.8808364975945508,0.7951262957164191,2.385586865102212,30.16782550499266,0.012000083923339844
-4.343038494780708,-0.9198937487009475,-1.2105033085284393,-4.314596925846367,43.614312197410015,0.012999534606933594
-2.458905690955314,2.118186560131969,3.288046956843176,0.3028837496925334,26.229035519284643,0.013998985290527344
4.792168096525759,-0.8299355450451325,1.491743889709423,3.5810198490225345,43.83126783264483,0.0149993896484375
-1.5249389901081525,-1.5177619861367684,-0.7342430338091903,-2.7117749740049186,18.840118734706003,0.01599884033203125
-3.46741295794096,-1.9727683457216578,-4.6913043587492425,3.0213120871173667,50.41458935648441,0.016999006271362305
-5.070999452364915,3.8128619363565663,-4.06625754751238,-0.16642596699190726,58.11228359092214,0.017998933792114258
0.7916497748805735,0.42882301897938646,1.3361794556961284,-0.7770752130974339,8.188863961083486,0.018999338150024414
5.0472899084530445,-4.0680074109414,-0.5877438805046431,-1.520737243144883,48.65899934549142,0.019999265670776367
3.083897405170698,-4.60546233280047,-4.477882716751075,-2.42511536795116,62.45914302158137,0.02099895477294922
-4.5164085978390505,4.307764541789118,1.6804572741780666,2.5612091672940505,55.03836104241478,0.021998882293701172
2.8876633781257377,-0.911061379640258,4.1027040587687145,-0.7642147618136672,28.08777323668446,0.022999048233032227
4.449097112566778,-1.9737951662967492,0.2675570072203408,0.23180464916199917,27.774479421315256,0.023999452590942383
-4.989748122918762,1.1326613444487554,-1.4086012937836236,4.183238021583063,48.42626023342267,0.024998903274536133
-3.1244850961089616,0.4410707813484658,-0.5372103318054338,3.672023341009166,29.395510032182823,0.025998592376708984
-3.0577926331195235,4.9007259065786775,-0.5117618477099919,-1.980994569701624,39.811359842545215,0.02700018882751465
-1.3585108638145917,0.5736611128935456,2.001344280989425,2.8296368917700914,18.232126238536736,0.028000593185424805
1.9335222271244437,3.9092313048247567,3.577001729377396,-0.7248713577016703,35.62767878383587,0.028000593185424805
0.850659254068546,5.011827689546437,-0.3098508985366779,-1.48799771925043,31.928222723662145,0.029000282287597656
0.15624104076821155,2.7717201471559507,-4.970142775846962,0.027712633171921297,33.750931817812344,0.029999971389770508
-4.194969106900151,-4.189452267649618,-0.18706193326728293,-0.4572613551258682,39.26204923730078,0.03099989891052246
1.9272346867230805,-5.070411035547763,-4.86567738560961,-4.2062131351477525,72.05316779078657,0.03099989891052246
-2.6726997816960107,-5.035271616423419,4.515086875665703,3.319443807562096,68.81140317368546,0.03200054168701172
-3.175840571667853,-4.534944118547624,1.0636101334770203,2.9448773317850554,43.1201582332798,0.03300023078918457
4.981189502495744,-0.08217835627828585,2.5305034645918694,-2.144801784103775,38.32776880000201,0.03399944305419922
2.811299188961245,-1.3442300298252583,1.4771405154328763,4.7378593301087735,39.58789713543348,0.03399944305419922
2.346890689003745,-1.5634629877413189,4.513469216965425,4.14642012632308,51.40052143861061,0.03500032424926758
2.602288373591116,3.148327443479416,-3.299369391119196,3.386433157560524,44.3031479452704,0.03600001335144043
1.5700730221650039,0.7117058298923906,1.6817864048594604,-3.9173149138226346,25.83588409631568,0.03699946403503418
3.0714643148639533,-3.812114266396131,3.6156823483736646,-4.864357456708296,63.508916769042656,0.03699946403503418
-0.1389417394726573,3.436438727257179,-3.59789624575798,0.12026642745473826,29.155405295456745,0.037999629974365234
0.05846110204727939,-3.5708108259240436,-3.5531242480644876,1.4183424680613657,33.17589824100773,0.03900003433227539
-1.3874171979466752,-2.463311273008191,3.816954965898245,-4.609319718182098,49.90625756274293,0.039999961853027344
-2.3143896708255403,-1.8541978812482358,4.326118042708509,4.683440875965013,54.09543134646124,0.0410008430480957
-5.118425363010805,-0.4686259021566208,-2.213024439486075,2.063189787475002,38.66459271493865,0.0410008430480957
-3.320163055356911,-1.4784713936475686,4.481082793005803,2.247052509919868,44.730705478318406,0.042999982833862305
0.26352401793413804,3.9692611921686067,3.5372977715944645,0.2105312836762625,32.211953651986136,0.04400038719177246
-2.59401729592794,3.20992175693113,1.3253199596702006,2.258562999268073,28.981030370730036,0.045000553131103516
-0.5060023917658949,-2.621470236094678,0.10132240770734047,2.9188970184513527,19.703221236105396,0.04600048065185547
-0.8791756020664803,-0.7655326662016222,4.459497186152682,0.7819327516629375,25.803167909356404,0.04699993133544922
4.722411418561742,1.296056864484032,-1.949396493127594,-4.929877253833166,54.68823218883227,0.04699993133544922
3.767908118201599,-1.914278286229175,1.36788318221567,-0.1394072295838127,22.815926094046418,0.04800009727478027
-0.9621555914042865,1.1864008713521264,2.529772566382168,2.0464880839603543,15.58514686675664,0.04899954795837402
0.6271025995950597,0.47587772996215794,-3.6581499600641143,4.110387638500659,36.35995125685804,0.04999899864196777
-5.046213889488274,0.19919168417209665,-3.283099207256293,-4.465045416434396,60.12979335119407,0.05099987983703613
3.2032466634520125,-0.2674975856218209,4.071512221028866,-1.2199694646637913,31.129737091629895,0.05099987983703613
3.999444140993657,0.5710323104622921,-3.5150884631014954,3.416564482492796,46.11365725858503,0.051999568939208984
3.511989281214187,3.2243875332436422,-1.3263109607740402,-2.8808922754870987,37.354833848436016,0.05299997329711914
-4.069788767240338,4.1112015224184235,4.170949098701157,1.7250127488631275,55.84640935220618,0.055017948150634766
-4.298472373297717,-3.875943582620431,-1.8076838562351547,1.477372294954736,43.174096026126115,0.0560002326965332
-4.358068717538789,-2.308021912068462,0.201157896752318,2.2333312611817835,33.92589795534764,0.05699968338012695
1.6248611337829706,2.0732997186387836,-4.7775605196816375,-4.044570190440421,48.800948498995055,0.057999610900878906
-0.970138747251438,2.9437061872503465,-3.7779821739431383,-2.463401516368137,32.826289249739865,0.05899953842163086
-3.6245567246797306,0.196765718128888,-3.873230557944149,-0.42699672232052155,32.93859406752698,0.06000018119812012
2.0698850705385956,1.606041143308012,-1.5668882748321225,-2.284793425395614,19.550061222802228,0.06099963188171387
2.730051858520988,0.6992748219257523,-4.320662522251979,4.176081525518083,48.469923982190494,0.06199955940246582
3.045869178707645,1.4705712509520898,-3.6606051829294586,2.978005082791751,37.27478774398219,0.06300044059753418
2.4572290502324234,3.671476205086729,3.11978036869139,2.1493687049117574,37.98733717267329,0.06400084495544434
-1.782916411266787,-4.200680057757424,-4.05310826071388,0.7410920108536443,40.40220963151906,0.06499981880187988
-4.805710652526091,-2.246167745302664,0.4649858394127815,-3.9895721072300523,47.88405273328952,0.06599855422973633
4.304069871020448,2.3372920051177397,4.345376281101834,3.3476031560571498,60.07088325155583,0.06699872016906738
0.011371139902390581,-2.9144848527794225,4.835239685076675,3.7252882358375077,47.53943625256145,0.06799960136413574
2.629820431032096,3.1559114388279417,-0.2808055446465971,-0.6754829193839367,22.182528351474417,0.069000244140625
1.2460496903237832,-2.224999028608274,-0.6070097606861946,2.7481378659506017,19.036777096271827,0.07000041007995605
-1.2372080388155147,3.231548574629209,-5.059987561358012,3.2342210082943295,50.81250237636475,0.0709996223449707
-2.636337644556092,-1.3050105820102775,2.0900711854784504,0.13582330334686787,16.532448035291914,0.07199978828430176
0.40391110934653707,-4.193594654271785,1.1122924067918003,2.6782694958708646,30.310224971442985,0.07300019264221191
-3.395494595784556,-4.880624843507419,-0.43693967044700965,-3.824818608094265,54.699993225731006,0.07400012016296387
-2.516932100840548,1.4425517909967382,2.2959550898829404,3.219054989127284,30.071071150639252,0.07499980926513672
3.6232298692404425,0.9129932759940989,2.7728389165107377,1.4397800563835608,28.36988330210007,0.07599997520446777
3.634663546167853,3.610508535277563,2.8268995722271324,-4.614157328061711,61.24873830582439,0.07700037956237793
-1.6602899925106143,2.9308767852892847,-3.847246908069038,0.5915621321540439,30.390309290061207,0.07800030708312988
-3.9259377638337796,1.408061211987996,-0.6244968509788853,0.12443474863539095,21.744901145311346,0.07899928092956543
-2.604379036941237,3.652699668256333,0.6561653106604197,-2.7458961619556743,34.04381730850454,0.07999944686889648
-1.1622230118976464,-4.764094703127923,-0.7489168355958578,0.06982640775104265,27.102201979302606,0.07999944686889648
2.6286365631107174,3.8560238301066567,4.446530050503729,4.8489138348823415,69.49687759629988,0.08099985122680664
1.7981825658835344,-1.0919544864312236,-2.404389469728981,0.4895390443862837,15.133500358738504,0.08199930191040039
-1.9123906917660252,-3.098212185668883,3.1537920105785533,2.3732398062433324,31.297877190354683,0.08299994468688965
-4.772271487124874,-3.564930730158346,0.17750214977915846,5.089911704909164,64.91591010544528,0.0839996337890625
-3.5533879868092617,1.476953863327017,4.935975291170414,1.1787797070388981,45.14225489634338,0.08500027656555176
-2.46339729096706,0.47645205144279057,0.8554991192464128,0.5965548600997064,13.552002174202075,0.08599996566772461
0.2614765995035482,3.442032248848787,4.607356799001299,2.7890731967810387,46.46701753470029,0.08699965476989746
4.706093178843402,-0.23691549223529407,3.9682554720716086,2.0682638340179302,44.52888542691727,0.08800053596496582
1.2025542108169658,3.878358135803821,4.877988494913114,0.10409015137213018,41.76391734813244,0.08899998664855957
-4.07394905618077,4.931735662197602,0.4774773643345931,-3.9029488144097773,58.74690588850004,0.09000039100646973
1.8196055987404147,4.579300895977908,-2.0576471912557595,-0.7830814376148494,32.44148832856657,0.09099960327148438
-3.380123366864417,1.1589459889751632,2.457973247348778,-1.1524195823834638,24.71610478775023,0.09199953079223633
-4.114284747012222,3.0552914938381113,4.491341599068574,-1.963441071861003,52.620848337822906,0.09299945831298828
