-3.0163918557686222,-3.1698557824795666,2.1898201920280984,-2.300747961937346,31.70241911558509,0.0010006427764892578
-0.7782668701558659,-4.275799763814149,-2.094591808928638,3.064273465870362,34.901894136229075,0.0020003318786621094
-0.4810190907788474,0.6679880658953072,-1.2281729962140577,1.2092512584644215,8.744016999472262,0.003000020980834961
-2.035149956459341,1.1719960836555572,0.4989086244912162,4.307324161689739,28.223342594188487,0.004001140594482422
-5.050408640401913,3.238040609363007,-4.107053062692875,-1.9112216748129671,57.85625608930436,0.005006551742553711
2.503522290939298,0.9282917269885749,-1.4856680603501542,0.20406829982174202,14.189093321781032,0.005006551742553711
2.631091627442811,-3.6277305084623626,-1.2180964531901264,2.7199461518582826,34.327938469101646,0.006000995635986328
0.8343936445891265,-2.584619447858309,2.8402156211639147,5.019948250425398,43.4702483536429,0.006999969482421875
-2.8565191230693103,0.8891088775396181,-3.998389160856791,-2.9153478956557577,34.187430683744786,0.008001565933227539
0.5518006439746177,-1.0179985755643797,0.7200751572125919,2.6426555591661485,13.608225930408032,0.009000539779663086
5.021736333211893,4.548547289365488,-2.5332133324491335,3.155282509501494,66.66093457525398,0.009000539779663086
-1.5252231454461702,-0.39495891902949687,-1.5964048127847827,-0.14584447814257206,11.042923156697627,0.010000467300415039
-1.1920583274732977,1.282113912112731,-0.7929728435642422,1.781289162450686,10.248888753453596,0.011001348495483398
-4.297638292265541,-1.0811892840288504,-2.261086835939595,-4.989875583653615,52.143852530286416,0.011001348495483398
0.08473506588339763,-2.6892315010355206,-3.0285155613672394,-3.652288075826366,32.85338432517223,0.012000799179077148
-3.3463011774160947,0.736486768871246,0.21447877536219817,-2.3558182635296765,22.385278885393948,0.013001441955566406
-0.7888100611553064,1.1143132000798133,0.46553984248647673,-4.14618696785206,22.646763756896675,0.013001441955566406
4.200987332909992,1.8839786474608085,-5.089328784179165,3.4887994568775467,62.37264084149156,0.014000654220581055
-3.455628355363781,3.3756297497626493,-1.2498770827652668,0.06923459565741474,29.666879967140233,0.015000581741333008
-4.554219956296691,1.5587051132784087,4.8806206777262675,1.0300231137916764,52.21326454739884,0.016008377075195312
-3.201575477586568,-4.750216644277409,-0.8527083737540693,1.6447955381665462,39.958613879922325,0.016008377075195312
2.9190501910160114,-4.6375674943905345,-3.0695761071249454,-2.622672498246871,49.91571799776103,0.017000913619995117
4.541651590615374,0.6641535978449573,-4.223937312686814,0.5334239913889247,45.488452022862276,0.01800084114074707
2.717789612342174,-1.0979922125018051,-3.3072111322823456,-0.521956976344673,24.528964464896546,0.01800084114074707
-2.8400254188613574,-1.9113369857742528,0.31183573286635635,4.0996175470824605,30.806695046380625,0.019000530242919922
3.679873558285073,-4.7814417804621145,3.8606447986328485,0.619967054709857,56.01138821434754,0.020000934600830078
-3.925970539728854,-1.4762981192775206,0.4146992858149767,-0.8741941437481673,22.780325985916814,0.021003246307373047
4.744559150346089,1.2363128908499403,-4.594557793217433,-1.8855040770779699,52.72912185820399,0.021003246307373047
3.7231436322883065,-3.70250829471923,-4.582811888069934,-0.5462667262529743,55.15857439483553,0.022001028060913086
-0.1450140820505128,-2.017019818333302,-4.365734848180214,-2.1375961302450905,30.12701093246327,0.023000478744506836
1.2492222987014339,1.2029371363100703,4.815845367797631,3.7714050033463353,43.59107242406728,0.023000478744506836
-4.925328236468734,-4.567414142859558,5.031017472419239,1.4701779326456927,76.6138012264192,0.024053096771240234
-3.344781855700139,-0.1798288468728586,1.3079093943075542,1.1654212426350377,18.272053312614048,0.025001049041748047
0.9160848936250359,2.629783724381178,-1.590876267527614,1.5466488325176124,18.298045913124824,0.0260007381439209
-0.17519797324371122,2.940311449003036,2.702526946831047,-0.30332857779215505,19.311125885373556,0.0260007381439209
-1.448283637682609,0.557927152511561,-3.804723008857354,1.6132016888271927,25.789741174465014,0.02702474594116211
-3.3905060718217315,0.28562265326385106,3.8693173510413947,1.7606609864311178,33.89480238219014,0.028000354766845703
-2.2356467064407712,-2.2338045127696486,1.861196728980529,3.192333338494744,26.453744454351344,0.029001712799072266
-2.8779564273559366,4.67129248486109,4.595735836839228,-3.647381846202428,69.70777798597715,0.030000686645507812
3.3479161311962082,2.856379153014201,1.7534092595812174,-0.027245061614077137,25.393239196573983,0.031002283096313477
0.13963161076343766,-4.942569036554573,3.342444864614076,4.075716619278622,54.31686617879523,0.03200221061706543
2.9465945406715432,1.3771955855020304,3.9332318865513587,-3.391724972435182,41.18985555413395,0.033000946044921875
1.9945566484963138,-5.030021443343397,-2.1291575160191596,1.053386604047545,35.30796730936968,0.03400063514709473
-3.4107041688138517,-3.145930388054896,3.133874092495023,-3.960367223626667,49.638113000436086,0.03400063514709473
-1.5676278699505106,-2.644381595122945,-2.2716359689984613,-0.5448237956976811,21.530545520782688,0.03500223159790039
-2.8887056390190398,-0.23148522220004164,-0.48353782905510645,-3.871761414951644,27.043260210774655,0.03600049018859863
-2.8265526433448005,-1.051495315891244,4.2396796713028335,-3.341778850026758,41.30707051598304,0.03600049018859863
-0.7353463641375022,1.3127060324655249,-4.426279640579359,1.2799692993268295,29.051844555988286,0.03702998161315918
-1.1890761455959096,-0.26275920311775547,-5.101326359331688,2.2656506230166915,35.64030186412968,0.03802680969238281
-0.7204122255445213,3.240479037688554,-2.536217038209166,4.285988170050945,41.145258262398386,0.03902721405029297
-3.559061831819689,-3.4818928211595765,-2.6269519250749678,-3.9505655435401765,52.97004172439088,0.03902721405029297
2.458819268264884,4.935323031048262,-4.571075468407855,3.446452827358349,69.06998931107795,0.04000282287597656
-4.30067093339402,-3.699696925852237,1.032059988788478,-2.8707875923448736,44.4460222698459,0.04100227355957031
-3.8103382828617427,-4.1210204311280165,3.769733538303506,2.841763803420604,56.02451224291846,0.04100227355957031
-2.942731689576892,-2.671537680421565,-1.6594294688475593,3.582920502705041,36.33128560000513,0.042000532150268555
3.418880932315468,1.9769199941842945,0.9023878186819685,-4.275647102088093,37.91852024330926,0.04300236701965332
-3.5008233605266024,-4.293319723018232,-1.1595658736754277,1.8356131006110852,39.62076971717518,0.04401803016662598
0.042584876630613167,-2.5393281010831896,3.080788232661962,-4.095862099527373,35.024617198125625,0.04401803016662598
-1.9927464017002938,1.4283628065566418,2.1244191997300836,2.6861306044568893,21.322086723250916,0.04500246047973633
4.886772221675897,-0.7817435117948497,1.2857037539128235,-3.985152669941217,44.29738737373769,0.04600191116333008
-0.3108967754756735,4.427750922088612,0.6944396628293941,-4.82953872001008,48.64323992256297,0.04600191116333008
3.3103069855299294,1.1257311170496758,-2.3486651545847823,2.7777054263590593,29.531123428129476,0.04705476760864258
-1.8846326310662125,-2.088116183956356,3.0683713367507,-2.703856174904278,26.415365410368807,0.04800248146057129
-0.9436250385905733,-3.5425754546182873,0.5441465919791062,-1.150723923083588,19.46471956503246,0.049001455307006836
2.8635888528823,3.395370576369099,-3.595061103414845,1.0415331716910519,37.73560515586467,0.049001455307006836
2.2277575841509787,3.017148600954962,-4.9065977680665345,-3.61922873408236,54.005704037159575,0.05000138282775879
-3.5717147315628512,-4.230056508022934,-0.9654696052579199,2.975344977011326,43.2459585207036,0.05100107192993164
4.603433687520725,2.182679916245851,-4.0188543958101794,-1.2511912956249471,47.07252229107809,0.05200052261352539
-2.6676881205671426,-1.5202226288091691,-3.947291836187144,4.953087771282992,53.12566477996774,0.05300164222717285
3.7146508411001067,-1.1627855905579398,2.6867696959455323,0.9655194325483363,26.41127157377559,0.0540006160736084
-2.553893497352502,0.41485011321816057,-4.928352458095139,-0.6729813663570239,36.80439342210157,0.05500173568725586
2.7929865051315614,-4.271099615924684,4.01330078106636,-2.737823840463231,52.59061311653877,0.05500173568725586
-4.334654166752147,3.3847453043372946,3.9623095468540876,-3.6182008886787465,64.05779406786141,0.056000709533691406
1.2431893288003888,-5.090129508093733,5.013678152654168,-3.9055202547930703,69.13310116447347,0.05800008773803711
-1.1436484305138417,-3.922620835368763,-2.518966912012142,5.066590268207084,51.28586830828641,0.05900073051452637
3.2752585758535266,-2.9534364510828763,1.9031398394747123,-3.2054014883362285,35.450155419649505,0.06000041961669922
-2.4012576273921953,3.3930536993625173,-2.656231485448886,-1.6047376116110814,33.85266866766097,0.06100010871887207
2.4817477586355885,0.16295706577532787,1.5425664925639557,0.715324213632436,14.730812327290533,0.06200218200683594
-1.4390801003927156,-2.7071285425736105,-2.5976634823168974,-1.5133715349749814,25.445433632073144,0.06300139427185059
-2.265020402255264,1.669602919106679,-4.817260003897372,3.758656210415846,49.365054903654446,0.06400036811828613
-1.4084422192599724,-1.1430537879562466,2.537597442623709,0.5652236076651898,16.155102164006195,0.06500029563903809
2.0584561237563577,4.560676891786849,-2.3968817068365373,-1.4359650042010998,38.55644336151541,0.06600093841552734
-3.77241797659694,3.275099580647562,-1.0274375785200736,-4.98697341243823,52.91777890976529,0.0670008659362793
-2.2679732714047733,-2.968382939596648,-0.7771420567873584,4.592637677552156,39.44924641246149,0.06800079345703125
3.739239085494842,-1.592475030843986,-1.6569823438204079,4.761313229221538,47.317749746516995,0.0690007209777832
0.4651434755977757,-4.4791598614633905,-2.0161983594200463,-1.5069581121935625,32.586981702648856,0.07000231742858887
4.486784724448417,-1.2150074626801604,-1.716726232470291,-1.7908890899155514,32.493818963026385,0.07100081443786621
0.01618549815343151,0.09363742314601442,-4.3368070272899555,5.0427198132982864,45.97384160245717,0.07200074195861816
3.7998726719829063,-0.6802417061004764,-5.000026391315104,2.472563520006367,50.116921884477044,0.07300043106079102
-4.940147872349265,0.48837159694093035,0.34576004794414317,4.502553007298444,50.66921339599226,0.07400059700012207
0.8317822794021206,2.033413662393553,-2.6341005969753266,1.3129736110332324,17.070410764041444,0.07500290870666504
2.176442396655071,-0.7291378751497897,-3.4039615632693687,-4.991472700278876,45.279936787339025,0.07600188255310059
1.2788699197627862,3.2621730371009994,-0.5707153182788272,-4.337806438129919,37.1034182160858,0.07700157165527344
3.5245066741219455,0.137159877414045,-1.4807475107668795,-4.996849151512276,43.932060034304115,0.0780019760131836
-5.053087369643455,-4.296511507826789,4.035807608389265,-5.054671044054528,87.25798425056668,0.07900190353393555
-4.066117221071328,4.269700106026574,-0.4619850840463977,-3.1090861104212646,48.049463184503,0.08000063896179199
4.961717391154589,3.7672893046636977,-4.491552131900968,-2.554795757071409,70.37240777067568,0.08100199699401855
4.646123791387455,2.3226876076112966,-2.5668333458975163,0.12098193733718254,38.82131169920257,0.0820002555847168
0.7620388949840278,-3.953737165154476,2.390974423330232,-2.3231100580363395,31.510499160260775,0.0820002555847168
-4.272832630632706,2.6809686698348703,4.363435470195781,3.893493908208293,64.07637654686938,0.08301687240600586
