3.5309006106068095,0.30651020390176953,-4.870528897128587,1.8955520244747888,43.725996581972225,0.0010001659393310547
0.24161470717204736,4.204399390006597,2.7525181787546193,0.418931966330236,30.009169791261915,0.0020003318786621094
4.974510386916582,1.2901401550609046,-3.246503993103706,-0.1773572861653543,39.781090769586825,0.0039997100830078125
2.162242034960805,1.0066159679298918,4.989217165138343,-0.45268870155388186,33.221200475921385,0.005006551742553711
-0.6507365437090931,-0.11008639530909292,4.243426863356157,0.3434899097826847,22.887023997461828,0.00599980354309082
2.5838251074599823,0.6219177263871947,0.06947068928072753,-3.7263689914001974,25.780424677030055,0.0069997310638427734
4.160062127880294,-2.5468613343607007,-5.007506361379911,-1.5391796506235509,55.62924576255608,0.008000373840332031
-1.324209228860005,-3.5950094254261407,2.9869143544440293,2.072607034932754,31.2772319291467,0.00900125503540039
1.3965819395047614,2.3974538179560376,0.9378843504795666,-3.4074924942378355,25.69555689107286,0.009999990463256836
1.8615098977719367,-3.433848840316525,0.819317704611394,3.3185172890668566,31.205963547408032,0.012015342712402344
0.9998762191244319,-4.378837522490292,-2.49043550127981,2.896840446601895,38.6928788242449,0.01399993896484375
-1.7233462126383148,5.119802251768069,-0.8498190916419901,-3.6373642801767003,46.63500998247807,0.016000747680664062
1.9307763687036017,1.7845253868510076,4.378206536403224,4.982773123725278,53.51408422036819,0.016998767852783203
1.0688848868686902,-1.7617435711350815,-4.692855179169633,4.131764474532059,46.0340774943659,0.01900005340576172
0.539286598796509,-0.059672081484294814,3.4956854904116232,0.0766305732468755,16.672559216145874,0.01999974250793457
3.695379317412331,4.62207947697168,1.4978435408422346,-3.2384932168135467,53.7349495917277,0.021999597549438477
-3.458148570116066,-0.8375337733284898,0.9171884112218871,-4.57927561315474,38.925029723332955,0.021999597549438477
-2.5765714130918385,3.870745388488557,-3.3973710661505865,2.288149236839936,43.63428221565253,0.023000001907348633
-2.3139445312234983,-0.4016117801644281,3.1430434499734163,0.4109828561563713,20.994287874812755,0.02399897575378418
-4.804476863807139,-2.990844093013545,-3.4181751726117575,2.3125619786950544,52.9797903043851,0.024999618530273438
0.9829030518834676,-1.7363518829158027,0.4406465180209853,4.5921183374624635,30.122535119625415,0.024999618530273438
-4.013880645647447,1.6549105004176958,-4.146540874190644,2.44167449835452,45.900260934430946,0.02599930763244629
0.48363050257074836,4.182432887730017,-1.9966758591426612,-1.4492274291643144,28.346198037548568,0.026999473571777344
-2.544679140598466,4.57836135935347,-4.864946324371934,3.4179095530731525,68.8375122782687,0.027999162673950195
1.3366510333404094,-4.855948491980038,0.8122833247621895,4.923560277889053,52.90017102099192,0.027999162673950195
2.5157601995136467,-0.635578832167937,3.3982008048595516,3.9435550033552706,39.35063927375294,0.030006885528564453
-4.985482337146327,-3.493592977241717,-4.889063069991387,1.4597650462461953,67.29889245173229,0.03099966049194336
2.92834169028347,-3.899225200932859,2.581060842824841,1.902141831521635,36.408895750693276,0.0320131778717041
-0.17782243235818207,-2.190608402319802,0.30937507232715067,2.3962996206873495,15.025268620991632,0.032999515533447266
-0.029783911567638377,-1.4182334459193653,-2.5750599773918563,-3.213376226117742,23.520105527784555,0.03399944305419922
-3.466121998745059,-0.22342706417889246,-1.2935390151217763,-3.8835290665332884,33.15640201639337,0.03499889373779297
0.431098623316311,-3.00408149254241,-3.0908161010452373,3.925684177235797,36.34804626398908,0.035999298095703125
3.123544101045222,3.8963532383134227,-2.2124643263675607,1.7947214223687018,35.03426334013051,0.03699946403503418
-4.968155410484335,-1.6120632596432718,-1.1705603816604335,-4.603275763167169,53.94189449179333,0.03699946403503418
1.5204192210348326,-4.874397907801994,-4.05072137952683,-4.967487494565514,69.51420671159443,0.03799915313720703
4.576515578132541,0.7468262024283092,-2.438090820648117,2.4814687297497766,40.42932417884633,0.038999319076538086
4.756656804975095,3.173175603805853,4.127584366250892,-4.314139044268502,71.53423338889803,0.039998769760131836
1.3633003229347072,4.210148976506994,2.988838932347096,4.665017071674641,54.19637203993053,0.0410001277923584
0.2151026736101187,-3.9066134777750037,4.6961526908323,4.177770002185338,57.65876008673729,0.042000532150268555
3.796391302765417,-3.6718321144718944,-3.960646442235919,-0.6963289581649104,47.61207605871794,0.04400014877319336
1.7275204880843429,-1.6112509740129037,-1.3144981698993599,2.3806710040098187,19.00831004297227,0.045000314712524414
-4.483022755048804,3.489887331283371,2.9736647392519897,0.2116598357019548,45.93167022761717,0.04599928855895996
-0.366586754681248,2.405546841424904,-3.346950505408164,0.9740728174631883,23.155118190719723,0.04800009727478027
0.02583802205616159,1.460920061083998,-3.7614735529530092,3.204163636277433,30.177394960468238,0.04800009727478027
3.26536220805109,-2.557335569499532,2.1068490029515186,4.13310658936603,42.302950886103744,0.048999786376953125
-5.118672780191091,3.869000676107194,-3.3620233367752768,-4.069373529517958,71.35904258787018,0.05000019073486328
4.6820064181772105,0.5525859148637347,-2.975995192816775,5.064006732197753,60.17863360957564,0.05200004577636719
-0.01830923450751687,2.334840847856774,0.8368116180291381,-0.17999142426113401,8.754624018079188,0.05300021171569824
-4.986042563908703,-3.158530595785657,4.085437911369021,2.867523601779806,60.6782139584509,0.05300021171569824
3.0809310146535465,0.9647884991711013,0.8649706355168085,-4.530281362540605,34.16625760566632,0.05500006675720215
1.599880914145011,3.314155105765569,4.65983715951639,1.600931400857844,44.364287318836226,0.05700111389160156
4.7339570384092875,-0.7382096308000019,1.5678904307392694,-4.418802685651359,50.89709263424098,0.05700111389160156
2.407784471447533,2.438492835787006,-2.05001783411919,3.1067293432714562,29.626579164604404,0.0579991340637207
-0.031276798308236486,-4.26296676192717,-2.9355792017083635,-2.614165062787964,36.560354282720326,0.059000253677368164
2.2033132556078963,-2.104421907627114,2.7862436558291996,-3.4941945328597623,32.94777377424908,0.059999942779541016
3.5200464696407936,-0.5541416923167031,-3.3778093628644954,4.029961873804571,46.01990641836271,0.059999942779541016
5.031061153095474,-3.003687647846204,3.006820852033669,4.805882084206867,67.14741326941908,0.06199979782104492
5.061363812954128,0.7189596981661781,1.791181810274809,1.9638670818594246,35.23640844422867,0.06300044059753418
1.4241451928267281,0.5620873199242729,-4.295196191279076,2.8183735196311295,34.4131596422047,0.06399989128112793
2.0175769665919985,-0.21342323290028542,-4.383130142179373,-2.278333128367496,32.216462727266276,0.06500077247619629
-3.3645755158671395,3.0739768830570435,1.0324990083900376,3.3476972906675746,36.40503090093328,0.06600022315979004
2.040549465466471,-4.2407576928042,5.077651467698019,3.2996232997519153,61.21561416206359,0.06699967384338379
2.572689060545372,2.5526998124527758,3.385145330984419,-4.278298524718175,49.668818910900896,0.06800079345703125
4.774383954241638,-2.3922687563422453,1.6296495669326916,2.879732475778585,44.05155327417738,0.0689997673034668
-3.8387813378496203,-5.04505573397727,3.6216004786648535,3.5570110195187405,70.12617856997778,0.07000017166137695
-1.5113451941235194,-1.3320365554326523,-1.2408400193363383,-0.6419583701429534,12.071040627679654,0.07100057601928711
-5.08580637934582,0.8927764675984022,2.8118323552351194,-3.5060920835245737,49.842355077049014,0.0720059871673584
-4.791920790586117,-1.3221962162117977,-0.5877945121898529,0.13840731277942808,29.45979918137279,0.07302522659301758
-0.08656898794849877,-0.7586001029448983,1.3967222370807857,3.438455876970166,19.169990559094334,0.07399892807006836
-4.0186171241300634,-2.934587997032913,3.142229788115121,-0.29825268817524897,36.48575378018323,0.07500052452087402
-0.8939391499007048,-3.8049666495493684,2.4219749203216523,1.2978333551620516,26.880898099354518,0.07599997520446777
-0.31725371312567674,3.2119330903756973,-1.4056884578376145,4.144371867582813,33.95562184032043,0.07799983024597168
2.2476910054365264,0.23276943889778057,-4.378212959213877,-3.9907984084316297,43.8018657152635,0.07900786399841309
-2.823017217762458,4.786810201296752,-0.35561379843974184,-1.6170064073923385,38.30972955557969,0.07999968528747559
3.093628215188363,3.7728692264271357,-0.42829480228775463,-4.089996243497699,43.79736413358034,0.07999968528747559
4.1754212361493925,5.017891463467678,0.01716977949033538,1.2547436422599718,45.77834919799441,0.08299994468688965
2.182536851319931,-1.2890799539613549,3.3753790147095044,3.1714970013109154,31.943852890383308,0.0839986801147461
-5.041997915517806,1.3268645601906837,4.256530071649256,0.3442547018075812,49.51710689740542,0.08499979972839355
-1.2063517017748238,3.8853621274121926,-4.571295630052772,-4.57131951073324,63.12518685173832,0.0859994888305664
4.893377099101614,4.321054625391969,0.5780195178335648,0.8410462803721215,47.64688706365617,0.08699941635131836
-4.917832123801029,1.8378066516994185,1.802633799913373,-3.6275132419038663,46.94828343995886,0.08799982070922852
-2.9883680052223496,2.0566375834695805,-3.176379201813756,-4.38090004407545,44.79367131513703,0.08899903297424316
4.326705874484657,2.437063319500176,0.7912555449059262,4.512134786146404,51.7722191217014,0.08899903297424316
-2.6652059911572676,-4.671269073029942,-3.83702495978506,2.810512634480081,55.637428669779055,0.09099912643432617
0.5291366859686466,2.753020921433719,4.7143973182130035,2.119531589261066,39.032232473872305,0.09199953079223633
-2.1230237253663238,2.7246496677196923,4.23674511485564,-4.199375233160018,50.5625481968077,0.09299921989440918
2.3174748543373855,4.835557069235278,1.5574229097708656,1.9816006994954396,38.94721873849917,0.09299921989440918
1.6934487465360437,-1.807929403945888,-1.6458059477336011,-2.7118473313653304,21.037394274428337,0.09399914741516113
-2.0044853090879435,-0.6446682353456783,-0.1984098268880956,0.12511014623520467,7.078406414724758,0.09799909591674805
1.7907158655958746,0.30583616288633664,1.7595061842376358,-0.8206802449518484,10.670873248761085,0.09900045394897461
-0.8250667968047196,-4.09761611628377,2.5826995324211683,3.0781131198519356,36.33026913588924,0.10200881958007812
4.233597797748996,1.2455483002470702,4.651651718200118,-0.06822653686236269,44.65625899005006,0.10299849510192871
4.097314499575533,1.6070016409061854,4.66331851834985,3.743134708893332,59.65283162407874,0.10399842262268066
-4.048221571197556,1.1266988043893775,2.7514562746991675,-4.519416351087641,48.9826324622618,0.10499906539916992
4.528189374955445,1.6259300776049228,0.8590468912093217,5.011110673415701,53.054294696115235,0.10599851608276367
-0.0997498735643676,-4.981919398756782,-1.595013444770164,2.313704517349029,36.139971239041984,0.10699939727783203
3.957694387279756,-0.3875716062703276,0.31010696339532284,2.4520997239396536,27.042134921373098,0.10699939727783203
-3.6200707629315776,3.1983254185801124,-0.6156074971027854,3.0832934188538283,37.51095706329306,0.10799932479858398
-0.4098237810174732,-4.515110732604871,1.788548315834678,-1.3403830055050916,31.68695460661865,0.10899925231933594
2.4781327378355593,2.506065674022409,-2.5304259836089575,4.771399327754689,48.42839508520643,0.10999894142150879
