-4.384080366607859,-0.44972909487798063,-2.4738091387825656,-4.8187357106515,55.02708092607506,0.0009839534759521484
-1.72719487853343,-2.1353782230246026,-3.3379665675693815,-4.465516557469569,43.61078830253237,0.001983165740966797
-2.535103736651535,-2.7933727635713885,0.9221968388452808,-0.1449648691222709,18.311805951870575,0.0029840469360351562
-5.027499851189023,-0.8817673712679177,-4.828802611530546,4.767483494602758,73.79308875118629,0.0039827823638916016
-4.785450797311641,1.115525185797015,-3.093557678403316,-2.7866560486845806,43.45122918976109,0.0039827823638916016
4.7692929194738936,-1.7088797550654187,3.514732303852388,2.2450095434450583,48.15878092421534,0.0049839019775390625
-3.708088625770425,-0.04418979976968718,-0.5991434717719111,2.937304596497534,25.925967166879296,0.005983114242553711
-0.13870815225929878,-3.678965852218133,3.335446697145179,2.6301832394228404,36.58025332086898,0.006983041763305664
-4.840668776714937,5.05904981442563,-5.110770997926397,4.4296735134236505,97.4332546116864,0.007982969284057617
-0.9788628774767432,-3.5311666340879615,1.1412836783259124,0.8189738293607647,18.33912513985816,0.007982969284057617
-4.71129822577684,3.7565693900134915,3.0142622080409387,-2.0630058999119463,51.93078458853131,0.008983850479125977
-0.7667851060514881,-0.13924146873842513,3.1940339696699285,-3.091817096488997,22.43957804568206,0.00998377799987793
-4.8702984922292725,3.6406144073928397,2.2253663569477986,0.8962476935102348,45.72883161418434,0.01099085807800293
2.998258002600804,-1.3886620805847003,0.5421806754702319,4.516686448911789,37.33713112894414,0.01099085807800293
4.5313744850097875,-0.41485519427023654,0.5982185105406668,4.268441286521479,46.0549832968043,0.011982917785644531
-4.273832538623433,-4.78941386003873,-5.068392733975705,-4.578624499254903,91.73195786305558,0.012983083724975586
-1.0180398180181438,1.60575152784617,-0.8193562729252593,-3.066396525357124,16.146293803070108,0.01398324966430664
4.1405923164648675,4.5468123641978275,3.9192656250256404,-0.5378146179879986,57.888229600009964,0.01398324966430664
-3.9848487122358973,4.177206422539286,0.4622119460916885,1.3898536226952602,39.77821123388969,0.014983654022216797
-1.4674561988972088,3.7946867991281605,2.768860465843507,-1.301052659463699,30.811541953207165,0.01598358154296875
1.151161038683031,4.477868373291385,2.941900787972389,1.324217878127806,35.708789252819734,0.01598358154296875
-1.5966278414112556,0.8758382532153925,-2.7046361661280023,-1.4566734340705212,18.108094226668896,0.0169827938079834
1.4626721573685408,3.3533078150858424,-4.503403327241373,-1.639326093541102,43.569660185330164,0.01798248291015625
1.535629019537696,-4.493120719971959,-4.341402811403367,-0.5065079983543299,49.16714397396609,0.018982887268066406
-3.1183209787391863,-3.8791405258298353,2.0623680977956784,4.316783058136813,49.68143240685333,0.018982887268066406
4.327900834307948,-4.110837419242424,-0.3965791151942488,-3.6468999123181787,54.189497643412395,0.019983530044555664
3.9051208229682564,1.0668667799791702,0.314465363217022,-3.1861292088728703,28.901377059775026,0.020982980728149414
-4.7488419782932745,4.846562200261439,-3.3323870139950404,-1.2334479593987173,62.494993645625435,0.02198338508605957
3.917611008509531,2.686913933558042,2.4645917217889712,-3.446399825813562,45.95535023977367,0.022983551025390625
3.009808251820025,-1.0703591936429477,2.5393816470446415,1.7492235361036412,22.78531188725612,0.023983478546142578
3.6760089627086687,-0.6546108919580282,4.884676513743371,2.299554527470729,47.65959803996665,0.02498316764831543
3.644279177447797,-0.976740684247333,4.553557609205741,0.18592851067327842,39.18351367778489,0.025983095169067383
-2.3693538278240527,-3.7320146337911635,-2.0115092304644926,3.247253589033371,37.912301125056686,0.026982784271240234
-1.3435891592737361,4.49297759424685,-0.7407519632493713,4.437902626303189,48.7724482041208,0.027982711791992188
-1.0691998556024593,-4.8207913450231015,0.6534685985892361,4.2674297805386745,46.363277740777065,0.027982711791992188
-5.05160786367763,-1.3615459580046303,0.8534745153437653,-4.697339439739075,53.58252422145355,0.02898406982421875
-2.779593127860181,3.9560722334560774,-2.7052454373251686,2.5545746256198107,41.29312151276213,0.0299837589263916
-3.618170272780982,-1.8019656243082176,-2.816964837846569,0.6153321018710471,29.408493957215224,0.0299837589263916
0.3052019014742342,-2.624912368924298,1.8863174865629357,-0.879162545660912,14.88094462833129,0.03098320960998535
0.3988465088381332,-1.7762320165873957,1.8448083051505781,0.8326404641450127,10.994035019644713,0.0319828987121582
-3.326707709141047,-0.4343384970936599,4.065407138864589,-3.0137437140370773,40.3324316098075,0.03298377990722656
4.133061581017421,1.195946496117548,4.575479313580501,-1.7230036708167682,46.47114954128046,0.03398394584655762
1.810572129249488,0.005519268102841757,3.6410539378072313,-1.4149746153670542,22.659734028931076,0.03498339653015137
-3.230195292878493,-0.4216501401812298,3.1704656366274557,-3.286278891717364,35.96736068709542,0.035984039306640625
4.020336649282165,1.0637193155684663,-4.829413258572892,3.8680889754990124,56.51291746745141,0.036983489990234375
0.2681957484819666,-0.7938768440919315,-0.34715115092410453,-4.781114185058116,27.90256440084416,0.03798317909240723
4.699137694721558,4.904299333196431,-2.299582375498805,2.725227525688892,62.80010110163413,0.03898358345031738
-4.360787727060735,3.305392095269439,-4.316913384730367,0.6485662376813401,54.98395218092941,0.039983510971069336
1.2735057469048607,4.668336749547751,0.5146862975457065,-1.558330974734834,32.675853247201566,0.04098343849182129
-1.9404236156689825,1.2753356594485696,-4.888828914946154,0.8231179886517248,31.988435385923232,0.04198288917541504
1.9117103921994314,5.046107005307804,3.1249051469087474,2.291850536119603,45.879482926914456,0.042983055114746094
3.656367425042677,-4.898759179046586,5.053879850233023,1.3930366309589024,68.43895616852117,0.04398918151855469
-3.4603466188630883,-3.7424558351732626,-1.5995216522152638,3.0961095982147464,43.128482863628605,0.04398918151855469
0.3163751036014668,-3.1430554961200983,2.2103711747223285,-4.82709336533646,41.23590898818095,0.04498553276062012
-0.32282596758812954,0.22576166997031244,4.3422317986280605,-4.094015149100147,39.7782642636935,0.04598426818847656
2.426333873548227,-1.8555795490581337,4.356415250865639,3.6716783800037343,47.16124221150668,0.046983957290649414
-2.948197140582004,-3.497158846595714,-4.019618462353469,-2.6890739882564065,47.74389912459529,0.046983957290649414
-0.26065922643447426,-3.4740904004797324,4.916445409239089,-0.3924077052932393,41.43110684172873,0.047983646392822266
4.376060247088145,3.0594068938235717,-5.1111461147510235,-4.298462888923044,76.42504578570998,0.04898524284362793
0.8839237614743967,4.141222194937591,0.43046114878897335,-3.217854823860873,31.799271908004407,0.04998469352722168
3.9826536686158986,-4.227547825496062,2.5582727400140612,-0.4937012578581568,45.32045479677102,0.04998469352722168
-3.2994336343239317,-0.38327382296423274,-4.580147189282307,1.679609195930726,41.184382241323526,0.05098414421081543
3.6260817790250437,2.6401862942292142,2.3728179881355267,4.8263814312560145,54.617720737131265,0.05198311805725098
-0.18548992834904432,4.186496921959416,-1.1830615814882735,0.19994132157074418,21.500291267427617,0.05198311805725098
-4.674328883856602,-4.348984343326119,0.1455379957837497,-0.8007354063887844,45.54208716673185,0.052983760833740234
1.8926498307399262,1.7407620928190761,0.14900664311826795,-3.196158477935163,19.202296657319813,0.05398297309875488
-3.077081097297556,-1.0348507413273031,-1.8889963229852178,-3.9399293189343347,30.07348811413322,0.05498313903808594
3.9661939712296226,-1.089781280676994,3.0322975193646107,-1.0640778594358018,27.523298236986594,0.05598306655883789
-4.506557223668239,1.5110617915638382,-4.900087138177228,0.7072900178120287,52.55602261446868,0.05698370933532715
-1.8701925551499339,-4.297949817867497,4.925603872072643,-1.4677976646639643,52.08418597108592,0.0579833984375
2.042584122156428,-4.083037506085994,-0.8644763672430278,3.6809535920516128,37.07022278013581,0.05898332595825195
-3.402958065527015,2.0894149720030484,-1.1635207511507204,2.397789246323131,27.30621689836639,0.059983015060424805
5.029891292969771,4.213168451632142,-1.6030559193705876,2.788570329674479,56.74233646837075,0.061009883880615234
2.211890275472893,4.9613739997758275,4.796398579742976,-3.7399767339255625,69.06821063090648,0.06198310852050781
-0.8022774615149615,-2.8489017992193357,2.9350967939668644,-0.02594958773991607,18.565840593844733,0.06298255920410156
2.468589112107054,4.1031618746508185,-2.8673670234589674,-3.0611546209650187,43.10626189042827,0.06398344039916992
-4.074298941306703,-2.7242169215821272,0.6857271145362223,-3.623077794341111,41.99502468081107,0.06498336791992188
3.5442538472115777,3.526007393884055,-3.498583313045617,2.8286408212995573,51.70973487521067,0.06598281860351562
-5.018419068328902,2.818000012273842,3.671126008711153,1.5275241614770199,52.989088975079504,0.06698322296142578
0.3443180270526147,0.1704695017174931,0.02195294297191186,-3.814390719228478,17.392907216900916,0.06798434257507324
-1.0622042700014145,3.0058793247594826,3.1801054625043212,2.527298059720545,29.30013494563481,0.06898355484008789
2.5460379681616248,-4.309178017326701,2.735179098949186,4.0936752661043405,53.87373538965299,0.06898355484008789
4.988873457270517,4.812562440074731,-1.3934364565140442,-3.7453499953275333,67.45163265950043,0.06998324394226074
2.55688637443488,-0.5816604643427654,-0.9008076834168532,-4.766822525753615,35.30058933757652,0.07098174095153809
4.098659352157129,-1.813196033284425,1.9257133241440583,3.515471895764118,39.055189390364255,0.07198238372802734
-0.43973918850084104,0.9049659162702275,-3.6687463816992714,3.00825007493735,27.11379849009989,0.07198238372802734
0.34367684440534685,-0.19358601076125126,3.2727562326833057,2.4280013095913358,22.011721255120072,0.07298159599304199
0.922748617899928,4.917059180769388,2.194471195201843,4.512039772784093,53.106669188086265,0.07398247718811035
3.504070522329271,-4.376110836239592,2.731236117145757,-4.549676463536017,66.36906746983576,0.0749819278717041
-4.561738882295759,-2.2798340092115432,1.7333244167779167,-4.833602135130597,57.09040589309225,0.0749819278717041
-5.108482180657343,-3.989830998313009,-3.526995696607824,-0.34533740763339704,58.349266284440695,0.07598209381103516
0.2337696143078718,4.673800784662297,-4.121789395809985,4.5830918023906255,64.39738654698435,0.07698178291320801
3.484222864014945,-1.5160964782210855,-4.45621791797991,4.700190574404197,63.64828610418537,0.07798194885253906
-3.786773881772981,2.7611174998940857,-4.140878856685333,-1.7641622119895026,45.20174318404784,0.07798194885253906
-1.835531603184915,-3.476316817665605,-2.0474175601939972,2.8898704112660765,30.748320610573913,0.07898259162902832
-4.991076720218282,4.0883986060995925,0.3035836021570537,-2.4221893181032415,50.9501106727995,0.07998228073120117
-3.790341460464318,-1.768913046157698,-1.100490136696675,4.425806029912834,42.011348541904184,0.07998228073120117
4.251413522644634,1.9496587386446436,4.5226290637449535,-0.7958389786373727,46.72756875674886,0.08098196983337402
4.725283444969741,-2.5175881633076114,4.9571241940407225,-2.9719299594612343,65.27215810431287,0.08198213577270508
-4.074379169671419,0.6596655324141807,3.466443246624247,2.7094541094899753,41.267789271305354,0.08298254013061523
