-3.4474772381837164,0.39935404191358614,-4.731763132211285,2.8208443556961846,47.827753339702376,0.0009999275207519531
-3.4715929673415866,1.925908887292116,-0.19989843849059064,-1.0002654033055665,19.58247950959117,0.0020003318786621094
4.685069268922251,-4.8100721145927325,2.4950685303073437,1.9263038530530903,59.15570808188676,0.003000020980834961
4.039149566554703,2.054749165908744,-2.7459141030917893,3.837907038038135,44.39597855241802,0.004000186920166016
-0.37831407786684323,-1.0873332190282081,-2.356536581985718,2.1584726451160092,15.482775449663396,0.004000186920166016
3.8867121636353454,0.6590315652800927,4.709965784175121,-4.07355414266743,57.45605182334947,0.004999399185180664
-4.018318328218557,-2.3858429344592462,0.5083505959019146,4.938253496187387,50.317058986700005,0.005999088287353516
-0.17931916136523274,-4.397490592721203,-1.7192767802131317,-2.8529470518392346,34.42448038892303,0.006999969482421875
4.6582320370528985,-3.685007441461588,-0.1085702378510387,4.005272061216245,54.49901526866368,0.007999420166015625
-3.6975370330913115,-1.877362443851343,-2.153831151413071,3.3577189476289684,36.773881099266085,0.00899958610534668
0.20057253007523457,-5.112927722153822,-0.6147199162207251,0.5924671187462645,31.434099948878586,0.009999513626098633
2.146429941360396,-3.0772966406560918,-1.2414561503200168,0.9153732711718874,18.050301367568444,0.009999513626098633
-0.08998710930808151,-2.4914892234884696,-0.35976400855712143,2.3698382992460676,17.435466092585845,0.010999679565429688
2.882119198845971,3.7580893286949673,-3.8228818239650955,-3.7109236740209175,53.82737497656661,0.011999845504760742
3.645598935282199,4.229941812527392,0.26843131140124665,3.8506161103037604,50.09096838845821,0.013004779815673828
1.9754922877257162,-1.9150065752595928,4.990399747815261,1.533270332055813,36.95594550699528,0.013004779815673828
0.08978538239997036,-3.3774495306665866,3.733576470705965,2.9024341955482464,36.93689726928942,0.013999700546264648
1.5149421349289982,-3.050121297417232,0.3878226270708298,-0.5925521136720278,17.74193784511568,0.0149993896484375
-1.21013425954119,2.0428944532168467,4.707539185597759,-4.922965796651658,54.20109113133636,0.015999317169189453
0.723718424654332,-2.3374915356813046,4.618625180408968,-2.4571532752601963,39.74260649173069,0.015999317169189453
2.2594336481083426,-0.5352627192856465,-0.08266200521438982,0.8107088386258194,9.850033788676559,0.016999244689941406
3.188582078749824,-3.3442314703143,-0.9638602603276736,2.7113832683634813,33.079188118548814,0.01799941062927246
-4.423264581404298,2.2986826241781966,-2.6488221782885804,4.011574715713087,52.74173924579913,0.018999338150024414
3.2020507994022642,3.637819083014368,4.043802455058928,-2.504601725285606,50.50062686066608,0.018999338150024414
0.5227199255131234,2.9875515374778,0.9515567016679833,-2.288327291428855,18.617950687829396,0.019999265670776367
1.7929671113394718,2.0406838021391147,1.130746792969994,2.856600461241496,18.2817265607609,0.020999431610107422
-2.1648384798290516,-2.889803136558522,4.480466533283832,4.227455027541434,54.555102137428975,0.021999359130859375
2.7587487392736856,0.6682451368710325,-0.7040422146186636,-1.3209468080905542,15.45018580129903,0.021999359130859375
-3.1412893526707077,3.3592811192065346,-0.8221223806412219,3.1430827707028195,34.649911088634866,0.022999048233032227
-0.9237215374235479,1.1687663830063286,2.3158699799959326,-2.6488142624696644,18.218839511192815,0.02399897575378418
-3.5714617239629147,-4.1156781948133005,2.2773355209980943,1.10696409942331,39.647744312839926,0.02500009536743164
-3.13087788147437,2.82569650064812,0.7433115561108288,-4.036253552907386,36.560254651701655,0.02500009536743164
4.8765738232723015,5.105002850428806,2.6821942407508237,1.3558297414352465,62.400540794709855,0.026000261306762695
-0.19681982510374674,-2.6759579530148367,-0.5233002883116509,2.9701259785242984,20.422509552338425,0.026999473571777344
-3.7207884209902238,1.1975305359797064,1.3673319079927806,-1.9818334180131805,24.613121525081738,0.028000354766845703
-1.8102916322356823,-0.775404565176931,-0.24065600362715767,-1.448433641524968,10.394804011837682,0.028000354766845703
-2.6801943096318968,-3.192702227268728,4.674579983780762,4.092446981980394,59.6693478175728,0.02899956703186035
-3.1936893158960116,-0.9984000448469628,-1.1517786319441252,-3.161899769448523,24.069815997864616,0.029999732971191406
2.789567017492317,0.7427802177120943,3.9331093596173288,0.719024620140515,27.399471511104476,0.031012535095214844
-5.0923426920679695,-1.8189159751114081,-2.621874620280274,3.2039197642533166,49.55913442353818,0.032012224197387695
-2.894887851291174,1.472628334237827,2.907957495096256,3.180668012060951,32.058040529048185,0.032012224197387695
-1.3800315162780947,2.9442336281435866,-4.313015197558078,0.04382535194898818,32.39023029104905,0.03399991989135742
-1.0802731804198862,4.426886368365872,-4.41928680422961,2.36402459839233,51.43470883348563,0.03499865531921387
2.262684354726616,-4.926093838398137,4.8254129029279875,1.2947779253019887,57.354059076955174,0.03499865531921387
-4.554053510093365,-1.6105409115583207,2.396895024271621,-4.29869349483743,54.36693394043692,0.03599953651428223
-2.2641855970694924,1.504596698374022,2.248596966010161,4.54820462436374,39.16696342170489,0.037000179290771484
1.6270910483261343,-4.144680654161226,0.39898629022188814,1.7247925054455298,28.006145536458874,0.03799939155578613
2.7001241447863347,4.968727509756449,0.3974430027686946,-4.201840488784992,53.6213363956128,0.03799939155578613
0.012173540351552603,-4.35820367539019,4.59489006081703,4.23009285828537,62.335112907736985,0.04000043869018555
4.432757072814495,-2.867630113626959,1.0656604210402794,0.1409729367129149,31.717792462543716,0.040999412536621094
1.0572371836618677,2.4159872263794515,4.4318433942849405,-2.421957031670158,38.181574919149085,0.040999412536621094
4.480906460729439,1.008813122383268,-2.0910906161334384,-1.4177342655381588,31.501925751103684,0.04199957847595215
0.8688815005637824,3.863719303231723,-1.515634549921768,-4.987785687612635,45.521896623221814,0.0429995059967041
-1.6788679740448647,-2.7205211214282117,-2.0226087626490648,0.1539420045402391,17.393349319056185,0.043999433517456055
0.7825880253888551,-4.553452070940523,1.084931551872943,1.3202387576533967,28.57345385697947,0.04499983787536621
2.2784782491406554,3.299102171571362,-1.963461088765127,0.1881191793719701,23.094886180671278,0.0460047721862793
0.05514408701689,-2.258287036319718,-1.7808279141550751,-1.3003198792226982,13.194992107603207,0.04700422286987305
-0.8232406794896994,-4.539001889760532,4.892679887853185,-3.648844279503802,62.87116235867633,0.048005104064941406
-1.6375848824450152,-0.7183204766160225,-1.214597633505794,-2.1305581007054317,13.15637625691227,0.04900479316711426
-0.9117171673504236,4.60310751135503,1.0565134293685938,4.341953466369428,45.544466880095335,0.050005197525024414
3.257651512128727,-0.35435362999827813,-2.810161046561561,1.7591979940641513,25.96056716504897,0.05099987983703613
-3.4835412224438063,4.815094603652478,0.17377385955892333,-4.966519581779477,63.17487746591072,0.05200505256652832
-3.045078576127108,4.45094523045483,0.3490680787506344,1.796062631866569,36.72146726672397,0.05300474166870117
0.359821041001263,1.5910266338015608,-1.8778432713080617,-4.085951066765898,26.782229235568877,0.05400514602661133
3.278954977250474,-2.4130647762347968,4.647623502673086,2.5296907722309916,51.19203242662771,0.05500531196594238
0.4118099388057592,3.835022880865133,-0.5499526476017191,0.21236341538929437,20.28260428113735,0.056000471115112305
5.066014536821657,-4.172623501393234,3.910086029193878,2.395201281384211,66.66491593035047,0.05700492858886719
0.393393668648093,-2.29763766708696,-2.4260388063971536,1.5334711518915185,20.621809253820224,0.05800604820251465
3.9329070249516915,3.7435691065151753,-0.32916324228315386,-2.675749701369194,40.80492325299781,0.05899977684020996
-1.6618159182335357,-1.6017326875767135,-3.357618561711889,-3.7646342120024743,36.63598544708768,0.05999946594238281
-0.5018055054981119,-4.019696626157846,1.411581540332202,4.092991599556009,39.177999433619206,0.05999946594238281
-3.5195912684574657,0.2961915085522566,3.9500088749005196,-2.896159266536317,39.9984943433223,0.060999393463134766
0.3924131182121835,-0.965074798154796,-1.304264275926958,2.2423783748280846,11.905308431935511,0.06199955940246582
0.8760581079699623,-3.575152123423788,-2.1050118660188715,4.2439677533249425,39.342305812405,0.06299972534179688
-1.3158583350371273,-2.8791075803314556,3.645674620208749,4.624320827979777,49.69267311047619,0.06399941444396973
3.9347181362987014,-3.9338638941794395,0.48941229651710394,4.198115404711657,51.66657446428908,0.06500005722045898
-2.3960523409813033,-4.005397418695386,1.859157493606065,-0.4414832247509821,29.53024508205682,0.06599998474121094
-1.9658566672599007,-2.7229245569122007,-1.6702145855799806,0.29544149131912256,18.11026244850096,0.06599998474121094
-2.342793117633249,3.138039268360603,-4.3520552571608935,1.9308296692885474,41.599300516472695,0.06699895858764648
2.4518342106883306,2.08739420617416,5.020883770036231,-2.350523159227036,44.80354378303797,0.06799936294555664
-1.0615857423429533,-4.9629212155315585,-2.1836316209099387,-0.6028798670334892,33.38344108958549,0.0689992904663086
-0.7662069224351278,-0.9190517804013583,-1.4589918772461674,-0.7841013465096864,7.954484425002435,0.0689992904663086
0.9525032165629543,-3.3032340723999787,2.2034967706910322,-3.7244853337335826,33.789864381964705,0.06999945640563965
-0.5185745841998726,0.552200181224964,3.481863804305733,-0.7195785043565577,20.338401147043673,0.0709996223449707
-4.297350785026821,-2.2117334184647603,-0.1866266230385305,-5.047290156108609,51.58004647885201,0.07199954986572266
2.2319757218037175,-2.3517450129478874,-3.38180225910677,-1.2063746918531564,28.353945859622577,0.07199954986572266
-4.263435794167675,-1.6974077764844941,2.934870583373958,-0.9321907556300433,33.12127445521854,0.07300019264221191
0.26235533632855734,-0.7683523672690367,0.845905806615951,5.03685695360199,29.16709060968185,0.07399940490722656
-3.1646990512189763,1.4298027896726868,-4.86391294894337,-3.712356114513451,53.47067510707924,0.07499980926513672
2.3427438637685416,-2.64809791567513,3.9699152715850117,0.00530741832569781,31.427209993735552,0.07600212097167969
-0.843863026497873,4.2827718999772495,2.64805674779318,2.7611802944810098,37.866289479687715,0.07600212097167969
-2.905474484313657,1.570252629807304,2.2404840087200437,-3.3016968676292295,31.163227576296975,0.07700061798095703
-0.9453041424383777,5.0694295340401,-4.5508618655208695,-4.217718860239837,67.99226671219004,0.07799959182739258
-4.315970624980583,-0.11933125920761345,0.1025976201947385,4.267448201205069,39.84447636001907,0.07899975776672363
-3.6781943655617244,5.088371844900515,-3.0277601812650263,0.35581812471559005,51.93296570211141,0.07899975776672363
3.8427509772353696,-4.730566795352683,0.7990548566996827,-3.3856858104259797,53.26740346602308,0.07999968528747559
-2.039419814786243,4.329977524807849,-4.759099774188351,-3.868808955393746,63.30058142767353,0.08099937438964844
3.6959799538307907,-2.943418118827131,-3.6677607662915133,-3.4668208550950226,52.663148053974425,0.0820000171661377
1.7408334403262629,-2.6810848258883966,2.987476903722423,0.8399276496447499,22.794030120536636,0.0820000171661377
2.112667160572828,-0.3952613489097212,-4.250537130575579,3.499660483073902,39.96909304267919,0.08299922943115234
