3.988217866705363,3.7541876265107144,-0.4547859305374162,4.788381513267654,56.83275470016207,0.4267861843109131
-2.2954336820837957,5.12,4.836467596344405,-4.880729617568207,80.9999384881929,0.8533713817596436
0.3381194640263825,-5.12,5.06185396981416,-5.12,80.30794110178981,1.1663696765899658
5.12,-0.19893931472202553,-5.12,-1.2669513588807435,56.406564227686744,1.4703691005706787
-5.12,1.7253190649858423,-0.19014685404274,-5.12,57.77093205562094,1.6943976879119873
3.0377027412033906,-0.05932630297549313,3.7170520044106317,-4.742360739298408,47.88774368068107,1.9143662452697754
-3.114096872495907,1.5478732478499744,-0.3699084043188847,-4.647310524513954,39.31458676489726,2.140388011932373
4.43299873904559,-0.7802997893798622,-2.2884594783348837,-5.041341783820275,54.90882740338192,2.4420242309570312
-0.13591022227636085,-5.031250625563613,-0.35630787124019925,-4.7086869768546755,50.86889873548654,2.8117313385009766
-0.5465181419182175,-0.3837730566553832,-0.7221555900572785,-4.629994760401835,28.96553509512404,3.3767848014831543
-4.211768212455215,5.12,-0.6421081276993519,-4.991887434288599,71.9462132263499,3.7741589546203613
-0.7186550705915122,-1.007061567096657,0.7578459286475194,1.717768183286836,8.404215042456421,4.1882407665252686
-0.11513107725079053,-0.4246638839802994,0.02541564587570644,-0.16733396914347587,2.8790797970089104,4.583245515823364
1.3341376600699162,-1.3444663387263573,0.42053224066729555,-0.023145408565536485,8.71704201948436,5.013822793960571
-1.2421187023463194,-0.11733331259788748,-0.6251940612194087,0.2394651457895689,5.8551021248643345,5.576830148696899
0.07750302692272637,0.5073104690352794,0.32293006344735087,-0.17102598000892755,4.478362398397557,6.038995265960693
-0.8006317261086711,-0.6666833514289605,0.5077812949537108,-0.36930855657613826,7.347006913839447,6.449620962142944
0.28458407878290615,-0.13598727701173008,-0.4664493134295027,0.3575641841997319,5.607273910524943,6.90862512588501
-5.12,-5.12,1.9103501057316317,5.12,83.26022706188338,7.262296199798584
5.12,-4.51306350362727,5.12,5.12,101.82066959913932,7.670297861099243
0.03620992798356948,0.11574533155019484,0.538573768959095,0.7134908898756125,4.290762768112176,8.108260869979858
-5.12,5.12,-5.12,5.12,105.94172549031437,8.672784805297852
-0.02931106518316895,-0.4992368617187406,-0.25943492841478744,0.43806776245222423,5.510691276754919,9.167511463165283
0.39482091978492573,0.08256084181446255,1.0945005954462195,0.14330754501232956,3.8520762933572983,9.67511248588562
0.8702482762157908,0.3733486382045479,0.4182383791078541,-0.5771650906295118,7.17448186824933,10.264130115509033
-0.37872202602479543,0.2454201811125971,0.6852978571108004,0.5318104019398611,7.02631535453434,10.82327151298523
0.10668003931554626,-0.5814613447995853,0.7518290048438612,0.20306839247547526,4.742049933063279,11.354558229446411
-5.12,-5.12,-5.12,-5.12,105.94172549031437,11.848942518234253
5.12,5.12,-5.12,-5.12,105.94172549031437,12.423415184020996
0.029471294962000627,-0.8973409573955067,-1.3175386516943832,-0.1640318759660877,4.684383252085535,13.063582420349121
-0.031194965230497473,-0.27995741774390837,-0.5054931600686254,-0.591818362010109,5.728942909693723,13.691144227981567
0.9846479835118451,0.7030534412867064,2.5696769893744698,1.0605068569666312,12.464183845280605,14.428770542144775
0.0684462106577719,-1.0359127470235752,-0.7747326549905829,0.7805401167436239,4.058174424738597,15.151710271835327
-0.20855739786931515,-1.287927276208087,-0.48377151020022247,0.2662346507244395,7.082399120390228,15.75599217414856
0.7064766913407574,-0.21729748610549926,-0.3338158521339585,1.142604951393885,5.907238186310835,16.366851329803467
5.12,-5.12,-5.12,1.3561386329429066,82.91395038972864,16.931618690490723
-0.35179267629094646,0.03326451149880061,-2.7514562040053607,-0.03207474370804686,10.326116917458405,17.5402090549469
-0.16987993737629292,-0.23182965919075382,-0.4345092684034677,0.6722862731514159,5.512678858796908,18.077362537384033
-0.6294607932671745,1.0700392711856272,0.1284691404478986,-0.6744417615184881,5.560457725797917,18.60436749458313
-0.43725520825984887,0.5241923763077363,1.6610000625990127,-0.8768654630432264,9.720708094793533,19.153138160705566
0.08395673535034032,1.3137709620951918,-0.3033757220036888,0.36277972913853684,6.462579195352536,19.725736379623413
-0.0936030433918118,0.2732183652671436,-0.564532230440113,-0.32066376376153727,5.166784936444197,20.328152894973755
1.8530132893109235,5.12,5.12,5.12,83.2869562133116,20.898083925247192
1.4535096971258836,0.36039161010033016,-0.31623237492812617,0.43894291604632674,9.463756769717566,21.524070501327515
-1.4865739746241138,1.3794777193249423,-1.1439887840669485,-0.29099578153947014,10.866242177428564,22.092872858047485
-0.576577944192854,0.3146310533272336,-0.569010251925099,1.6084827597770888,10.307917443622056,22.689483642578125
0.33302153058806194,-0.9705370919896401,0.892394372608222,0.8337619041495836,4.777415126713909,23.335796356201172
0.5352238759685717,-1.6824315728131154,-0.17298072010654764,1.3172830544998648,10.214726008191565,24.040549516677856
0.4907704509507633,2.2210651782857944,-0.07197289838245435,-0.9351244031091133,9.053595455705448,24.692899465560913
-0.053866342834802516,0.7814052001492531,-0.9245716978986493,-1.2231409505704023,4.76734389501542,25.353151082992554
0.37509829839463915,-1.0980961187867493,-1.1794290356781136,-1.1840127676850067,7.199150390195162,26.025571823120117
0.28097550684584327,1.133933972562895,-1.5327147092137672,-0.9998079680865457,8.219610125829576,26.737097024917603
-0.5869963435423271,0.10148562221666779,-0.6991676500355632,-1.0496525920718822,5.358522005522923,27.477901220321655
-0.06794306499135772,-1.5415133162325274,2.423514322294185,0.4972470995450431,14.44405679311862,28.19589900970459
-1.2329768105138754,-1.1704616177338902,-1.555241018782886,-0.42099965744851175,10.719943542411972,28.888952493667603
0.19509869926554302,-0.4137820216880632,0.03811481916594062,0.021411578459720637,2.7674322130765145,29.674991607666016
0.22192380240823795,-0.4385573878912741,0.04277838863245531,-0.005057391058685745,3.0307559406182714,30.33302116394043
0.23371420952630118,-0.46028092495122586,0.059386647903379775,0.013200814006562922,3.2093039064594837,31.04692006111145
0.24892705328851772,-0.48709468732003725,0.08811071062769926,0.04601982743358768,3.4899648247506505,31.767646074295044
0.2645147889963084,-0.5107410574306952,0.14682070472571684,0.12237003532345359,4.133629286080604,32.476147174835205
0.7307990785238916,-2.4364760157368686,-5.12,-1.8320719757536628,39.861029738702825,33.237072706222534
0.022169905403713663,0.011723450663740032,-0.298249448923789,-0.30726419208948563,2.8470172011614996,34.072309732437134
0.02332161470598315,0.01696207777599046,-0.2948184638090501,-0.30652602085894554,2.8237377078636774,34.86302947998047
0.023806338782467407,0.019662560440405485,-0.29255672390788945,-0.3064971965905494,2.811061944374144,35.670151233673096
0.02395595582520471,0.021247449558762455,-0.2904114088088594,-0.30731912485608337,2.8036183221723263,36.55528950691223
0.02413562665204072,0.022079557734040023,-0.2883370450313443,-0.3090581901429523,2.8019816908740096,37.29220414161682
0.02459369557766511,0.02256972966996429,-0.28559382967750313,-0.3122281303281156,2.805005867304689,38.11524701118469
0.026498171886762734,0.02270006141955072,-0.28042516006374996,-0.31847245183171147,2.8123427077671725,39.110843896865845
1.4739966920158967,-0.10027456496669007,-1.830366745971948,0.7990272281425996,9.563118962523543,40.11311984062195
1.3700319489858002,0.9832663980472569,-0.22596066938440362,-2.700175301202268,14.033520176522872,41.02159762382507
2.369669842542203,-1.8787895974132471,1.4060413711047204,-0.35414343220385813,16.64623359443107,41.818599462509155
0.07982589452361477,0.0018808862315937702,-0.5678542903012724,-0.26521009206023916,3.5283146452463967,42.653196811676025
0.0889053239228943,0.1144435858465398,-0.1565357308120392,-0.5854119499382824,3.0931452073686483,43.575438499450684
0.0830569784588917,0.11716347529767024,-0.14934260520077736,-0.5913530318852791,3.0333028996614875,44.38728046417236
0.0701673434833685,-0.0011140193882726024,-0.5839036745828725,-0.26678851929764136,3.482207870780833,45.215858697891235
1.5532478874616364,2.0118389324738777,5.12,-1.8721633060816392,38.70342784229197,46.01204061508179
0.1347815731520452,0.04225529883290502,-0.11725172272388829,-0.621101129950997,2.77569850524816,46.81282091140747
0.13076972994013847,0.044731408404674156,-0.11254726244842672,-0.6268046628322814,2.721706401643714,47.66965174674988
-5.12,5.12,-3.2349515069891606,-0.0278518778525374,64.35741127916027,48.491976261138916
0.19145385767520828,-0.03361559478689813,-0.0816882391099254,-0.7108510444245999,2.5847333129294707,49.37229108810425
0.21273722903872905,-0.058890339567642336,-0.00871874815539897,-0.868149421129532,1.9636436085358513,50.40355610847473
0.48315115923541807,-0.1526848554807252,-0.12880690100863923,-1.905128366903579,6.805673857107141,51.2587628364563
-4.667952955722947,-1.125601655530994,5.019194764506737,-0.43819811789996876,52.1624665705922,52.17973756790161
5.051252345418059,4.663508187712453,4.969455666038649,-4.716840626666401,97.00122720942639,53.374868631362915
1.7972389192730889,-0.17974235904334268,1.729395925248598,3.6104650885932985,23.466673126383025,54.30508351325989
4.949506061641915,-5.083704210431425,-1.4638452589368063,-5.00697810847729,79.71465005228865,55.239389419555664
5.059897646477386,0.6129340912898877,-3.602940369504341,4.914504206281838,66.8792702186072,56.227033853530884
0.4631016650546247,4.824950584012083,-0.8895355502615407,0.1159590721163859,27.304100733779915,57.137624740600586
-0.14459275320763254,3.3759841912337007,-4.775886955987404,-1.4625527287549205,41.27338290935056,58.01302099227905
-4.937772725182689,-0.09053939690600465,-0.5451567720755692,0.6561046545841718,28.866772795291595,58.91888666152954
0.5284504287355958,-0.1108468422825517,-0.22880476552653928,-0.9154148842920442,4.4039909017401015,59.7929265499115
