3.8848629087475777,-2.8795350320771758,-2.242946047635937,4.347907017727324,50.375266340324146,0.3895599842071533
2.600763863822838,-0.6450110966146152,1.8407645668864117,-1.3197526726953224,17.61370786927305,0.6862227916717529
5.12,-1.1587205578050095,5.12,5.12,81.25633051188423,0.9250612258911133
-5.12,-4.757756085350831,1.927669924502661,1.0325104306669664,54.97724354230292,1.1619837284088135
-1.8440870315329136,-0.4197457080966327,2.5782436881137203,-4.975975080306475,39.19565932469308,1.3988971710205078
-3.0562265800776633,-0.3646664607810264,1.365607481871069,1.0486474797544023,15.870065969822443,1.7262775897979736
-0.6186212097065891,0.9560957106933134,1.354016975572998,0.30151849658052665,7.919858303813777,2.01511549949646
2.020340133992204,2.174596291607404,-0.5000266296233375,0.38688583158994483,13.520150960049953,2.2881362438201904
0.34549368557295335,0.4717879685684583,0.6791550364314647,0.5298994571269295,8.04595374833298,2.531555652618408
-0.5653611536500343,-1.6883206429075819,0.10662703866931,0.12332338044155478,6.993038952492515,2.745971441268921
1.3287993821031572,1.1931517923556534,-1.9530348109530529,-1.4237171540628162,13.086665607521356,2.9546849727630615
0.05185035862557541,1.1835695621502182,-5.042281659893546,-0.6228679808418249,29.614911188974816,3.1916344165802
-0.32614749806508847,-4.336000461583815,0.6257284748936858,4.4277378705938935,45.48106269534502,3.447509765625
-0.9392786948859193,-0.023637567812399674,-0.3138405332801826,-0.5339258553003425,4.717104273855355,3.7170042991638184
5.12,5.12,-0.30178251232237585,-5.12,80.86701588862945,3.963771104812622
1.0600867576771114,-3.4782479621662143,4.580142166633153,-0.727791416353786,39.80543889468032,4.235614776611328
-0.7981584405804059,1.3372916429911879,-0.5188046705974587,-0.23770530638865672,7.890312802132942,4.55324125289917
-0.1613613656252424,-0.6368989863596131,-0.40993248797040316,-0.6267642988285278,6.659611193125333,4.904242753982544
-1.5666176120738675,-0.7890731109665152,-0.9082452317696337,0.26700805969085994,7.91204830426913,5.14173150062561
5.12,5.12,-5.12,5.12,105.94172549031437,5.469223976135254
-0.31414076173589667,0.5763757140663301,0.14997883425387837,-0.9675375602371936,5.101588935355719,5.811223745346069
-5.12,-0.10661881179477195,-3.1610179564781626,-2.8314529752620308,45.701930118840785,6.14222526550293
-0.8468420923757778,0.21897790015222984,0.09343552925240584,-0.31177585044705936,3.6516333512420687,6.499566316604614
-0.3469228002874658,-0.06750903473973846,-0.37845610167532584,0.4079609874211281,5.654916501777784,6.916461229324341
-0.9987807959475496,-0.17183244909454665,0.3397913902681413,-0.027773971611207315,3.2216236269844294,7.28546142578125
-5.12,5.12,-5.12,5.12,105.94172549031437,7.724283933639526
5.12,-5.12,5.12,-5.12,105.94172549031437,8.230085134506226
1.3721207095225214,1.7418990152315068,0.9837548162214809,-2.0391476101790893,12.8232049622303,8.646787881851196
-2.713897460741918,-5.12,-5.12,-5.12,88.04643212102474,9.051840782165527
-1.326934023337917,0.06495612138608209,0.4627232661790064,-0.32541243488979443,7.060893638934351,9.42202091217041
-5.12,-2.111255959729446,-5.12,5.12,84.14823672717515,9.756072759628296
0.38462593163747893,0.34226856584261967,-0.0826668944502984,-0.4569372813565966,5.872578857763407,10.188166856765747
-5.12,5.12,-5.12,-5.12,105.94172549031437,10.521342754364014
5.12,5.12,5.12,2.5170619214254453,87.78615407063002,11.025949716567993
-0.23617170098129758,-0.8759322834681402,0.16877364576633003,0.9151644275586817,3.5412726887148724,11.50253677368164
-5.12,2.6887784958757566,5.12,-5.12,88.06107353391178,12.03775143623352
0.229456232591704,-0.9881759812681494,-0.34783382241032523,0.9884147841034281,4.580498559934644,12.544520616531372
-0.4991004679964366,-0.7336164241504477,0.1679478502103917,0.7518371122386567,5.978948111617517,13.080511331558228
5.12,-1.6813451094697287,0.44215691697302884,1.1136562195533477,34.34521464879878,13.585912466049194
0.8124489181274397,-0.8852046147589352,-0.7239681675554541,0.431151968485052,6.091054477652774,14.08231520652771
0.5300613041741977,-1.3234267893250582,0.5108839131505851,0.7956205023221905,9.068743586227137,14.558218240737915
-0.21588068976250696,-0.026283279508684032,-0.8446814748894331,0.7284283771076421,3.6669523381070945,15.113084077835083
-0.272727451364859,-0.07414925861827193,-0.7202921309290176,0.5161974358835035,5.294458091905123,15.670953750610352
0.8855997359180332,0.07440572182598615,-1.3192593402259467,1.4532989307752118,8.375873772698299,16.475032091140747
-0.3283046219745662,-0.36246845790425297,-0.4007522977793796,0.24521005332552903,6.363281513566935,17.001795530319214
-0.570202388682918,-0.8036596664943412,-0.5591214325302101,1.6594598317279612,10.081389663675527,17.59412384033203
0.43342447940521733,0.3642745534731935,-0.4845876961165736,-0.11338291362485542,6.378421170719851,18.15527844429016
0.06585624458808681,-0.6126405069356347,-1.1131230465536062,-0.21523991809738074,4.534734581298473,18.72246766090393
-0.14130759200752063,-0.5250048558625089,-0.10379734755362069,-0.15818328255402303,3.3478118864969755,19.285654544830322
-0.1401548054729318,-0.5233660056186853,-0.10440246360268635,-0.15758379275315626,3.3408227052887227,19.883219957351685
-0.14843347808598395,-0.5288827878194704,-0.10310740184966338,-0.1524218097305452,3.3506773214884245,20.81237244606018
-0.16303014541499383,-0.5388311139031359,-0.10096371658578729,-0.1446214834304813,3.3785272429018693,21.405586004257202
-0.18265191304501016,-0.5517678694829273,-0.09885857879747917,-0.1349317585432912,3.4278652216634224,22.12460708618164
-0.16668403767050055,2.2196517700096896,-1.8357192701633291,3.016339263453415,19.225708780311876,22.747956037521362
-0.2147674315451784,-0.7222108824301623,-0.02504162112171837,-0.3576430673916624,4.2886950631865455,23.401955604553223
-0.28406703138834555,-0.6531674078705176,-0.02878421831486211,-0.19690725082833005,4.0197820656039775,24.001007795333862
0.060483035815330766,-0.8948744349750557,-0.13926214907151024,-0.6232149525035497,3.567926744210098,24.631970167160034
-0.28344900202403966,-0.7089145360483657,-0.04512499198025122,-0.2515613103627956,4.161870551494717,25.256985664367676
0.3038232434392656,-0.9930674826391819,-0.30702818177337754,-0.6726258899239177,5.775834821779508,25.916597843170166
1.909872668148445,-5.12,-0.07840829293319995,-1.5680793498033485,34.78298519406353,26.636544942855835
-0.15342851090999865,-0.4189748574395322,0.39822569708334843,-0.87156346386669,5.530988940641977,27.39347243309021
-0.7723746744765494,-0.43411101789282824,-0.5717073940064203,-1.1109472859894227,7.254970306215167,28.023415088653564
1.9713520476843147,5.12,1.0488138434862977,2.6395328954516426,40.14131051795464,28.8627028465271
1.4811900204674133,-0.6632494425258635,-0.4446926837090821,-0.5316407056553905,10.546247355526663,29.578697204589844
-3.18396889136116,-5.12,-0.10023855560597905,-2.671281858674048,46.032343641556665,30.79770302772522
1.0252543073179927,5.12,1.7719448054219171,-4.914588499502995,55.84523936047344,31.814751625061035
1.7448459053959162,5.12,0.13174307530342144,-1.0192637499411363,31.949345533577425,33.1441707611084
1.6108420586083927,-2.1329198098464963,-5.12,0.7284025393872859,37.39151620039209,34.120835304260254
-2.2086875208588483,-5.12,5.12,3.0135566472806916,67.6776436985954,35.09483814239502
-0.476779945719799,-0.24835825609713336,-0.0042480161009361694,0.0459183092720048,3.311876564663681,36.23583388328552
-0.4789683549445378,-0.2574791736430262,0.0007097241890985373,0.04188877172280048,3.370164820794186,37.320833921432495
-0.4809527317878999,-0.26725704268497985,0.006289750685344764,0.0375014509477003,3.4336648316187364,38.585834980010986
-0.4826578351842912,-0.2774390532734605,0.012473482621040866,0.03286445262031723,3.501101547006822,39.93983459472656
-0.11528719614253546,1.730452864060644,0.010046574303174793,1.645238351423866,8.701976364593165,41.25083565711975
-1.245376791616831,0.7845936389969692,-1.9085824711482098,-5.12,34.21045167480528,42.20457744598389
-5.12,5.12,-1.0703186997535497,5.12,80.69790359940713,43.388577461242676
-0.47522734711968617,-0.22262118491907135,-0.019082178887655843,0.1053040226533346,3.3217823680509175,44.41557693481445
-0.4784073053209026,-0.2379739853595506,-0.012034907417413088,0.09972100269732209,3.403726812867885,45.55557918548584
0.2573922171954779,-0.40466472771255546,-2.0939401747160282,0.14130267833793297,8.044979589892144,46.586578607559204
-0.8211827860604988,-1.82730068133141,0.9423066091490515,0.0944909699772234,6.247036837917561,47.61058330535889
-0.583680520361229,-0.5771073564490328,0.1660188723327316,-0.04340979394356115,4.986478479811846,48.38857674598694
-1.066592672304342,-3.5805414172044863,-1.7913958240200554,0.9054863477326602,20.86186037126951,49.81957793235779
-0.5868176482968819,-0.7091257343516046,-0.05495481352982967,-0.015156227254977672,4.02289714520473,51.080578327178955
-0.5006924986807562,-0.4305830337174106,0.17899548577338376,0.002081618476378111,4.943113615008723,52.16257691383362
0.14075497074716026,2.935285108168517,-1.572283412826593,0.1395163293515349,13.833886968969166,53.26257848739624
-0.444885809678647,-0.9083698069411312,-0.34611988326413456,0.03067588681331479,4.832047675715332,54.27157807350159
0.8078123018531143,-2.8452927684373703,1.7601256491784376,-2.6849543987996447,22.47019289527877,55.73857855796814
-0.3720053444615914,0.1131138379515857,-0.21443497188749738,0.17404603433757337,3.4823096111340304,56.8981716632843
-0.37639723650046086,0.1051955350168381,-0.20462919671932234,0.1719007173221243,3.395567858697574,58.07838034629822
-0.3819438790188441,0.09843443655590889,-0.19403397879145956,0.17029770707468295,3.320180094678231,59.28728199005127
-0.38848758619986423,0.09208722790061419,-0.1823446381088516,0.16923227412555963,3.2501055922754563,60.949909925460815
