-2.2399750037717507,-2.4945125323404223,-2.6682054466233454,3.2113413692790695,33.85965867172651,0.43109560012817383
-1.3052611729799843,-5.12,5.12,5.12,82.50028229456476,0.8970961570739746
5.12,5.12,3.1243930251017806,-5.12,89.5083275422513,1.184095859527588
5.01187271912243,-1.4469004399629801,-5.12,2.9733678337569946,64.50034410013664,1.602095603942871
-4.15385866654602,-0.13966011788228183,5.12,5.12,71.03784147437631,1.918095588684082
-0.32542869505181127,0.13657523118763137,-0.9175380486432756,4.678931311030271,26.2244597739388,2.3885338306427
2.4461254084343578,-5.12,0.24804770958496558,5.12,61.94690612343069,2.721534252166748
-3.118966975311009,-5.12,-1.2306284234940983,3.4731234910295106,52.92138344398592,3.187180757522583
5.12,1.5613969428190249,0.6306309419030285,1.9127323693700848,36.734391630781275,3.6222901344299316
-0.2253241788348168,0.21078855438107436,0.1958430129449127,0.5524684015537478,4.652868519249294,4.0092902183532715
-1.261159633254676,-1.2942138461984163,-0.18289077914508578,-2.409449249540998,13.881906073296307,4.4521143436431885
-1.0881528612650149,-3.02255728726702,-0.5064603806575407,0.48511192435271155,14.96610650807376,4.842263698577881
-3.6273801618038632,0.7516940176681919,-5.12,0.5508387509416783,45.14700992311341,5.1773152351379395
-0.5398262217808902,-3.676552756536593,0.7997157855511361,-0.3191480744754447,20.077595337359575,5.592965126037598
-0.5834991897398041,0.2727117406789761,1.2474952113364157,0.6361882727772317,8.023500590372533,6.038388967514038
-0.06348597555150981,-0.44716174627126026,-0.2284833027619193,0.24038699041792277,4.142732802528039,6.514744520187378
0.8468732177736591,-5.12,-5.12,-5.12,80.60170959142957,6.897524118423462
1.3726919951392018,0.6274547159839043,5.12,-0.2938738091226938,33.514860689657006,7.324465274810791
-0.7467500513789851,-0.2592324576791025,-0.33639827643027864,0.22026046157563162,5.195721211989846,7.9144651889801025
0.2581269321463253,-0.08545568723655972,-0.010502945672534736,-0.12398283718805825,1.5717392802318,8.594998598098755
0.7338296745910062,-0.149090891557206,0.18797698625667536,-0.7268899922792675,4.398249996645033,9.003023147583008
-5.12,5.12,5.12,-5.12,105.94172549031437,9.429948806762695
0.407846676758818,-0.8599507273776785,0.5029557247973289,0.09353754627950739,5.535000822972167,9.874137163162231
-5.12,-3.529398810378452,0.524518396601394,-5.12,69.67378349796586,10.292189836502075
0.361645837108874,0.14482214045176978,-1.0333818255234322,-0.5661501940317946,5.508509570596665,10.701190948486328
5.12,-5.12,5.12,-5.12,105.94172549031437,11.106944561004639
4.474584898237134,5.12,5.12,5.12,101.46548110463229,11.556195259094238
-0.0637692801081009,0.7856811054289166,0.14898534672611063,-0.8031426550292586,3.2248142163711506,11.968194484710693
0.9183692555034808,0.9960887362206732,0.17931595137576917,-0.08812146919108965,2.724234118758666,12.36824655532837
5.12,5.12,-5.12,-2.3702575991470436,86.76014128001327,12.764195203781128
0.5077903509027264,0.859670869314832,-0.009055379126070129,-0.03976070343589111,3.3941832115054362,13.241215467453003
0.9719888574351998,1.1769477805933652,0.8807444262089197,-0.6212506350411697,6.055431540311336,13.698130369186401
1.054386794195211,0.3938246247136261,-0.07036148275036425,0.7738150763035296,4.661063656147673,14.190663576126099
-5.12,3.413081836856281,-5.12,-5.12,92.95996634963448,14.73850703239441
0.323175501845423,1.264587822174219,-0.38763505957811617,-1.0505204344778392,7.30367115356181,15.259223222732544
-0.2669287562161653,-0.05881227641215059,0.17568220899502496,-0.5858345592330947,4.030338362782125,15.808745384216309
1.0269156199237974,-1.5236105548299008,-0.833959800043524,-0.9273982892052057,7.533632546134185,16.31271982192993
0.8630334357288225,1.49486952471187,1.099817849709578,0.9414245050318959,7.680105204700485,16.881291151046753
1.0644334903956176,0.2084863346362127,-0.08912420543492061,-0.18222474272803613,2.7802277191251097,17.416053771972656
-2.2968259131802844,3.5861516480385864,2.3969109336402736,0.4229089073537535,30.889374339628855,18.018051862716675
1.4119270771437797,5.12,-5.12,5.12,83.30058595276527,18.54605197906494
-5.12,-5.12,-5.12,-0.28315266737498845,80.74327075610205,19.094760179519653
-0.1094308179988932,1.1562404285640273,-0.5048852451634529,0.7511389415064329,5.831950531321159,19.656447649002075
1.90366379295663,0.40699671737865195,-0.3053594953058356,-0.40209890217698074,9.213805037116245,20.273895025253296
0.5595432458886158,-0.7434511145651577,-0.9400842246914047,0.7560092778537326,6.325362354453974,20.878510236740112
0.3419700715727636,0.35343753428246405,0.14819388098505204,-0.09742587533510783,4.0093266661653235,21.46268892288208
0.5350509836759292,-0.30237735256792586,0.8879961764376825,-1.6186151125667676,9.057669374306766,22.021206378936768
-0.7015135019901555,-0.6461091137393247,-1.2483981343066386,-0.6663093791171031,8.311267291747209,22.548455238342285
4.798666324953113,-4.818416396443764,-1.7868032900032826,-0.35094554576803816,53.20576664818379,23.150323629379272
1.3150396103977844,-0.28963494504684384,1.1844562091221098,1.2912568644759608,9.383392025219614,23.672834157943726
-5.077131642643469,-4.528808744815478,4.95628228003202,-2.013786540354646,77.0474998055347,24.253691911697388
0.17742136199365088,-0.31421614261178465,0.06429532616266886,-0.2683007530850796,3.35379927954689,24.94136118888855
-0.7163433670886521,1.1590956584420757,0.23948325410429572,-0.2268962009237292,5.42408045978255,25.571029901504517
-3.768213355546023,0.7193853406861832,-0.281299149838218,-0.169974468590242,18.615451893637513,26.16386389732361
-0.5265550113142341,0.24808003006602686,-0.11713013678988915,1.3509216102122812,7.002829085013801,26.72148823738098
0.26919059920204624,0.5382016129522995,-0.18059837857128436,-0.03141395448717965,4.084386472631459,27.255653381347656
-4.915613110410877,-0.9851330006202366,-5.118109739794429,4.993145079210467,76.66582761302203,27.7858407497406
0.2896922250539742,0.19751323814531396,0.3738093298267895,-0.27815417659850716,5.140787650705796,28.336715936660767
-1.3642717132847615,1.6453956461649568,0.8611778958393472,-2.5588896692512826,17.416134250773876,28.957610368728638
0.689391786394201,0.9923851416094909,-2.134609956986622,0.3145056886151485,9.219529583470598,29.549066066741943
-1.0426784146981536,1.5072232552360978,-1.0052849254832257,-0.2276558582719579,7.316654082963458,30.168294191360474
-1.520527952066237,0.022018295057513626,1.4087994947078872,-1.0111715965178085,9.16364671397574,30.72260618209839
0.6381096788674139,1.646096854963262,-0.5638965996393788,0.6504959488458395,10.617667868650782,31.36398220062256
-0.09734578433504026,0.34030676770277424,-0.012055946464887057,-0.8913351373100662,2.8656895759711545,32.00304365158081
-0.2995385071413992,0.06604083107890091,-0.36753538967573185,-0.3369346140173306,4.926455396187176,32.616209745407104
0.7645944600012253,-1.5706635919868877,-2.883781777038335,-0.13431783835687305,14.787751988522508,33.25078845024109
1.0815000330838656,0.021292861203302316,0.9998291610552101,-0.5665120683605549,4.541839510899624,33.988789319992065
0.41992419938412606,-0.7081645795253708,0.03694912567686881,-0.24457605810010907,4.867691167284962,34.78194785118103
0.7268721578875956,1.3012297122415353,1.3618516357926964,-0.42621381526173074,10.259789581173873,35.4448938369751
0.16400418529656324,0.1531246261453001,-1.0718530032992986,-1.6486151694187816,6.525932188505835,36.118112325668335
0.978084929629115,-1.4252766829752028,-0.005097960901321308,0.5578437406332668,7.135730366702595,36.82316470146179
-0.40889406874547696,0.31923206984037833,-0.35314067412107963,-0.6139387292137792,7.390863881294018,37.50512170791626
1.300139247059966,-0.11809225768516995,-0.9522554572718285,0.12374620650481027,4.5311435389018655,38.18616533279419
0.1759442175366983,-0.4344197258559328,0.756242594697305,0.24753615804655382,5.265764464843775,38.928733348846436
-0.43914561223038984,0.020367605478538664,-1.2571243731193964,0.3885182447666864,6.669830394224679,39.70465898513794
0.7272353479912761,0.23104926985742757,-0.4880287396003675,-0.4312903566232409,6.935617747155902,40.43512415885925
-0.011966055530964859,-1.2215473138495248,1.7361832967794193,0.14736587598608786,6.83898244694791,41.21300768852234
-0.5422073424930502,-0.9734409765781615,0.9230860544939006,0.5319635852176825,6.449999688817937,41.96737551689148
-0.4381682402326659,-0.6309832262017077,0.457622598762188,-0.535006849611035,8.631958583120406,42.688376665115356
-0.716345818180657,0.4062687465697534,-2.328282697244063,-1.8481118366466815,14.450165669499867,43.4945912361145
-1.5569891027295313,0.6404703840828674,-0.5028518891343365,1.436830594617228,12.645578653193185,44.26135754585266
0.6177152144058553,-1.1740043373048548,-0.023369583917419945,1.2021914436689727,6.199701550546132,45.14387345314026
0.6979006461694208,-0.1509935032587295,0.19881914098459674,0.25626968451110166,4.077197240284367,46.01572608947754
1.7290868396490904,-0.36222445046069307,-0.4292172702524484,0.7358978807042202,9.617087475611147,46.869378089904785
4.906473689276479,-2.114212144810862,5.0742465076667935,4.452992554853091,76.59842478213974,47.7740204334259
-4.812192429715739,4.941811923125598,3.0161417457503417,5.0009576864021055,82.37574232838458,48.77007341384888
0.3411684818747416,0.16130002461302517,1.1885233078732371,-0.17396927206978408,4.761878809943298,49.82507395744324
1.1485222857443596,-0.8077347573597002,-0.5452585212997212,-1.9799581082295261,9.2067118175971,50.754355669021606
5.050832034888615,-1.3626817149358166,-4.062673288861703,-4.464437702509769,67.55688938203201,51.705734729766846
0.575546258785212,1.3068037722112766,-0.458301688154787,-0.9012111421129543,8.452441848972095,52.73759865760803
1.3137129951894098,-0.5114561929753769,1.0144611590110602,-0.7599428821656042,7.922890713656677,53.767600297927856
