-2.4280736238630296,2.863332663599569,-0.376601993364849,4.572332632265353,41.00113819973491,0.32400012016296387
-2.946983732714262,-0.21211652992590402,2.9275335312415054,-0.863821445929764,19.31167002555727,0.5265395641326904
-1.9277140790660536,-0.19798420147791074,2.317326846363337,-0.8007419359537877,12.643889896306952,0.8845391273498535
-1.9203089999859504,-1.1963251836874456,4.447604257710483,3.695415195905599,42.63050479591622,1.2755374908447266
-1.7960277892371392,-0.9085913454080412,2.9905139095581257,-0.6886192297476645,15.721837642895267,1.6585428714752197
-1.9310710839652594,-0.0966009322046455,2.234333907253091,-0.8235946499000963,11.135487277329103,2.012538433074951
-1.9372143174198015,0.1393494672546396,3.9482332644322833,-0.8201289206470541,21.09553598013464,2.4774906635284424
-1.9121317142447252,0.06935033575636229,1.8962696361576654,-0.8154718503649203,8.969017464592678,2.908492088317871
-1.9084086285681456,0.07966741345595629,1.8683941344498658,-0.8212362753289222,8.98750445364573,3.2594900131225586
-1.9245560016519687,0.2814742242264403,1.6041636879483079,-1.0790846984468878,10.741945806329772,3.9404897689819336
-1.9130404951124245,0.08800595897291963,1.9205674162970094,-0.8498825040985336,8.907757489396001,4.398544788360596
-1.911142887854289,0.11063381906060421,1.9395616646645717,-0.8825605838037394,8.920750748453246,4.983974933624268
-1.9187597999639872,0.09383871750590078,1.9739384635493877,-0.8787029561448483,8.94532222605759,5.44997501373291
-1.9106457276423434,0.08264413731654141,1.9222825000434547,-0.897783842269666,8.760026064727322,5.832158327102661
-1.9084464480451504,0.05627478273312114,1.9031216103641757,-0.9929524615618179,8.656557256834974,6.268157958984375
-1.9086540687495979,0.04647221646843125,1.9078520558343515,-0.9606979711594557,8.603837484655298,6.785981178283691
-2.8071820082007792,-1.8347841987847415,4.017642936385937,-1.413532865711245,32.38890587231367,7.374949932098389
-1.965661582456259,-0.6984855448930869,1.9358527820584621,-0.903191714478738,10.515715920482164,7.968898057937622
-1.9087286514763337,0.020704788974899024,1.9065499674106379,-0.9503244499340067,8.56595260524015,8.471557378768921
-3.107478699185961,2.1151313475871234,-0.800041295732882,-0.9935361213939142,16.91886632738869,9.019436597824097
5.12,-1.386252510226551,1.742695992233334,-1.0032209752357861,35.25194229835865,9.321619987487793
-3.4005541379506576,-1.406538560112312,1.6329162236189063,-0.7696024693567818,22.992577807116525,9.722672462463379
-1.9047462490985794,-0.012176173701982762,1.9012982531899638,-0.9660359637721232,8.56200810549645,10.199672937393188
-4.85204485924002,3.5039538035027986,-0.0648776914260063,-0.37383449964172666,40.14940360250601,10.876736879348755
-0.6553683282385041,2.179145749696077,-0.36359207267799754,-1.0923993690933944,10.451753548695416,11.562900066375732
-0.196024599255324,2.0263996381932774,0.3987123479674235,-0.9934024188572916,7.776686942572711,12.225916147232056
-0.07261551021500967,2.0132601240311647,0.4030485935440602,-0.9941384912787052,7.135814515961438,12.969104051589966
0.5587289262741084,1.967811213743576,0.42547816639027225,-1.0003739361201855,9.211677220419714,13.694066047668457
-0.019164449575090003,2.0087064041925826,0.40489942969924897,-0.9947963577134784,7.024828584727244,14.739739656448364
0.01191555937224198,2.006341819591886,0.4056579872226065,-0.995295376216399,7.014149982358685,15.600530862808228
0.007362884786555668,1.9844634214789494,0.37213874486857357,-0.9876039166956891,6.755141538410549,16.277112007141113
-0.01344459728495373,1.9502344891859495,0.31686452282913447,-0.9739152213541411,6.325837263624396,16.984617710113525
-0.05601003822892725,1.865869618839188,0.1767699405571861,-0.9361240934306458,5.423479217729854,17.61253571510315
-0.06436497038124589,1.8439025617366216,0.13903661514603538,-0.9255806447003634,5.269718094036859,18.390726566314697
-0.07386184541621432,1.802412313884611,0.07019222221802579,-0.9055438012918824,5.128147392004713,19.100773096084595
-0.06436678966506548,1.7882012132293639,0.05502098177792636,-0.8961944826535548,5.11537509448833,19.721495389938354
-0.906366382005892,-1.967699195208454,2.180013337453743,-0.8282310686451515,11.422725645428443,20.50192880630493
-0.06010170809991422,1.7992331137674853,0.057412595361247654,-0.8616802940548345,5.17150823737418,21.09912657737732
-1.7745748326829416,5.12,-5.12,-5.12,83.45161456014914,21.856011867523193
5.12,-5.12,-5.12,-5.12,105.94172549031437,22.348439693450928
-0.06164493134162363,1.7762150010289384,0.05244040021231999,-0.9202105626951456,5.095235336929529,23.034332513809204
-0.14688407221990385,-1.667421228706989,4.16625358599532,-0.858876786677528,23.655368370456067,23.45459794998169
-2.785178495618446,4.481844716287758,5.12,-1.5876835880334053,61.47662185871515,23.873449325561523
-5.12,-5.12,-5.12,5.12,105.94172549031437,24.804473638534546
-0.05347765070569821,1.7197443461113293,0.06254808758594432,-1.136886518273588,5.925546702657554,25.326804876327515
-0.053686083776202764,1.7499380256239725,0.06989164560542616,-0.9193160322442724,5.192591364754311,25.952123880386353
5.12,-5.12,5.12,5.12,105.94172549031437,26.66887879371643
-0.045446509104023036,1.7887931292497585,0.010078890755871761,-0.9321456030519508,4.9615178438268615,27.41826319694519
5.12,5.12,5.12,5.12,105.94172549031437,28.026551961898804
-0.05498451620939804,1.9093064384344105,-0.0049726723227339065,-0.9066734813348738,4.855200405778561,28.64337396621704
-1.3104638434923426,-3.2054928165132552,2.3453408448053423,-0.015846092595142025,21.156996685162746,29.579883575439453
-1.0962134065261235,4.819334053687505,-0.3919796482024278,-0.29107851693227715,28.454908320714217,30.286829710006714
5.12,-5.12,5.12,-5.12,105.94172549031437,31.02987790107727
-5.12,5.12,-5.12,5.12,105.94172549031437,31.88234782218933
0.8497717010349355,-2.2031974921094664,1.6835716546346067,-0.5093377685019931,13.197204259163701,32.858312129974365
0.2879301878764844,-3.6182471840444244,2.232459602845603,-1.3043743443513542,25.05747093729644,33.77304768562317
0.27216879878371714,-1.1118098274637624,2.3473064791226435,-0.2794888437295553,11.032019800212861,34.568806648254395
1.7582082634346001,-0.15844696092010846,1.4175861063769206,0.09539280449250853,8.582669222523203,35.32048583030701
1.7955329151630615,-1.316985731532128,0.9466367296117371,0.6988132775865212,9.840998521782533,36.33045721054077
2.3718087947827415,-0.6025705137792059,0.6155415830210789,-0.041101099443518585,11.642371848687997,37.40119385719299
2.27866065250862,0.7155415213985199,1.0476569354046594,0.8249197198561591,10.467257937758676,38.22189021110535
2.5359045637147775,-0.828627609335256,1.4888672342172518,0.6755227866993572,15.73958990790064,39.22938251495361
1.3595095481953017,0.12792764111220567,0.7956234048031021,0.3746776054294525,7.00202001278235,40.109697580337524
1.4465403541173076,1.5783669323793008,1.1625008073366674,0.10611827064011248,10.463385812794654,40.89808130264282
1.5829215101719116,-0.34180330864252095,-0.05941900061155536,0.9479235978152554,7.059176666617825,41.86108088493347
-0.030923959799372014,1.9472468551117652,0.028720499164104574,-0.5221492702182857,6.146009345351109,42.84567213058472
1.1038709905109432,1.1110123996872368,-0.12450983256976755,0.9092329079766044,4.183144266877434,44.18134808540344
1.0817894159944936,1.1810245520895783,-0.14617658048426208,0.9248106147421584,4.653434257994881,45.598750591278076
1.1557029980662694,0.9424813768973888,-0.07463682946497752,0.872823061928016,3.908074813568863,46.72442579269409
1.1476542383605741,0.9618489933436551,-0.08046188317718173,0.8753566816623861,3.860340709733796,47.97829842567444
1.1321931025489844,0.9996784078135814,-0.09220232383615912,0.8808278076416309,3.821789559357387,49.13482165336609
1.1068713766587894,0.9948912386938291,-0.09394979297390194,0.8607136480775708,3.7106045687529807,50.24309587478638
0.9305416420868138,-1.2512549760238483,-0.18743822799732257,0.733014570718038,5.829082681031358,51.31069302558899
1.076257321883138,0.9973468256788456,-0.0977598048402033,0.8401357771271556,3.627405430630297,52.454588413238525
1.066794617146602,0.9963872957238697,-0.09823915176679066,0.8328626126160819,3.6082820199360413,53.6612024307251
1.0360970748123108,0.9944382855235379,-0.09995442861304316,0.8097926495840682,3.578282127500241,54.73843765258789
1.474027455685249,-1.4913850126623762,-0.8635771724068322,0.9937382602264258,10.461711041674846,56.19508481025696
1.0461211486763213,0.9947609775644874,-0.11139959052171022,0.7822552248406707,3.7843300199482734,57.492347240448
1.012494328523994,0.9584233345561071,-0.05697003247822785,0.8770527143995164,3.100411381495878,58.981040239334106
0.9772476138555906,0.9317144676273612,-0.023631228362239298,0.9221869253699957,2.9030912145069085,60.25413203239441
0.9603976423804408,0.9219584462167827,-0.010812671644550242,0.9401636692638577,2.87717820678536,61.62491726875305
1.018453247443719,-1.0982635981208668,0.3562612928055664,0.030156655701579105,4.199641394484829,62.91591286659241
0.5887059897491103,-1.2269215313470068,0.7200618020430518,0.14756918389173634,6.6832620193419725,64.3328263759613
1.1783956045422261,-1.4336024467834898,-0.14397197424781716,-0.05857956098911821,6.3963218203737515,65.5054943561554
0.963082933489857,0.935732013358253,0.007020081698542846,0.956956655828276,2.8634701506762488,66.61197757720947
1.1973479088156944,-0.8300924395336757,0.14906187354537792,0.365246351833882,5.541164331183343,68.02247452735901
1.045743746659281,-1.0028419071085724,0.7501107123504411,-0.5481488844975742,5.95747574831372,69.30130434036255
0.9212584383514208,-0.2651458169470775,-0.7290286471921386,1.7994595641388944,7.7290890047615175,70.57544207572937
-5.12,-5.12,5.12,5.12,105.94172549031437,71.72351837158203
-5.12,5.12,5.12,5.12,105.94172549031437,72.84619545936584
5.12,-5.12,-5.12,5.12,105.94172549031437,73.92178344726562
