0.842065863836635,1.1207859620583376,2.692915971237221,0.0
-3.4416847453974433,-4.0050028963877295,29.819357226417093,0.0
-4.2095330937886875,-1.8713901703651818,22.279851500322295,0.0
-3.9925533246099087,-0.20929560924123614,16.732406890076874,0.0
-3.1233397077203957,4.618744142716426,33.107951219609,0.0
-2.944911662987456,1.9618038503451976,12.609146915194044,0.0
-2.8520882126960894,-0.6379610640250082,10.590294794754943,0.0
2.9701177695705665,1.9634876742599685,12.720657885205824,0.0
0.22710340828438103,-1.690757314015909,5.130564666660947,0.0
-2.1587929311162846,-2.818923853996739,13.644852203466671,0.0
1.8471930853979375,-0.2647214388201382,5.001138958259332,0.0
4.395681401199513,2.8999530365311044,29.715670923981875,0.0
4.603678605016149,3.7873669697609715,38.10058916222295,0.0
1.0438422864102135,-5.035879066536446,26.512690009487653,0.0
-2.0008247635198853,0.8650338717726624,5.090125269944106,0.0
-3.562941665603761,4.613140021735123,37.65621632696952,0.0
0.9522813074979126,2.802575937539321,9.481514711563221,0.015623331069946289
-3.4329395000454754,-3.42226266339719,27.29255838574992,0.015623331069946289
3.5602913424175755,3.463009188650866,28.5703199491958,0.015623331069946289
2.011263109138188,3.6839139982575455,19.022305606105718,0.015623331069946289
0.5998216552679398,-5.0118463449012065,27.29083378630932,0.015623331069946289
-3.5231978760108644,-1.1816043535687268,16.38187167953812,0.015623331069946289
-3.9415975393540883,-0.45118828547541767,17.759674521321234,0.015623331069946289
4.466210174481319,0.08221605392107012,22.061825970389506,0.015623331069946289
0.8359645316612943,1.5622416174651956,5.549686739919782,0.015623331069946289
-0.5717146155833168,-0.3074960918972218,3.675050929368635,0.015623331069946289
3.3480804077463278,-3.3632865822210327,25.752522320463527,0.015623331069946289
0.5287000940305315,0.8105588130083801,3.5489274563438737,0.015623331069946289
-5.095030191924594,-0.7883296103610942,27.515311559218333,0.015623331069946289
-0.12193397727917521,1.6013464708749359,4.662597065800529,0.015623331069946289
2.494703897869041,-3.0957273781192645,17.982018846539123,0.015623331069946289
2.2138430178217607,-3.5211647279057807,20.065641003071875,0.015623331069946289
2.799146323935517,-1.0484804983274945,9.676656798124917,0.015623331069946289
-3.4401432069006654,-2.005063019554601,17.78547629814338,0.015623331069946289
2.8296211463140324,-0.885603105938988,9.55877067853108,0.015623331069946289
-0.3889475853365676,1.5134607736969166,6.20455072548614,0.015623331069946289
0.6429563224109867,-3.4955662446252616,16.254990663108607,0.015623331069946289
-1.8971002138143236,-4.624823448759463,26.897697972741135,0.015623331069946289
-1.876625925153589,0.2510648621661886,4.877155552498449,0.015623331069946289
-4.124608565252207,1.2187056392575064,19.593431826589313,0.015623331069946289
-1.6773141342859303,4.114568039858502,21.432137310023855,0.015623331069946289
-1.1643072663133562,2.5116254071385313,10.148424000716789,0.015623331069946289
-0.3438645463254124,-1.560382262511451,6.038093775978542,0.015623331069946289
4.067058630618569,3.6675737818132434,31.57457829631567,0.015623331069946289
4.395304552673017,5.026032975363136,46.38438375396184,0.015623331069946289
-1.1694633011155138,-4.429570185459413,23.407704341493304,0.015623331069946289
4.9410058244591335,-4.200819774071229,42.82422673969056,0.015623331069946289
-1.7370494488871255,-4.786271091695861,27.781082332782788,0.015623331069946289
-2.5353136682629245,-2.5542021839860065,16.869816110186022,0.015623331069946289
4.902682509338011,-1.7004851401718524,28.41525346685701,0.015623331069946289
-5.020921007640453,-3.354169935368269,38.07750863548254,0.015623331069946289
4.640529817470493,-0.6386791951664517,25.221079919484808,0.031246185302734375
-0.9520310016799538,-0.49297851253862746,3.1934954442822803,0.031246185302734375
-1.1719493311521312,5.02995635395201,27.220602760822963,0.031246185302734375
-2.7086280622307046,-1.9888973966177734,12.551840921919998,0.031246185302734375
-2.691446592254941,-2.8587659719860525,17.144655556395406,0.031246185302734375
-1.6465363695144726,3.060874951700412,13.757549814891927,0.031246185302734375
-4.706970029351404,-0.9067428944865803,24.41164680440994,0.031246185302734375
-2.227976523260232,4.395643278273073,26.940248648793737,0.031246185302734375
4.112905474883148,0.8348167484713489,18.346111513694957,0.031246185302734375
-4.852886369898626,1.626508032265959,28.29404983133883,0.031246185302734375
1.2954123069605457,0.3927292210136706,4.895137286860957,0.031246185302734375
-1.3078009138392197,-4.206429078047628,21.489274329080825,0.031246185302734375
0.25445172644737113,-1.7945081900449846,5.036950356816905,0.031246185302734375
-4.796774129281281,-0.20000557979668265,24.450382507764207,0.031246185302734375
1.2533045001617609,-4.546000980553447,25.216178413427397,0.031246185302734375
3.5973740253267072,0.3352872649348395,16.38271619106846,0.031246185302734375
3.92581532638511,-3.653769902707936,30.437198905718166,0.031246185302734375
3.589597503020335,-0.527445338074978,16.994257445862967,0.031246185302734375
-0.5207122239771476,-1.1463491754880608,3.9706146776577915,0.031246185302734375
-1.8315396879004227,-2.7923205308140946,12.398597848514424,0.031246185302734375
-4.73300043843852,3.1084326180444117,33.39350168141283,0.031246185302734375
-2.007533257592647,-3.1866430547768467,14.798351381429965,0.031246185302734375
-1.7997663775372787,4.095479240608786,20.879104305804432,0.031246185302734375
4.380253838474517,-4.121551529661307,38.18160944046093,0.031246185302734375
4.878576944628576,3.289822847428229,36.14824017802239,0.031246185302734375
4.487956817758479,2.806289213277598,30.667805770183733,0.031246185302734375
-3.7101690653703585,-4.355913554993776,35.60443069275687,0.031246185302734375
-2.666672123970997,4.835591463169467,32.48181867440189,0.031246185302734375
4.475373113269403,0.12928245497046653,22.345904148142324,0.031246185302734375
3.578619822420623,-2.8769513337448696,23.248097248076547,0.031246185302734375
-0.43944166707665566,3.9445797873531285,17.741314894028708,0.031246185302734375
0.7287436512754137,1.2631880439660836,4.342640347467097,0.031246185302734375
1.3976908123270189,4.746586722030513,27.305473663564783,0.031246185302734375
2.849078391361866,-0.21478194076355006,9.360808116574054,0.031246185302734375
2.7146656802003557,-0.6329569352239792,10.661123255296879,0.04687237739562988
-1.6083456118778696,-4.504663269044848,26.655434963160648,0.04687237739562988
1.560527388404366,1.5039064962522355,8.625230796961183,0.04687237739562988
-0.47422539074493475,2.085459386818423,6.701676712222692,0.04687237739562988
-0.6321806404515344,-4.312868482470028,22.059803618072685,0.04687237739562988
-1.3102012429620031,1.3196488553466974,6.2511822401777195,0.04687237739562988
-4.634693790972218,-4.22506104576952,41.83822559281484,0.04687237739562988
2.2312563898842335,2.235706020630314,11.769697930474589,0.04687237739562988
4.951363050060453,2.3724322106852878,31.88636938916441,0.04687237739562988
2.068663437013278,-4.05981037659071,20.92284354081543,0.04687237739562988
-2.3641422122441416,-1.6920360398630652,11.46561410700306,0.04687237739562988
3.307676862127427,4.492154885730799,34.47348126638876,0.04687237739562988
1.9810634294808658,1.556260237200778,8.291797317877766,0.04687237739562988
3.154755376405242,-3.8870003845385197,25.739536035186518,0.04687237739562988
-3.8472065142670715,2.158597889342542,20.34380302541285,0.04687237739562988
