-0.7157924986797788,0.7417192314490473,3.3277935127229847,0.0
-0.008434154876371558,-4.0166280926928675,16.14022898894699,0.0
-0.4356145930790607,1.3339622316002089,5.391914888696888,0.0
-4.122918385551063,-1.282804179609713,20.132406600933095,0.0
-0.4991781227307319,-0.45790662632102386,4.424072384315316,0.0
2.2106594115894227,3.2306577386200166,16.958257663994083,0.0
-2.248323415630651,0.7040798877209546,7.824690671314469,0.0
-0.5832075146449842,-2.533096429718472,10.601584927073231,0.00900578498840332
-1.2603212753737072,-1.6870806745637577,6.884572205465051,0.00900578498840332
-4.275116095756315,1.672962688709525,23.697935277153324,0.00900578498840332
4.133784689407206,-2.3616702944794676,24.644117141926067,0.00900578498840332
1.7395232063916088,0.3320741733350223,5.695127179212652,0.00900578498840332
-4.636786038280564,-3.8157278928761036,38.31107570525687,0.00900578498840332
3.4475941544084003,2.0809205611754287,18.288907108250168,0.00900578498840332
-0.42521583437051724,1.8206071492241636,5.957812323826868,0.00900578498840332
2.518573800971213,-3.2846184225248813,20.34093298028168,0.00900578498840332
3.667578983870947,3.1262082579597523,25.01762289902156,0.00900578498840332
-0.625850793132237,3.2847281437628952,14.100920853319291,0.00900578498840332
-2.840832707570516,2.1988060393344373,14.048698518978023,0.00900578498840332
-2.310934235320013,4.217151021155543,25.29342177109513,0.00900578498840332
1.9913886586662901,-3.712616666301683,18.983347227717296,0.00900578498840332
-4.325267270633158,3.5156446924083147,34.518353292831975,0.00900578498840332
4.820384018796958,-3.571067110115127,38.46261307058444,0.00900578498840332
-4.212935562099793,2.510094249668512,26.81660517095371,0.00900578498840332
3.3264690419597693,-1.5358823082678699,16.861218469835286,0.00900578498840332
-0.4329436907842359,2.4731248597409223,10.202110505502123,0.00900578498840332
-1.818012559586427,-4.261548173439022,23.124010762762772,0.00900578498840332
-3.385117606492175,-1.471923178397065,17.36065832864904,0.00900578498840332
-3.3854964971472756,-0.0024198019614356525,13.21387840115258,0.00900578498840332
-1.2695742676780553,3.669697374719825,17.68459562541781,0.00900578498840332
-4.433961759218362,0.5017487818288222,23.82685269398376,0.00900578498840332
3.0805593283488575,4.913342225043167,33.90077618137147,0.00900578498840332
4.9584621669317785,-2.4826469910535987,32.777810002117334,0.00900578498840332
-1.8615628300302483,-0.2975739549585432,5.203491622326553,0.00900578498840332
5.03416173316547,4.975958084600493,50.13727889115794,0.00900578498840332
-2.4321529849912014,4.9896189606452,32.724295837579774,0.00900578498840332
0.16206813460974434,1.1738245745506655,2.4187614305647083,0.00900578498840332
3.8833498119436376,-2.897834646229903,23.93369193680723,0.00900578498840332
0.2863292433568665,2.6847355060597566,9.914747978855603,0.00900578498840332
-3.097815482423137,0.4024206885146704,11.759257932331966,0.00900578498840332
0.25076131422724046,4.1671757538057035,18.935791158907456,0.024641036987304688
1.9888849752918683,3.2400179282240407,15.393139190439161,0.024641036987304688
-0.9755217003477412,0.017971910784684297,0.9701385482227856,0.024641036987304688
-1.2243810442003524,3.122389941341331,12.369546118142196,0.024641036987304688
1.1413257681284188,-2.0444805141700506,5.8903423416301575,0.024641036987304688
-5.027419589605171,5.096192148384522,51.43807894686169,0.024641036987304688
0.8563096609486482,1.908743879785531,4.917108449726315,0.024641036987304688
2.0156012655200684,3.424377329845,17.68303276501084,0.024641036987304688
2.1359332496423287,1.4420949938823568,8.9194882891085,0.024641036987304688
-1.877036617374701,-3.5918715884080177,18.546679493799246,0.024641036987304688
3.633534470801833,-0.8190404566334433,16.121274523610857,0.024641036987304688
4.538140116943155,1.1480658111116933,24.28662049362671,0.024641036987304688
-0.6266068390284234,0.03069591032270047,2.11205170471829,0.024641036987304688
-3.3013816520162544,3.6417449879365966,27.107626780506976,0.024641036987304688
4.332854071486804,2.437482847505132,28.136175203629413,0.024641036987304688
-4.407769239159199,-1.7650911872093062,25.28603279926216,0.024641036987304688
-5.026743243316645,5.101392880413706,51.502599329104456,0.024641036987304688
-2.445630661143128,-4.206795130891181,26.35230794983726,0.024641036987304688
4.862458211145712,3.002465752003082,33.009172089410406,0.024641036987304688
-0.4802987549065314,2.602046441766295,10.795073280151634,0.024641036987304688
-3.829798139191025,-2.0726124149959975,19.584717555824245,0.024641036987304688
4.616255886778748,3.351454889711982,35.88209375984452,0.024641036987304688
1.3468547042795258,-4.98956782038341,28.28363542157073,0.024641036987304688
-4.980922107262698,-3.83039810039831,40.004766343944425,0.024641036987304688
-0.41871450018682843,-0.04017065628658578,2.0810065688796118,0.024641036987304688
-1.5582208719223187,0.1319768364034628,4.70386345344265,0.024641036987304688
4.390715865303254,-0.11475213975580445,21.313786325994343,0.024641036987304688
4.978352647912147,-3.285802727468824,36.812793010641265,0.024641036987304688
-5.012416433081112,-0.7614229488060102,26.635414113263394,0.024641036987304688
3.646368651527834,-5.010332492647775,40.00763219944665,0.024641036987304688
-3.6205052448004142,-2.536920211775511,23.24402810816556,0.024641036987304688
3.0413933007192435,-4.354239089749538,29.852224688765087,0.024641036987304688
-0.0830078781292789,-4.714505165101855,23.587579662896687,0.024641036987304688
-1.5271384291128838,-2.385402720599571,11.759577325159043,0.024641036987304688
-4.304150975131782,4.9884858157189695,44.74703608310025,0.024641036987304688
3.179641310855099,5.101370571443508,36.90235783167154,0.024641036987304688
-4.305100880471972,4.753485306167849,43.44695330283389,0.040265798568725586
-3.8100906912854926,2.9473458003276045,23.88921295241783,0.040265798568725586
-3.3522410281587507,2.6447420500572596,21.445485521601242,0.040265798568725586
0.4038756103157999,4.7735858147068795,25.625673815350837,0.040265798568725586
0.3983201593498116,5.078339131399097,27.86966916671739,0.040265798568725586
1.933872323659375,2.410435720483747,11.480936565131191,0.040265798568725586
-3.98096638631238,-2.627997693071064,24.45527156127259,0.040265798568725586
-3.3295492789926877,1.6599438953364016,16.85670661464036,0.040265798568725586
1.8652033314732535,1.7908236549078866,7.7700640631846625,0.040265798568725586
-3.913589318564202,-4.988361438675366,40.346407452941804,0.040265798568725586
1.6620639527250418,-0.5792729586672971,6.5013446238593104,0.040265798568725586
4.82045621954454,-1.5754133323238095,28.180178583581064,0.040265798568725586
-2.0773808354488876,4.241935805008169,23.374767618827416,0.040265798568725586
-0.6594906553107922,-4.228017413418261,20.711903405888414,0.040265798568725586
1.233419717584992,-4.17342164957255,20.371979608887383,0.040265798568725586
-2.424263810882836,4.558238159119216,30.477281717985555,0.040265798568725586
5.057335653931577,-4.578127547754507,48.482000942049,0.040265798568725586
4.961192844217529,2.7309120968832685,33.22054100494919,0.040265798568725586
-2.5906640802218073,-0.422536920990523,10.616036807326365,0.040265798568725586
-3.6232487202965826,-2.6027007911186613,23.41575377189132,0.040265798568725586
2.073043770665623,3.6411011941815685,19.2906867336602,0.040265798568725586
2.394617603892888,-4.126806074857379,24.854364724827548,0.040265798568725586
-1.78791993786953,-0.8704395288020175,5.031754842541394,0.040265798568725586
-1.3830380384026926,1.7536708970135155,7.7069949964916225,0.040265798568725586
