1.5086001596384255,3.063215097384634,13.735550781764235,0.0
-3.9663084558194655,-5.029205406108872,41.063622086790296,0.0
-4.8770100166052055,4.711645018801266,47.507510610466205,0.0
-0.2826200111802102,-3.3427751959335987,14.008012901234983,0.0
-3.5398679766949837,-2.885517721647412,23.073408631522135,0.0
-1.439440720829753,-3.7425355027152145,19.053922342948407,0.0
4.1624803081360335,2.3850153583940896,25.242111402024644,0.0
1.161746655080269,0.371501621752925,3.6525344882575252,0.0
-4.135638586522425,-1.8695171842943679,21.257971639052286,0.0
-2.412180076782525,3.860982622259205,22.935218723199007,0.0
-2.323856351619283,-2.285117157715186,13.288506624720208,0.0
-1.8143198403706795,0.9835827961688564,4.871284898087534,0.015625715255737305
2.2964886209786926,-2.3574090411492516,13.743994571701943,0.015625715255737305
1.3742700993414543,-0.34529001856391695,5.275289579621446,0.015625715255737305
-3.2522693025837635,-3.1864332462438165,22.35600321921232,0.015625715255737305
0.49375257575211773,-1.7681648155714953,6.255542817536016,0.015625715255737305
1.5346679794559819,0.9697472749092855,5.289996834982365,0.015625715255737305
-2.918674557174622,-4.94030343958514,33.122518303897365,0.015625715255737305
3.3839869623907015,-0.7994686180462081,14.530564499899523,0.015625715255737305
1.0425576050671577,3.764334914760007,16.202734666347098,0.015625715255737305
-2.807799617505043,3.669303326560848,23.477875284135926,0.015625715255737305
-0.6886502455399821,3.13319225978234,11.997340265645224,0.015625715255737305
-4.37366437279094,-1.921854087413997,24.64175177927293,0.015625715255737305
-0.2699901771655,-3.939151374615599,16.787279837299224,0.015625715255737305
1.9640157586818967,4.816975381090836,27.677552758274203,0.015625715255737305
1.0907407731972656,4.129658114457494,18.715855303243604,0.015625715255737305
-0.2636196251392633,-0.4742885789202269,3.3668944005377464,0.015625715255737305
-4.081604374681184,0.1219314265876914,17.08234783886946,0.015625715255737305
-4.908309416236196,0.5390049789942601,26.513557986904598,0.015625715255737305
-0.7523205570191376,-3.700801102780741,16.55156102837249,0.015625715255737305
3.9963268977206896,2.639369611459159,24.577637790185936,0.015625715255737305
3.1740121989944354,-1.0507833856314361,11.769463406629677,0.015625715255737305
-4.664619763460397,4.448211918164783,45.003887971976624,0.015625715255737305
0.6329278801169433,-3.5024532273170825,16.338679138820115,0.015625715255737305
1.5062228057814755,2.7889932012508316,12.803868158214605,0.015625715255737305
-0.501971262257487,3.179887032383756,12.937158556439838,0.015625715255737305
-4.838365657516938,4.48345272315768,45.97860218718524,0.015625715255737305
-3.9030705754624555,-4.770266939322832,39.04220366189979,0.03125452995300293
-4.688179409734787,0.10082157198112185,23.561955185801782,0.03125452995300293
3.4579567859581735,4.8230248720691895,37.741446480291806,0.03125452995300293
2.9932381454684682,2.097311424500453,13.540261759827555,0.03125452995300293
2.467621524402607,0.6735240011966477,9.984401963048978,0.03125452995300293
0.704687952172514,-0.6693969392177337,3.71062140348741,0.03125452995300293
-5.024344414434579,-0.6400773712826417,27.302460835744316,0.03125452995300293
-2.3133554273988746,-0.483667347501763,8.967930069409816,0.03125452995300293
-0.24203904417705857,0.16402569811562895,1.5211869581680437,0.03125452995300293
-0.13670800639953118,-0.05114948229672045,0.4192815092270462,0.03125452995300293
-4.040976001082816,4.51342199115827,38.72987130964533,0.03125452995300293
4.733772114524807,-5.018724214420127,48.70488991463341,0.03125452995300293
2.7185127391273927,-1.7303082073634486,12.704241965420616,0.03776359558105469
-3.917047398305569,-3.449196875366293,29.32248543568801,0.03776359558105469
2.5575310237197595,-3.3693547977518152,21.510478106063587,0.03776359558105469
2.379140757739025,1.3524147576127508,10.814590558645905,0.03776359558105469
-2.448814162129916,0.14900565017814937,8.37479295684365,0.03776359558105469
2.7929654451718946,4.39088784700652,29.587916427794667,0.03776359558105469
3.806358333128986,3.6440555374925596,30.038334136559932,0.03776359558105469
-3.6720962490523004,3.162478109215633,25.43311309833203,0.03776359558105469
1.1169916028151956,-4.313059557560328,21.494305069762405,0.03776359558105469
-0.474018644046037,-0.3400806686183051,3.8633082041807327,0.03776359558105469
3.7328114121448133,4.283786460787497,34.60319245123534,0.03776359558105469
-1.385996105288954,4.798340543325621,27.400208465998144,0.03776359558105469
-2.452196404292541,-2.884738432710116,16.54119020344313,0.03776359558105469
-1.257992806074283,-2.707702717864873,11.227043348967896,0.03776359558105469
2.6058307999523986,2.975783769146685,17.44414130926753,0.03776359558105469
-4.981235950822288,0.5046948941427889,27.073935395597466,0.03776359558105469
0.60451110388522,4.837163825803731,26.03492516120485,0.03776359558105469
2.9684322294092143,-1.257413977227106,11.458852551421757,0.03776359558105469
-1.6500158855094202,5.097104040411316,30.471148788986387,0.03776359558105469
-0.6674167226126242,2.5961810999923935,10.504401073123299,0.03776359558105469
-1.4697778742303211,4.87867168963131,28.22047916742038,0.03776359558105469
-4.789009620303634,4.060721560736478,40.253316896530535,0.03776359558105469
-2.4223498140937973,3.6936383627021803,22.740841707666824,0.03776359558105469
1.10481246968126,1.3592747402420748,4.9112679679482225,0.03776359558105469
-3.8545154346210766,2.0018338441490737,19.254195857649083,0.03776359558105469
1.282262507009169,-2.6462901926978892,11.454856360353872,0.03776359558105469
-0.3942112923519243,-0.6479109687710851,3.960652454902176,0.03776359558105469
-0.0983278600086619,2.64567067888708,8.803665901070065,0.03776359558105469
-1.6283630432895295,-3.2909223297676125,16.428043192581477,0.03776359558105469
-1.8944711098457363,4.992365431814604,28.72576980947938,0.03776359558105469
0.1509469859231798,2.73519333592699,9.01400529381119,0.03776359558105469
4.03186932526441,-0.2031959457663124,17.027382076158624,0.03776359558105469
-0.9914066430999569,1.2016212890470808,3.1289253082306843,0.03776359558105469
-2.328359757562799,2.186131170785793,12.28251063002114,0.03776359558105469
0.01139952041122072,-0.763013390540566,1.5032089125069823,0.053403377532958984
4.874559266973603,4.539564763001688,46.63308996198516,0.053403377532958984
-0.7769475380018829,-2.8707578265306095,9.98837907256787,0.053403377532958984
-2.3782094540993506,-3.505699729853843,21.666390881492674,0.053403377532958984
4.143300418270067,1.0527450026026015,18.70831495216048,0.053403377532958984
-1.9062309784919838,-4.144205342739311,21.35990663444524,0.053403377532958984
1.880943286876792,-3.7836490714765922,18.91108316882283,0.053403377532958984
2.626455921050063,-2.252738236424196,14.690913063689823,0.053403377532958984
3.4481336901095743,-3.0582718392746355,23.256301328640333,0.053403377532958984
-2.473488113540016,-2.738570151091985,16.675821818493993,0.053403377532958984
-0.7929635113636291,3.0563297653303882,10.765243979435787,0.053403377532958984
2.348915731451287,-3.7502121589102693,22.16242341378941,0.053403377532958984
-3.286064359458386,3.139144537265298,22.235555930053984,0.053403377532958984
4.048732400835912,0.0937290183788253,16.61598882558018,0.053403377532958984
-1.3325123811978865,3.7075896984064665,18.280666249995164,0.053403377532958984
3.4293719030711225,4.080995749081397,30.444982179292914,0.053403377532958984
-3.72421289758013,0.10437231623222498,15.249406365234496,0.053403377532958984
