-0.5466220910115274,3.6108074549733464,17.061396038885768,0.2761800289154053
5.12,-5.12,52.970862745157184,0.5455381870269775
0.20218757805776466,-0.03306473930391274,0.7675600249454989,0.8774702548980713
-0.8148291702050994,0.08178425394103783,1.4036217729449647,1.2458407878875732
0.04282930314530198,0.7479400658066915,1.6101818964767154,1.6091806888580322
-0.11285744089332894,-1.4665138577731658,4.382401750443517,1.9097986221313477
-0.06494546826503544,0.2830354711807601,1.3725170459530949,2.1952829360961914
-0.3199277353782337,0.24033925848872784,2.5248221633754446,2.4802675247192383
0.6007542355059217,0.03554555426245809,2.1932282685728213,2.834735870361328
-0.20770283641135556,0.304313568532641,2.2077804548875055,3.150954246520996
-0.06603974174991922,0.3234613247963454,1.63920330112686,3.436366558074951
-0.26528130973463426,0.06509927370961233,1.2529732068639992,3.7526395320892334
0.0479666330659656,0.4134782139945994,2.0741737045335094,4.084527254104614
-0.3878572057676628,-0.08507716767933093,2.0590378878234903,4.4007813930511475
0.23338106467257003,0.1028028109692789,1.1622641008803762,4.700854539871216
0.02454488565306079,0.5304120604576656,2.2756065876093627,5.017008543014526
0.18150557721185123,-0.12981852656835002,0.9472184042261966,5.302516460418701
0.2668174610466876,-0.17147930031727388,1.7324794446042475,5.587518215179443
-0.1671084282342692,-0.17944548867872978,1.133602427238404,5.957160949707031
-0.16845850445815813,-0.2167771834873733,1.3779197822681861,6.341578960418701
-0.1241287942640561,-0.23388868905904747,1.2580874970372788,6.642584323883057
-0.11324708954536256,-0.2738872469475542,1.4800152463665666,7.006100416183472
0.1903411037176621,-0.27759142025640937,1.9196506661375592,7.488207817077637
-0.32856162771641095,-5.12,28.06719854976993,7.874460458755493
-0.2779410362970234,-0.14853833425723373,1.678782837558613,8.206266403198242
-5.12,5.12,52.970862745157184,8.560842514038086
3.24464415905904,-0.5818253689162756,13.703314959411761,8.877521991729736
-2.833142904820082,-0.21117947310449114,9.330826942864505,9.331985473632812
-0.46338716041649697,-0.1848371570872196,2.8244618081948696,9.764253616333008
0.45258186364189434,-0.03631332687762345,2.1880096684726964,10.127188920974731
-5.12,0.6059900253274408,28.63898243690742,10.535096406936646
0.1873280525080201,0.14258658180992523,1.0469233824166482,10.98332667350769
1.6698788076317035,-2.6448463156531323,12.87979784779748,11.352235794067383
-5.12,-5.12,52.970862745157184,11.816069841384888
-1.7707501530145624,-2.360673759920338,11.219008823889116,12.27045750617981
5.12,-0.4998189744540431,28.73524973294418,12.77234959602356
2.130679583337672,0.6602770002420026,6.828689465981725,13.189408302307129
0.18858498981524807,0.212933873681159,1.4737350948565886,13.622080326080322
0.18623495518410138,0.19692373327849833,1.3561068178868587,14.091846704483032
0.19031717839261653,0.18579352993678544,1.3119018396677757,14.523631811141968
0.1975470243524855,0.17437462069336718,1.2883053801975874,14.924100160598755
2.639707769986222,5.12,35.092326164541326,15.500867366790771
0.16828073304590152,0.17847508334304774,1.134551034305713,15.998120784759521
-1.8630066712975837,0.49462713084058496,6.063014570981926,16.58393883705139
1.823398605968964,-0.7904935873176289,5.252967542779177,17.100661993026733
0.29367350979091267,0.03222296131048896,1.378685994242071,17.60180640220642
0.28978997552428076,0.031029229469035968,1.3512975949395951,18.171971559524536
0.28737485937400375,0.028897010374071108,1.3325378242074053,18.769267320632935
0.08795688110258393,1.8417152905380725,4.003619657168076,19.3145112991333
0.27638998094690326,0.18594373056412916,1.8843218743317547,19.94615411758423
0.2564855772319108,0.13886926236246033,1.4829262586292642,20.463142156600952
0.25367538312129145,0.10933278349115749,1.3262172166502346,21.024290561676025
0.25692267727193663,0.08274045206297131,1.2484560124404571,21.558674812316895
0.2624995100321721,0.05333805712742912,1.2058403588605717,22.086994409561157
0.2682539505594752,0.02418754615721852,1.1985128499884623,22.75071907043457
-2.0393337651412935,5.12,30.674697871445996,23.270602703094482
-0.04503608969069006,-2.8796311902679794,8.606693273202566,23.90271258354187
-1.8388436045655814,-0.8475554686492783,4.994727768160445,24.37174391746521
1.9355394630162595,-5.12,30.312648883329533,24.950700759887695
1.5189438009989713,0.0499344989572128,4.351424708401508,25.52678632736206
0.8270032716866993,-1.8224891514562604,5.100353887007373,26.179494380950928
-3.183873503085904,-1.462799469705124,14.846006482025935,26.772231578826904
3.298637019182901,1.4400383773678653,16.18544298466352,27.550419807434082
1.0060916142391605,1.2515611953786268,3.589167273060206,28.17414379119873
0.10529124568357062,-0.0953271724968614,0.4052180549406431,28.845840215682983
0.10742649926523296,-0.15402282694289315,0.6873935837073502,29.466867685317993
0.11004304411065124,-0.19266515838192433,0.9263845901805173,30.03083825111389
0.11265104325930775,-0.21638672827843752,1.0900923611601288,30.700016736984253
-1.4281776341329517,-0.13109999056026655,4.277278551785043,31.348649501800537
-0.8587776118230712,1.2984579549485975,4.091792610915726,32.102980852127075
-0.944716812639327,-1.79805702493758,4.887838675045923,32.95246601104736
2.742104287951415,-1.8229087542896338,12.449478025299864,33.70726037025452
0.2679977237509128,1.2392340809512623,3.6527733724467497,34.44052028656006
1.8216952065855212,1.4798888648409898,8.06527888040528,35.227670431137085
-5.12,-1.380703523575879,30.123761039074616,35.99138617515564
-1.1476146494328372,0.48251081843900323,3.9439604799260626,36.74615979194641
-2.934969003135625,1.0731228378414324,9.951659371094602,37.532137393951416
-0.2604643156646853,1.2005429264143697,3.2690759940222938,38.36512064933777
-0.08030099203361907,-2.1264804310570007,4.952474343062681,39.15825271606445
1.203515556909256,0.6372727333398993,4.217163916351051,39.980581283569336
1.1452106090671883,-0.9455991946568538,2.6516548718401944,40.762465476989746
1.5550972886426981,-1.5062798018508108,8.627101614501154,41.729055881500244
1.1290664179802885,-0.38560457462818487,3.4872882723556557,42.65022897720337
-0.012439355815815567,0.008303735881149521,0.00463728208463865,43.56466555595398
0.6140545280856395,-1.2395518763697337,4.601977846558439,44.43140387535095
4.137384447999273,-2.4230013478483916,25.224120894607374,45.516316652297974
0.011026693296937395,-0.0015635796288524517,0.002571380749521346,46.454498529434204
-0.007198969864655069,-0.013862782769281878,0.005057834492092073,47.369099855422974
0.0013735229883033995,0.0011247762856951837,6.536316162109035e-05,48.2470338344574
0.0010195675121682513,0.0009375829501800936,3.978970465390308e-05,49.24891901016235
-0.0002637731258934295,0.00020108641070670785,2.281561553130196e-06,50.24356484413147
