-4.275116095756315,1.672962688709525,23.697935277153324,0.4077136516571045
5.12,-5.12,52.970862745157184,0.7241473197937012
5.12,5.12,52.970862745157184,0.9403324127197266
-0.46838052373539174,5.12,28.685141425718857,1.256784200668335
-1.0974416702478678,0.11226226717767229,1.6372454261959337,1.5890493392944336
-5.12,-5.12,52.970862745157184,1.8898561000823975
-1.3728590283822304,-0.09548433021151226,3.7660239221899134,2.1594154834747314
0.946937436810753,0.3854095519733569,2.852106860267651,2.4602606296539307
0.23392901291078072,0.25742053631634043,2.0667903517601456,2.7609121799468994
0.2361043439660584,0.36828783681586774,2.780848610960107,3.061720132827759
1.5887516369159789,0.01658415370416133,4.3783356163744305,3.3998756408691406
0.8051150979691064,0.8312324278568282,2.511214503499196,3.694164752960205
0.3017357973169954,0.28965394563512614,2.740898139775357,4.016997814178467
0.941918540681546,0.8652198494649701,2.0393221215757102,4.333235740661621
1.258588867128993,0.9635008713538165,3.5925003774023825,4.6027512550354
0.5111903372440993,0.547014152690207,4.51475541423523,5.003827810287476
-0.4775766153344776,0.1301880940015785,2.5514346230830935,5.319889783859253
-0.5058619396159116,0.143332397343106,2.654609880259868,5.6516032218933105
-0.5545988654395089,0.15060851070339165,2.6873065808742265,6.037045001983643
-0.6249701014768752,0.14678040726237285,2.5153420022119226,6.35335111618042
-0.6924362498224541,0.13938891117352092,2.21236900557412,6.622845888137817
5.12,-1.3699850943856267,30.046769362978775,6.970184803009033
-0.3394781671270888,0.2837861818200489,2.9395295825216112,7.3080079555511475
-0.7519787251375645,0.13189926456183798,1.8946375686837764,7.624440908432007
-5.12,5.12,52.970862745157184,7.940892934799194
-0.7877854391923771,0.0957244494885332,1.5700666718558374,8.326023817062378
-1.7636967263352141,-5.12,30.510104633991162,8.689342975616455
-0.819133928157254,0.035749239947830524,1.2765301590836846,9.127806663513184
1.9275864166705468,-2.4459895645671317,11.743156737336172,9.544628858566284
-1.8701859717144176,2.5096532174753694,12.108717579767665,9.914027214050293
1.7541781387012465,-5.12,30.53632331041737,10.330876350402832
5.12,1.3742342733304964,30.077647787009504,10.793994665145874
0.002657735731697919,-0.09054948820508546,0.16587276363405568,11.233067989349365
-2.379485665310617,-2.4531496829696557,15.363633343396325,11.734009981155396
0.6778860479797473,2.7050288859642215,10.493287192278578,12.166461706161499
0.23200942054223095,-0.2650393433039451,2.1056310675249454,12.636479616165161
0.20981071366955995,-0.2395355318050294,1.7858533101046823,13.068415880203247
0.20959974244521984,-0.2403011299214617,1.789649617795694,13.516119956970215
0.2078190233162207,-0.23963072644108063,1.7735665647099,14.08635950088501
2.911634501756395,-0.9712204486036162,9.587403199591941,14.541086912155151
1.7542478330117568,5.12,30.536130078894946,15.004709243774414
-1.4054418991669269,1.3961557098724278,7.547740515767713,15.706675052642822
1.7563037342421124,-1.1768857344023265,5.986663801300859,16.16103744506836
-5.12,-0.02059831246350452,26.494219137339556,16.593445539474487
-2.743412767334786,-0.6673654066874448,10.509260256689783,17.06363797187805
0.1616084226742842,-0.21115340866932186,1.30177224123916,17.68535876274109
0.17320975578710573,-0.2269648321827118,1.4733012153471943,18.214839458465576
0.17651063380085574,-0.23464961167811005,1.5444034701304032,18.7784104347229
0.17637355875871918,-0.23890607656736051,1.5722509896639933,19.379629850387573
0.1746203859858788,-0.24171266445312156,1.5807555319365167,19.91866707801819
0.17199089009476332,-0.24388863882072442,1.5799187222092095,20.532012701034546
3.0612322520414645,0.7007187700109441,11.239969971072172,21.12453842163086
0.18178554677827563,-0.2410470224931549,1.619324572695084,21.676619291305542
0.8173645986511069,1.6507220065762533,5.566338308427287,22.380659341812134
0.8044345408576339,-2.4295183725707603,9.117815942154836,23.165358066558838
-0.6436150808743095,2.8534888840984953,10.571021323216206,23.86666703224182
-0.004696087611841371,0.016150842203932037,0.00586273449182817,24.499260187149048
-0.04207765788592521,-0.00019016303377306087,0.036517030061208655,25.25034213066101
0.004321909175724059,-0.006625638914141696,0.0012976702035476517,25.912436485290527
-0.00014579277014359349,-0.00016233539791432605,9.873586745978713e-07,26.6106595993042
-0.003325861487301296,-0.0018609233322930407,0.0003012156385295839,27.31878972053528
-0.0017261773301928685,-0.00037534718024989644,6.471765129889562e-05,28.002472400665283
-0.0013377123559781268,-0.002225834597314069,0.00013985956480133677,28.671175718307495
-0.001797672517108495,7.150796613508703e-05,6.712674577313837e-05,29.41711974143982
-0.003902995545437271,-0.004387107060392026,0.0007150505077690994,30.13117241859436
-2.355287439178802,4.509461824794534,29.495191315735013,30.852052211761475
0.00177229624511277,-0.00325847854413297,0.00028533693078469646,31.71013569831848
-0.000322690790287794,0.0010319257184105979,2.424406146217528e-05,32.35892987251282
-0.0016948811694250665,9.303185722853158e-05,5.975487161635762e-05,33.099212408065796
-0.002431620536807344,0.009923627396533519,0.0021643580761062653,33.83697009086609
-0.0016046231748489959,0.0006512196451637919,6.219442415400511e-05,34.55425691604614
-0.0016231550221519342,7.502834249883961e-06,5.464090455165049e-05,35.427794456481934
0.005025571836442921,0.001963351586759643,0.0006036992447771006,36.24206757545471
-0.001583732966693674,0.00043410355382533794,5.5926101114267546e-05,37.08438777923584
-0.0009970073695475534,0.0001095455443111959,2.086407598733686e-05,37.89251399040222
0.002826853378645744,0.0016157180118678838,0.0002198651340659108,38.779101848602295
-0.0014987959180521315,4.607042303206299e-06,4.6588447238038455e-05,39.56570553779602
-0.0015004283295203535,1.5992221626959235e-06,4.6689597166360564e-05,40.59946060180664
0.0064277787573221445,-0.00027419702306374916,0.0008583166054313418,41.74701261520386
-0.0017891756031431783,-0.00024606742207744503,6.764438086170887e-05,42.74033260345459
-0.0010271668134524958,0.00023598538087377108,2.3036226895589706e-05,43.91529870033264
-0.001972533002107646,-0.0003003347222572117,8.256361899605658e-05,44.91749286651611
-0.0007907770378521306,-0.005585970380050043,0.0006600324469538954,45.88876223564148
-0.0028430639882071063,2.9701655253511206e-05,0.00016764934417234922,46.884172677993774
-0.002027320762883811,0.00111309504897239,0.00011093303993636727,47.92886567115784
-0.0012143333734790929,-8.963147378171499e-05,3.0748625701515486e-05,48.844106912612915
-0.0011608610726732138,0.00021986590442946152,2.8950561562268717e-05,49.67449736595154
0.00831230901659552,0.005324501771022838,0.002020565872012936,50.65497350692749
-0.001008666023546212,0.000294364611680642,2.2897214874806338e-05,51.56093740463257
-0.0010024455185124737,0.0002659132876638992,2.2307170065127835e-05,52.446603298187256
-0.0010026561429592462,0.0002664090717736656,2.232140209046385e-05,53.500105142593384
