-0.16124827272794118,2.7937674541374466,-2.4283374825389896,-4.28738357807288,2.2923182367077093,1.4363850141846033,-1.1081622598221816,-0.2631228199013984,128.9329495969667,0.5355064868927002
-1.682097451107352,-2.649929579652052,-0.629644011903391,-1.9699440695545816,1.7474827104565271,-1.5526768626940477,-0.8777984092245612,-1.081860703054173,102.30828576039812,0.9992249011993408
-1.664800964377207,4.809470419284655,-4.177802283743986,-4.021910581656056,3.0329589240095727,-0.12410902114486166,2.624123587840976,2.5440758974425304,149.10011741032403,1.4938054084777832
-3.4958835080679176,4.208173956605687,-5.12,-5.12,1.0386362851640225,-0.4710033788519743,-0.7816627400013871,-1.4553878044209574,166.96899084594585,2.041841506958008
-1.6522879674990132,5.025701087484328,0.7574295451866542,2.1220210938868673,1.696666218772882,-2.761821570322361,-3.9018226185356344,-2.3618944748153257,133.45089438575042,2.5171191692352295
-1.8015162281085026,4.811543137406113,-4.17225431131288,-1.003188394242862,1.1261022874362734,3.9191979319672514,3.757543211491945,-0.28671678398755596,120.04947017719812,3.0550403594970703
-1.246261224365858,2.7672303776093488,-4.358176060903025,4.538947828955959,0.9878200175072838,2.175825838011498,-0.6202134544834541,-0.9876945347947554,133.39490744055922,3.612151861190796
-1.9297458263914655,3.246487487612831,-3.7729332823666266,3.894686311817666,3.3337994532954207,-1.9470650879447282,-4.807428684153097,-1.3514682086795,142.91782423597357,4.208648681640625
3.129571889005459,5.12,-1.861949479374803,2.608886812863764,3.3893306694884524,-0.7027036899086632,-0.7543363518688322,-3.2491368205626516,146.7954454527758,4.72301983833313
2.8651754440440937,0.0723566482502509,0.1670270479407714,2.1174938456968118,-2.452374421408436,-4.139262268337618,-1.0208536233431689,3.7129678186328627,98.25678173653075,5.490494728088379
-1.7901319184511806,-0.08853359904953084,-2.8811309877164972,-0.7294200497350092,3.581049700867603,-2.2041803721250997,1.255918431093776,-2.9109177229423326,100.53211345667877,6.038152694702148
-2.390797777713783,4.947614372690658,-3.4972615866488956,-0.2457939997161569,2.9105722807165852,-0.10654217035650326,-2.318459401184333,1.1794877869259066,129.32220577083595,6.8411664962768555
-1.7171946556509403,-0.46255191350324054,-4.463758740695331,-0.26513503612762523,-3.658460746223533,-0.006516182063228015,-1.7640173237027699,-1.1661606969354659,133.01767151173613,7.43828010559082
-1.7893468744895507,-4.413919538904295,1.4270638816371992,-0.4093542053163661,1.6038104637284043,-1.3251009017605035,-2.82434027093634,-0.07886882428195463,139.90761160825082,8.082572937011719
2.618353516252345,4.289109514735807,4.5955418403839365,0.06182733724813794,0.1981142861010552,1.4740838257523468,-1.3990141687438404,5.12,172.9773914077163,8.84969186782837
3.34036106344806,-5.007104970983554,-4.8723077065266285,3.314482882867236,-2.116488803940237,-5.12,-4.1887253730989364,5.12,192.01271675563143,9.598027229309082
-0.020461157854277268,0.4528270960563354,-2.6525487374784813,0.04022701155135078,0.7832207188924292,-0.7554926817244478,-1.2582766852277052,-0.7255889936035995,85.87914423171,10.37166714668274
-2.633118944878824,0.5474741724543275,-4.026681590519551,-0.571563029561049,4.3593948951087365,-0.630208016066061,-1.3869500277864542,0.5996406528065332,169.7303405448041,11.01124620437622
-1.5921336416320035,-0.15545104785572317,-3.4330278166871055,-1.2433425019688356,1.1733609590854872,-1.6315197543262525,-2.4151058185794354,-2.4378881470077975,143.1911024033505,11.859244346618652
0.08398638789589352,-0.7548789611687745,-5.054978157639864,3.5555266608891687,-1.221809228534172,2.1818094098003167,3.9302820860376935,-0.6888579534836419,120.76370901982209,12.611201047897339
-2.691453244792722,-0.13627316307159987,-0.43841570968642873,0.03276404268191335,1.1784549683331749,-3.689404642153548,-4.9157792223829295,-0.9880825055906453,104.87888412298747,13.372187376022339
-0.9712680188914584,0.6855363525758982,-3.571357892899167,0.016350645754407367,0.21492188814440993,-2.324576421856088,-2.2556309167576445,-1.4651183048678216,112.46432102337752,14.259600400924683
4.061202058940224,0.3525006587605084,-1.5949682622466477,0.8287416960377092,-0.6018359277077723,1.1428489740473733,-1.5770608048661119,-0.18093736916580738,110.72752286645681,15.13515305519104
-1.5695049080507255,0.504881030906315,0.7963692512687688,0.04189910202456559,-1.328976305627176,-1.5446554693907655,1.777855206606854,1.3175061851213075,115.6760699240198,16.088183164596558
1.0140184139525275,0.9018620176205454,-4.172514799029618,0.012163491384320935,1.3251235557674566,2.017715155857883,-4.342510423361206,-0.6705166628120249,96.50537288397213,16.659780979156494
-2.028322833311752,0.4718310328168869,0.20995045768304532,0.27087552930084335,1.5304949081970642,4.584113619499846,-2.0461860518829487,3.842818883488836,128.94829285451786,17.26517677307129
1.6156613042262533,0.4854468917395085,-5.12,0.29153741529304167,-1.5147359715759685,-4.285484998353456,-4.076307430687806,-2.4296731878001623,177.38263145027247,18.03906011581421
-0.07151626011923984,0.5452566017980827,-2.9563068497097897,-0.1719402245297239,1.651761961650993,1.571157034047241,-2.9224235951901782,-4.094718340302453,103.5199775948907,18.868027687072754
1.6130675398310919,-0.6701555686284255,-2.046063103650429,0.06528390886714419,1.2346440592701242,-1.5655106981031093,4.245073217519983,4.455251382218456,140.2213311876028,19.773194313049316
3.8545961485104447,0.8134854464283281,-3.782363380930123,0.036218568962709696,-1.6707842087510416,0.5863808461090745,-3.0131147362689994,-3.4497135533003993,125.06354048872464,20.51715922355652
-2.1428708198891555,0.7307618148709834,-2.5286239186084623,0.008194256427114688,0.9549968357884042,-0.10339377124700544,-4.014607866202944,0.24685708633502568,75.7229446001227,21.275447607040405
3.7223468198737573,0.725494836428271,-1.1351671216598174,-0.2533700239694765,0.7747474518435444,-0.1658517369637611,1.0195007797062283,2.9585606466655348,76.84318091677241,22.075150728225708
-0.866579424319526,0.6860522336229291,0.06953717823068128,0.017566747641065028,1.2098487111183962,-0.7591695933216807,1.0182722083256746,-4.667637861163763,76.25525157425135,22.995625257492065
1.2164677006715205,0.6478920391859093,5.12,-0.047627094737205944,0.9348001062298916,-0.23232822375699946,-4.853330555433501,-1.8583917393992384,100.4778392629473,23.696735382080078
-2.466585436805354,0.8344514858352845,-1.2351647067711036,-0.07594305890697495,1.1672559616849334,-0.4452194972784671,4.291147693346081,2.501943475720947,126.45353995618657,24.535189867019653
4.305306885177861,0.6998370507149412,-1.5340351409588404,0.0478837678916717,0.9281072645277559,0.015130773112169038,-1.0800030476445972,-0.26474329020213183,83.41613488278462,25.340821027755737
-3.8801841237342494,0.6405563636526859,-4.7662125273496345,0.2751590283295853,1.2775545434866595,-0.5671654588085442,-3.9133311657693244,-2.156694899527423,136.5442468906079,26.14339518547058
0.177489165220039,0.5650474016535103,-0.0618921035829052,-0.10138759508188944,1.0852322215987842,-0.4402372929976739,0.25700489023012807,-1.3939931836594068,80.23596303646406,27.094768524169922
2.5829238918382247,1.2532040237200306,-2.3848165114383852,0.0768984272944957,1.3302511016781828,-0.7303238367485676,0.23530670837564927,-4.786516771020342,129.58518850673826,27.7085120677948
3.8156810266504335,0.547209240804901,1.4858556544413375,-1.011519061073849,0.6258995937705416,-1.8531704186772573,-3.8459699232218423,1.511764083399731,129.82670607165184,28.504647970199585
-2.2314538673477973,-0.0006516584254088187,-2.758273081792222,-0.202940555618766,0.7256318633458507,0.33722501920545334,-2.6900423002878613,1.2171868850371013,95.75770022827133,29.386889696121216
5.085896100189454,0.8224723766193884,-3.2219948852529763,-0.21780758083513962,1.0132646599568353,-2.6433733636950247,-3.9578523069463474,4.057670887783975,117.62114562089263,30.181000471115112
-0.9026936175096392,-2.2145423313339228,-0.8413021050891203,-0.5200409447979997,1.0755069758448421,-4.015836951560534,0.9213458432704451,-0.9953461686920626,62.27091694253464,30.76267910003662
3.0077717913458555,-2.4024729132646634,-0.5415555863167034,-0.7881058750495038,2.0564393802652488,2.1268704073569946,1.4099926294035257,-2.2851957052201755,111.44892040099111,31.37984013557434
1.4112203552203173,1.239410127130486,-0.8642463212524625,-0.3213964428579672,0.628477488323715,-5.12,0.049551192103507447,-0.12316599898529734,99.53751291999447,32.359225273132324
-4.768777114921094,4.482350046480529,-0.4500782375484569,-0.710958452707211,2.5881332397208565,-3.8874996647799995,1.0258830732957964,-1.8718494248578645,154.71391879615396,33.15989851951599
-2.972026826844496,-1.0854814192204252,-0.49387851840089336,0.5169918829592612,1.9660454673121093,-4.278982908594815,0.15391416787658407,-1.6785765383718814,107.73562639937451,33.7249436378479
-0.9925847844227009,5.12,-5.12,5.12,-5.12,-3.0099584371250927,5.12,2.9325951141512734,164.1826874542081,34.73871922492981
5.12,-0.6332871902906438,5.12,-3.044976867303727,1.7276186997868495,5.12,3.718632265236672,-0.6823598567445801,168.29865688058445,35.72550320625305
0.4489239463677599,-1.8235506872382166,-0.01839528403363566,-2.813263547961408,2.71733423689623,-5.12,2.133528778475763,-3.7025185964889946,125.53253225583768,36.703922510147095
4.646664974899768,4.944690579913813,0.8868579521789153,5.12,-5.12,-2.0554084400033474,-5.12,-2.706136621802329,177.5372472593556,37.58097743988037
-3.709922977980967,-5.12,5.12,5.12,5.12,-4.065752195814372,-5.12,0.8744208303185204,191.9696727146137,38.63959050178528
4.511938095190517,-5.12,-2.346251934010735,5.12,-5.12,2.230057974345767,5.12,-5.12,219.86709208139476,39.375704526901245
5.12,5.12,-5.12,-5.12,-5.12,5.12,5.12,5.12,231.39770980628714,40.32191467285156
5.12,5.12,-5.12,5.12,5.12,5.12,5.12,5.12,231.39770980628714,41.30948781967163
5.12,-5.12,5.12,-5.12,5.12,-5.12,-5.12,-5.12,231.39770980628714,42.318406105041504
-5.12,-5.12,5.12,5.12,-5.12,5.12,-5.12,5.12,231.39770980628714,43.430686950683594
5.12,-0.9910822534306574,5.12,5.12,5.12,5.12,5.12,-5.12,203.4709338503934,44.59816646575928
5.12,-5.12,-5.12,-5.12,5.12,-5.12,5.12,5.12,231.39770980628714,45.622798442840576
-5.12,5.12,5.12,-5.12,5.12,5.12,-5.12,-5.12,231.39770980628714,46.68541121482849
-5.12,5.12,5.12,-5.12,-5.12,-5.12,-5.12,5.12,231.39770980628714,47.738651752471924
-0.14949184095223966,-1.5887249805143013,0.0285383627927418,-1.7970609601527507,1.0394000905532446,-1.1220048363298787,1.3666443123258292,0.3908762671326613,77.49733027367384,48.77425456047058
1.0553132179284477,0.4545292041877813,-0.05311326190655308,1.5037212284151602,0.545382209698225,5.12,5.12,-0.6469669118820605,138.51836342686147,49.79036331176758
3.1208000876892443,3.5168175483584916,-4.221759761310677,3.1866543834497856,0.8523894921008264,-4.391610676876678,-0.12243059635979936,1.5251896344777025,153.94882230173013,50.77352952957153
-5.12,-5.12,5.12,-5.12,-5.12,-5.12,5.12,-5.12,231.39770980628714,51.7780385017395
-5.12,5.12,-5.12,5.12,-5.12,5.12,-5.12,5.12,231.39770980628714,52.79587006568909
5.12,-1.2056075113780014,3.5832126082887283,5.12,5.12,5.12,-5.12,5.12,213.7519932663573,53.96782684326172
5.12,3.9871044536353315,5.12,0.6024169180452645,-5.12,-5.12,-4.69682406530305,-0.30854053607503484,199.02205970980475,54.94746685028076
-5.024286464923829,-4.481074439093754,1.108858301004826,-3.9352485767744696,1.2249684670837668,3.809810247281219,4.108812580916667,1.182538148310135,142.34446464535836,56.0589554309845
5.12,4.88383879014915,0.9966848780869428,-5.065929603128961,-0.30578611183908766,-5.12,2.371043681066901,-2.445339663713384,173.19163908908263,57.34896969795227
-5.12,-5.12,-5.12,5.12,-1.2032959579249263,3.686046474011669,5.12,5.12,209.6016254793379,58.34384632110596
2.5480711026996765,-1.2255024914291384,-5.12,4.891842354537014,-0.1468216741333883,4.350140179298365,0.8617344237332487,5.12,163.08661395293328,59.60781693458557
1.8316649070614925,-0.9901605676681724,1.7004364416168594,4.362355197223692,0.8476535213013277,5.12,-5.12,-5.12,152.65355779369997,60.96406054496765
-5.12,-5.12,5.12,-0.35010562235002674,5.12,0.8110865231276252,5.12,-5.12,196.46730440168653,62.2793402671814
5.12,5.12,-5.12,-5.12,5.12,-4.995948901264307,-5.12,5.12,227.43574081034924,63.478063344955444
1.770903565523656,-1.1203142053179902,1.080439989173576,0.7111382833233391,0.21482270963198946,-5.12,5.12,-1.0915154421269877,99.64912735375974,64.99095296859741
2.225423653386292,-1.1838223509165413,0.12900495967103343,5.12,1.7412742677696658,-5.12,1.5692720657520534,-5.12,145.78677134859134,66.1589150428772
5.12,0.989383074870708,-5.12,-5.12,5.12,5.12,2.686602022902,-5.12,195.64613312648666,67.48326206207275
-5.12,-5.12,5.12,-5.12,5.12,-5.12,1.1148292994561766,5.12,206.20764121182467,68.9827811717987
5.12,-5.12,5.12,-5.12,-2.363115075999498,-5.12,5.110712295162791,5.12,224.09926666143625,70.18163728713989
-5.12,5.12,-5.12,0.14042644497934464,-5.12,-3.47727351130008,5.12,-5.12,209.20408278699495,71.44062328338623
5.12,5.12,5.12,5.12,5.12,-5.12,-5.093226724604328,-1.4115011242552837,221.64210014619124,72.73068904876709
0.00702167080033167,2.378639044970644,1.049300485985957,-0.956664197737604,-0.8674285547338263,4.094284512398436,-0.07618444097683597,0.1240643793991909,52.284638942433055,74.01961970329285
-4.467970823209129,2.032243692912979,-4.3883442314932735,4.932544362310554,4.7680796109736745,1.3990083883734625,4.77777525446034,-3.6474721036962374,218.21839500387762,75.36113452911377
4.556509208788941,-2.311951975699055,4.5060847531300565,5.084607223471839,-3.287769937713109,-3.900929367872561,4.672614852868221,5.010371062652816,228.6934871347825,76.50284242630005
-5.061302066380688,-0.7890024185730908,5.0589540528629575,2.3154922078837545,-4.622244731506928,4.942243825311341,-2.678764575449761,-5.044869815980806,191.1622055206953,77.82124280929565
-2.04496587857752,3.282437177860179,4.908102691931192,-4.8915737800884695,0.9167762052905584,-4.122839993794821,5.075973430074879,0.6695765846018533,143.4278837006058,78.92255902290344
4.761631067022779,-2.566520430597415,-4.453779376504342,2.412334439709782,4.625556616128017,-4.154663900761036,-3.9067255057323855,-2.7681608005957883,214.94729415232845,80.1178207397461
-0.10577019541554922,3.7475674890806685,0.3720692616854224,0.4414276506613044,-0.44082788974885023,4.187008678707573,-0.8761913298735395,-0.0880830792172489,111.2711491966719,81.29453444480896
4.8395417981038085,4.85312122304041,-3.70158424371568,5.086025621857204,-2.640607960803886,-0.5757977785582371,2.8127668272997894,-4.918744425175715,191.6698435762421,82.3842933177948
1.8537849508506064,5.034515878654008,-4.472618490027895,-0.5550446735163721,-3.0548595888983794,1.0103526997639287,-4.549089336460982,3.0810850485896273,154.46886565054137,83.63005590438843
0.583397298055055,-3.4306366377875417,-5.04978530408312,-4.686601670666375,-0.11966359475841415,0.8092675032986172,5.076228996729012,-4.887212939906052,174.57441015604616,84.71368885040283
-1.6066615161693307,-0.32307699845333904,0.5744700146264252,-1.851341970937753,-5.032290952877156,4.436825466286183,4.179663704757398,5.044871453035257,175.1667637240657,85.89855313301086
0.1101746046893819,1.9819197697140156,1.7800600510866262,-2.2883716519411785,0.776402808854427,3.4876114928202826,-4.443305998851978,-1.5280758834858905,137.60150866696085,87.07761859893799
-4.460350492718805,-3.87916377246481,-4.4427313777626685,4.8850768790854735,-5.018207812556,-1.2433782865315264,-2.5638110556693468,-4.5321673547080366,225.3323126150208,88.56069278717041
0.6842446021558759,1.982505773555137,4.858111830102943,-1.388661137344522,-0.8202845054047279,2.6701985692147163,1.9752089178132062,-4.993473287366607,122.67352131094941,90.34148120880127
1.0228216887286035,-4.623658935077734,5.022121688268389,0.9227658967515397,-0.4994446668494401,4.549021482718161,-2.037539922916815,-3.579612199904494,163.47082276615606,91.75149178504944
4.014263719563552,4.73022376373907,4.600515529656946,-3.2235351412588633,3.2707647391985537,-2.781645953300745,4.902534010987858,-4.597683387530575,210.66749227383826,93.40081071853638
-5.000711722719258,-2.7911430643991326,-3.8836556345774476,-3.111945318424998,5.103650691634342,2.6180740480565747,4.759932418507691,-2.600014042192094,179.13998890467914,95.1793475151062
-4.7972486511323345,4.459246894765543,-4.521485374536595,-2.5592994136436285,-1.0231689274342957,-1.2020819838531929,4.835302790008014,5.1067417192755284,202.01419957677618,96.74822974205017
-0.768971429095151,-0.2805686861994321,2.7773256994074575,-1.9109240082499461,0.8774020065723986,-0.0865666023222138,-0.9244786660374054,0.4708838450377648,69.62999463882079,98.44206285476685
-0.259708256033357,-1.470130166772205,4.591690026058843,-4.588788020964688,0.8485147458613076,-0.11815813739940584,-4.998125171061474,3.7805734769595363,166.6019907150353,100.11404538154602
-0.3878899967608662,1.9775406581431856,-1.1357737092980242,-0.2086211749788296,-1.4311800452080679,-3.380196729396846,0.7880574413962771,-0.452078019609214,111.82544548390536,101.75549912452698
0.8551930659310294,-0.36307851317429485,2.2075964240226105,-0.2701533710324746,4.155790090386069,4.782925802791685,1.6429400430898715,2.0513278723029815,120.98984967847545,103.4859516620636
0.16118162557917692,0.8473416542308572,-0.1615896216046373,-2.247631157631892,-0.7150869587800557,5.0891091027110855,1.1142473452986064,-0.8827777536018342,76.55591325056946,105.01351380348206
-0.8951771070254848,-0.7833452805207006,4.7896863948096415,-0.9131303199089151,-0.27135789400521126,1.5131538692472324,1.0325113899371514,-0.039639157101195366,79.4380117070213,106.54912257194519
0.16800171361495586,0.7409166048962019,4.866937337825417,-0.005693752067357671,3.3474279064661383,1.211197830303897,0.7167955135122188,-1.7573804602761034,104.42449964294741,108.13224744796753
-3.693069409738207,4.085830248254884,2.9631973721927176,4.935671350204063,4.107754613741492,-3.203499405056257,-4.588786483520706,-5.1164134567884485,184.20450894895782,109.62673377990723
0.2161980323228052,0.4482084285426664,1.8570345862326398,0.3106298979895321,0.6810393546256375,3.0318253499879217,-0.5307722495387983,-0.6921989858103963,106.829020730933,111.12178564071655
4.92476176445273,-1.0028350236771244,5.077637005394915,-4.457743618544333,-5.104794280158651,-3.4011748472833196,4.782675939695692,-3.988157454974964,197.4462865618477,112.59952569007874
0.9860144724050794,-4.9864721601611315,-0.4089292424079325,2.421334693235984,3.2849069175030943,-0.17963832744816965,5.070676613286799,-0.35005861511741987,140.55740775577067,114.31976842880249
4.039443219125228,4.191422495295794,2.2416780001408245,-4.950083309621054,-0.6835263015255677,1.4195188039715836,-4.777429618270329,-3.4361470169582136,177.495194422245,115.99905562400818
0.7797423978664417,-1.04275795490486,-0.4815631914324401,-2.186501176378343,0.019772913580706764,2.9671833270632204,0.7372369414448201,1.3289576335663318,78.22129937230531,117.65928530693054
1.6816403732879746,-4.82372828050284,-4.739612376138687,-0.5689629929925513,-4.980825523303796,1.8531375703310893,3.868961775352113,1.7621663077564422,161.09936255723548,119.55857682228088
-1.2682892653899431,-0.5381525939934804,4.828893905727237,-5.055553788596247,1.0725871007706376,4.112580220187115,0.2602530332351556,-2.1098015896812212,126.41698935584562,121.19238424301147
-0.0739918214226698,-1.1155586144345673,4.641822165778518,-1.7349093025020075,0.16335077599987713,-1.9129023918233958,0.9246886514000012,2.064281531859205,73.60895659076242,122.82707619667053
2.911191413845292,-1.1892541562374324,-1.041372338182292,-4.743900729895585,-4.735556553602439,-0.41597138583149995,-4.422228431423447,5.103588856039527,170.60950792114048,124.49895763397217
0.8083830896518363,-2.166477883519892,2.7292698082825835,-0.1606235827449609,0.24404757452243153,2.1858925628665693,-0.05537437177448634,2.5380281670400757,87.50220868958397,126.19767308235168
0.14431926080441926,0.42112747645663706,-1.0117384565996845,-2.144528471632089,-0.38403677609118425,3.529828795243911,-0.040610714225795874,2.2530579657633076,97.81652635840044,127.98290395736694
4.31799704229191,4.3903667655503,0.2292072591576355,4.91970258581008,-4.713179747745991,4.665101779342565,-1.713718522782464,5.0581471977171555,216.77971780439583,129.68135857582092
-2.7266489633962654,-4.0734600978920845,-1.7091529981959703,4.392161967403964,5.021878126675953,3.12259143933234,3.2619212864465537,4.290963727765205,179.31100378138217,131.67183566093445
1.471028223637453,-0.9837447715321481,1.9218532445551588,0.13700791576916327,1.4388551903872324,3.902069693399951,0.16614851404135944,1.5210123237501527,97.02179237334629,133.39201855659485
-1.4922648574447437,5.054098637767162,3.924142713194862,1.7208495892397764,-5.0155935431576975,1.6949397399668769,-1.3039448318467106,-4.996071135001621,161.0840789321849,135.27624106407166
1.28922755951739,1.254848603321511,5.046807441137623,-1.869583533363404,-1.4301032492907537,-4.736983177205797,1.3036422292039864,0.925207147177832,129.8485230358907,137.18713784217834
4.767149567071406,-4.537980503461975,5.035903492062496,-2.666275121426417,2.3423408333818854,0.6390829615450047,-2.587258960699815,4.85780123665224,210.0587891236009,139.17025089263916
1.7201052509601595,0.7513025986453847,-5.029932141781646,-1.3144136183718804,-1.225524570437202,2.825083806729806,0.7465263498872297,1.6253077677025134,120.331736276697,140.8689091205597
3.37052884589001,5.098569330780319,-3.969250030792674,-4.847552282755488,-4.965522891599729,-4.848334807827209,-0.40367032090957977,-4.587751462607501,210.3255910438919,142.61531591415405
-5.111592244791646,-4.403369712896274,-5.0714524623614725,-4.950920454672781,-4.059937654700949,-0.009576475939010898,-3.3844537583279948,4.622692388595609,202.4608908250466,144.5318901538849
-1.1399764626696696,-0.6484510102355117,4.631261867584375,-1.6812543742285295,5.021449314460605,1.2650018464129058,0.3949497948726517,-0.6812618695914647,147.10267575089836,146.89877033233643
-5.034689623554039,3.611970363682576,-2.7679396763669986,-4.587818424182035,4.769041961969815,3.9350240389339506,-3.6276815746949818,4.625372240367635,228.77338015510927,149.29757738113403
-2.138665302905651,-5.030686786023232,5.11021998866502,-0.6526166043767061,-1.801302914272216,3.309743538972314,4.88327314953031,0.718945248121071,151.78699217113035,151.2583873271942
0.6396929853534505,-1.073309867860659,-4.359759371160961,-4.2844305302389625,0.3443792747441776,3.813735221214672,4.967599893712708,2.429271890410365,171.03234315202843,153.17478013038635
-4.238465746316918,-1.614844465090992,4.772874033717007,-1.649299012383529,0.550029511473026,4.843113570869083,-2.313265915226073,-0.362979670352944,180.95490344367838,155.18952775001526
-0.649447469370493,0.9530911266068873,2.7545098185630774,0.1951518310345044,2.5600258035724472,-4.82193892704806,-0.5375279499094372,-0.13318790798031088,119.69712687476108,157.03570127487183
0.481955347736136,-0.32209766023254804,-0.23394079132371726,1.2595004111153631,1.303020749810294,2.8040323187293392,0.1959540443350969,-0.693892970053569,106.0209958469049,158.8395791053772
-0.33743155699372807,-2.255164394936856,0.19375455293778376,-0.730630125048382,-2.0332107591939432,-4.554194612407917,2.327305686315624,2.453488529813658,139.26773855675498,160.7869312763214
4.503898004348216,5.031307764518133,-4.959653663927862,3.818780642664964,1.2548782769095963,5.019306262661822,-4.986765191583158,-2.5544947097753874,199.09696156695628,162.69057703018188
0.841269099900301,3.314906131295186,2.6406050112988,-4.058520972667798,-4.249170432828488,5.054401655537238,3.7894732625490866,-4.616708613004035,185.47248412956623,164.5865409374237
-0.32404827679356885,0.2794817585199425,3.6944043417033,2.1393702803151164,-1.6460212974769939,-4.99919032332061,-4.105872626464437,-5.040496852865139,150.25351089954447,166.44642233848572
-0.4229304236079603,1.632742616690681,-0.508569245871465,-1.723652738845772,-0.3900993152356582,-5.050335057195627,-3.4701028637485987,2.0002709264180023,153.00679143388817,168.29046416282654
4.840183439731615,-3.5307328976582584,-4.744389258375529,-3.735262831561782,-3.6449835977753273,5.0787922875802485,-4.578498628791904,-4.188182164662022,238.0131048084442,170.13092136383057
1.5709448358533322,-0.5168651269138529,0.21694824459253503,1.252869989038028,0.5755827231371731,-0.9134569617627104,0.9372696331287971,-0.10803847410076628,86.81223123351681,172.05872344970703
-0.627014948639868,1.0069863898486702,0.9979513903615791,0.4836481677563276,0.9520429806803881,-0.2341865845874027,1.0395629076545276,-0.5453577742357822,71.27765422865077,174.03010201454163
1.532460693712859,-0.5132232922108706,0.16085358587990228,-0.022763040694022685,0.3698422703906026,-0.038764919197197045,-0.8647936932297942,-1.3278110088990314,85.06146746525437,175.9546091556549
-0.2851570499636331,-0.028335449008267233,0.8329079170005187,-1.729513052076582,-0.7289684543670258,0.7329109642310048,2.7409428625403462,-0.17784702845195266,79.61424714403363,177.9864456653595
0.8771864333513513,3.512100082224337,1.4884082794767126,-0.616865978214113,-0.9204702524135477,-1.2032911197447267,0.9414583087229476,-0.8336155354264383,93.76017361104275,180.01015090942383
1.1251764467488954,0.7661675230020046,0.6199256740381394,1.3396310989495204,-1.4886679396007443,-0.7870166342602305,0.7760649721518007,-0.7779178449380604,96.92337017145887,181.9041850566864
3.925978280748219,-4.906743096883379,4.193294369991663,-1.5743829930182773,4.039286706617859,-4.298076822972491,5.067175539436401,-4.163043759160285,184.4781647277883,183.8472020626068
-0.7221744571313762,-0.8827191198400604,-0.1990720672094799,1.9786278357983296,-1.0058021166084687,1.0064473912267013,-1.0792444993434742,-0.1919159847009011,37.41979054551059,185.76905465126038
-3.901098492959139,-4.775460473453178,-4.3353333054162695,4.692246248046897,0.4722368642138868,-5.088749526949313,-2.4825769239653956,3.732071870860456,216.4077717517488,187.65052795410156
-2.8715538542957386,-4.081770293914619,4.451300218372929,-4.571135978580575,4.987747067191486,-2.98357625501902,-3.8339649687362884,-4.937671520099133,187.2087257586895,189.8553695678711
1.1338992119459803,-4.089195816578787,-5.037930754970497,4.974852365586451,-0.482192171700194,5.0423142630125986,-4.72084316622613,0.2108777651497551,161.07469074035203,192.09551525115967
3.9210446206489893,-4.673434735682688,1.067160136755028,5.035838237466494,4.8627028330509985,-5.107722250020325,3.1566038689366946,4.755737581823811,182.79508874186655,194.2844307422638
-4.124672986806922,4.930580924587672,4.083556534865125,-3.8202169317652315,-2.574267677088114,3.567713737943147,4.193671568533413,4.316358472942343,197.7168589979325,196.39735746383667
4.871402843625531,-2.5147305807250038,-3.675364106752135,-3.5665545360504596,4.141772343485017,4.450484591094765,-4.930199950284001,4.418703155496533,236.68331255771454,198.59953236579895
-2.633070730776165,4.756011638404961,-5.03716278729964,4.447586347835018,-4.315695430979252,5.046489165427716,0.6056021660681141,-1.934820584626387,202.1095888468982,200.7921507358551
4.944939491587154,4.703968057971438,-4.0618722713373625,1.2075498366624018,-3.4319942779049937,-4.920989985531171,2.24972346027429,4.266524551602619,186.67808528445738,202.81786012649536
-1.062413243649985,4.9937121238238875,-5.048544192790384,-4.977293767835451,4.546397785114942,-4.827483131933551,-2.193410918052546,-5.077157540737416,184.7909760376976,205.02995133399963
-3.9388005745214056,-4.323916359136378,4.667664564731084,4.017571341468204,-5.118193491392158,-4.281442643235636,4.81459032738671,-1.9512287254986513,194.9823424183278,207.2775695323944
-1.9964033299501631,4.843244831511863,-0.7969553151788933,-4.798993972137131,3.0644775621072933,3.7260640765318955,5.034895009755661,-4.967652475450286,155.6990169796876,209.53402614593506
-0.5646012895473156,0.8540386031570071,0.5053561343153641,4.6590471962824465,-5.016035844826572,-4.407683598406144,-5.035572206782514,0.825759719467734,176.22818427295687,211.84403562545776
-0.22617150788182006,4.822327382731623,4.100917458791375,4.568903430506434,4.214069328658074,5.015530596065557,-2.096329630389466,-1.726775926215225,167.46825658024997,214.2500340938568
4.687230144201487,4.659684233121145,4.500968229700551,2.3066546900476945,5.0740277287604565,-5.101156495693113,2.858249967337815,4.616843500293927,237.3668774538205,216.5554404258728
0.3709164868232824,-4.218095624770574,-3.383920281557855,4.942755273705605,4.673573576782576,-4.503072926780124,4.765213742008441,-4.5213879113613755,245.64702332064368,219.33560466766357
0.6869381658091207,-2.900019991346297,3.1713664025981254,-4.673839250545869,5.077651981563151,4.978896516803862,4.846003022315238,-4.651363870099779,193.4964469718941,221.65002393722534
4.75688798044506,-5.084531406773197,5.028433867266135,4.110274577100971,-4.037066626477001,3.8580675539902556,-3.7951868557335398,-1.5551113782004955,182.66938892099603,224.09449219703674
-4.183521970682344,1.4580019335322856,-2.8852438646233503,-4.2659282013760365,-4.858053720037476,-5.006145328214501,5.005101074729105,4.72486924760284,196.57871752921525,226.2893078327179
-4.388120825049352,4.74887850715914,-5.107292752656925,3.9282896013080046,4.476495903305591,-5.0446865878862095,-2.149553128482482,4.595309644777145,228.0760947969683,228.64321088790894
-4.797136123890507,-3.9438351366292292,4.8011352529508455,-4.427115122360159,-3.2780806938919635,-2.427944100709337,-4.618494302397774,-2.939678953000286,210.1504403636628,230.88538241386414
-4.149382057209548,4.666953622184049,4.789385935579852,-2.658280356960128,1.0094941010310565,-4.723350644026712,-4.493648893013327,-3.8672676449005836,204.5122099714708,233.0793695449829
4.408220493688256,4.352547376255072,4.455097513832587,4.55854359489659,-3.86535465788228,4.7002260217296525,2.2739170888639366,-2.9246327995575148,232.13206924022919,235.5001039505005
0.798756186987557,-4.569234187723144,4.80604613105105,4.837118023094818,1.644991227494903,3.5132778116458416,4.503808850269338,4.107934508972545,215.92414295994348,237.90161609649658
-3.8809092466861967,-3.4778561715354246,-4.613843490621917,-1.5478004580861633,-2.029210171876654,4.9730494530041485,4.1366022069963035,-4.450561021479507,199.57918995407368,240.24908328056335
4.422381994962664,-5.0417486909863545,1.360474777055316,3.7425318655217366,4.990578534947191,4.598822268596311,-4.691028534227067,-4.954258614665015,231.66432465432328,242.70442843437195
-0.8476012134542952,-0.2001387480627299,1.6944751427234328,-5.029183841472135,-0.8475809943059698,-1.1074795388245287,3.840746363464066,-0.342889844746197,97.03869187018982,245.26056504249573
5.116482842990027,4.650230619840433,0.9899350867566223,-4.837560660082885,4.9318766232825455,4.748433341179196,3.0785752392489654,0.784151038650057,172.43266050527365,247.62670254707336
4.1323318149110575,4.471385450716315,-4.40703659468791,-0.8988512797156174,4.232833045112915,-5.015371418040692,4.591388825802931,-2.697113688653855,212.7492421849801,250.1610496044159
0.175045422079954,4.878964812263516,4.577931928753766,-4.425366670823617,-3.9495511211780343,4.8518160413759714,-4.585628174420004,3.124820055153461,206.30749552275992,252.53875756263733
4.981836916783142,-2.540653735883371,1.6243677748141785,4.376565021413367,-3.2368002566658136,-4.744875853306042,-4.104883524794828,-4.575085878956775,218.31372703471195,255.0690417289734
0.18240422266061174,0.4148512218300642,-0.26562945574443386,4.914524798935299,-0.6150876053212757,1.0368263056646958,-4.572008324799916,0.9351363258733771,122.10671975203196,257.45955085754395
-4.205213839494027,5.024592387718106,-3.9258678481570346,4.142047214703063,2.461274857521264,4.469619227854046,-4.465966459751652,-4.535514085888477,233.2314116226007,260.0050103664398
