-1.2656637008217428,4.3264585989548765,-3.82375565064052,4.846089162017145,2.2511415365265455,-1.8557451477207412,0.7492589198355866,-0.7205733191630515,139.26514169832052,0.5116424560546875
2.5493819016562362,-2.1707356316142965,0.9033200933599037,-0.022945891759279746,1.4270822000960512,2.5961596835889313,-1.691600590126333,-2.8857645389016393,111.88504825340911,0.9518685340881348
3.049534615159682,-5.12,-0.6571043268063184,-4.947902103801031,-4.055218368261417,-0.35723899298415507,2.5532124426031064,-4.743215958739116,171.95757811006283,1.4812805652618408
3.3881158890888488,-1.8469657753166575,0.7723320366433635,-1.6107599209104353,2.058925774823088,2.427476523491447,-0.174736373070421,-2.235123008993887,115.5915855297731,1.9113357067108154
1.0430932809198268,-1.7733404232338028,-2.307310343977256,3.2322877696440644,0.12799771843221563,1.8104807041409785,0.7982157618912504,-4.302131644600678,103.34787797768338,2.4209911823272705
1.0149087197746383,-1.721769062963813,4.122537023353007,-2.589997617648847,2.396885436347368,1.9624229400979383,4.924786281040535,-5.12,142.8914712424976,3.11753511428833
1.0781560038743647,-1.2326293777055461,-2.438274094593991,-4.3239535574422785,4.389348280389288,1.239311817588998,-0.0034707401485922773,-4.731467708919514,152.51566574321615,3.528632402420044
1.0236570414373638,2.3538773177363144,-4.903201239162237,5.12,-0.2944927778690021,3.694554340046257,4.03524002274538,-4.378593503739387,170.36915097501762,3.9948508739471436
-0.9862923542802342,-1.6947161129182797,-0.9059304375746073,4.979824889118505,-3.521035291598162,2.3769149701321464,2.059729346446866,-3.73247274978854,129.7668418921261,4.419870615005493
2.4984354089213197,-1.5694458250971248,-1.1931383403655378,0.9087356432941078,1.157871143141251,1.8514968981881275,1.92786480402531,-3.2373481845464225,95.87658161741729,5.011041164398193
1.991401506881184,-1.312853651158604,-0.04465111047988479,-0.057344020974657184,1.8524332408292778,0.8345046049073996,4.575228323957082,4.2989213459861615,104.99564819014928,5.672216415405273
5.118016995849243,-1.0452306854511448,-0.9053101987330683,0.3416054548780867,2.6283600927068695,0.9371626906041852,3.6595585187995043,-0.6158560793973145,120.50586341147226,6.284582853317261
0.7888906000822464,-2.1525653300080148,-0.3276384809225741,-0.4440766664785176,0.7548398292153591,1.6564980915569905,2.3724137120150273,-0.8609112646974832,106.92935530364996,6.890771150588989
1.6439373300593294,-1.9065047545971137,-1.8608414515091862,1.4120077043183654,-2.0294236208096272,3.4002253634594384,-1.527570692267982,-2.1884100509979514,118.89519037388355,7.517955780029297
3.9128111029987585,-1.3449236524087267,-1.3099640745135268,5.12,0.444839941826884,2.336902754454737,-1.0654107992296984,-1.415160181450736,141.35944246880177,8.19576358795166
1.3589162572968592,-1.5005825555367514,-1.94223984689055,1.2749688060598725,-5.12,1.7173173213139732,-4.7375678991700045,-4.086215294883914,153.2983066767191,8.812118530273438
2.150404228331415,-2.2721909009608665,-2.3835339625101266,0.7185648277494137,1.2394053735449235,1.7283012068863322,1.558366309664283,-5.12,136.82474478358995,9.416113138198853
-5.12,-1.2013025132798445,-0.6162791195568955,0.21722704277876925,0.45842827988317225,3.3099351382508955,4.758589456131028,-1.2070192827740245,148.58352231445687,10.068017721176147
1.3477894970590913,-1.6327074429100321,-0.9819135067094482,0.9488606306141323,0.6667851943840892,3.633461746718921,2.104451523677932,1.1470340381125448,96.52815969228061,10.630326271057129
1.3482898466436621,-1.228755290212931,-1.7408201548258133,1.197688618028975,1.4883217878493031,4.115042559086789,3.771656414352212,-1.326008886260273,130.44674077033832,11.400029420852661
2.2053322236560566,-1.683292350364094,-1.606273401458159,0.3779256785795688,-0.28873231433879365,0.8647928099295443,3.593497106557849,-0.1913415121813946,121.08003224092187,12.196627140045166
2.611991415029747,-1.6639704047967596,-0.4651639358266033,0.6048440223979448,-0.383278647895426,-4.010235978444104,1.8015610198857868,-4.659885738185903,161.4331396582284,13.10806918144226
2.2061658714151973,-2.648313316607794,0.8448142362007669,0.38412398899236777,1.3701668751342835,2.585489266982303,5.12,5.12,159.69556270599136,13.860543727874756
2.5622008120067212,-1.625415788060069,-1.991602396720304,2.7413135993874604,2.4137058917314063,3.13669907118265,1.6906287598556364,-3.636447328064297,151.51513205998077,14.775508880615234
2.0582923923372096,-0.8039431234410896,-0.7881607819658862,-1.0009389678827008,1.552761557954291,1.954676867476934,2.444833427047927,-3.2354410555838413,92.49693813904717,15.488275527954102
1.4595064720457538,-4.468405222826924,-1.065922220035171,3.7325019026704878,1.0540396086671153,1.8035075789977988,0.9964907053543293,1.7584922646765664,113.77903317577605,16.197798490524292
2.403397308920354,0.5135397710737797,-0.8097483485139474,0.2623634090993132,1.109205502092177,2.453196933400143,1.986283070276163,-0.7015096459864862,108.60842869203552,17.135876655578613
1.9673255073042268,-1.8455167432853692,-0.8732904732598241,3.9791755385003524,1.27972202743209,1.9744866410284612,2.416975043372462,-2.11537047556085,80.54783246866026,17.842474699020386
2.308000153380042,-2.1891598432007715,-0.7334212376400586,5.12,1.5239729784495273,2.086365859720578,3.3121233436088398,-0.28146381906895,135.272739981176,18.5309419631958
1.2524147288104892,-0.49317941092321504,-0.4309685613282541,-5.12,1.4708192491448289,3.613731360273369,-2.1082107300544455,-5.12,168.3400631994989,19.1806697845459
-0.5065000293533952,-2.2304184892559387,2.1868243104372365,1.266522388543435,0.7291301783437882,1.783078026260248,2.573393046783597,-2.32733325492247,126.17168117817147,19.857553482055664
-0.5161460967222089,4.203385924893635,-0.5230938460113972,3.377987834817209,4.856314119470153,0.9269738515251591,3.2385429646173423,-0.32307073134857234,157.36632807593284,20.637622833251953
2.1963982303312832,-0.6472818924822441,-1.1285297000339973,-0.9467729762147199,-3.804142522447296,1.8782745853272198,2.387720633102366,-2.240940257310867,98.98005915817724,21.50316095352173
2.2562591304181128,-2.4558396833033784,-2.2474182858850407,1.700589672020885,-3.813341291504263,1.944321310618407,1.8257967689361019,-2.4587332788372094,131.48039105600913,22.209280252456665
2.2196959848736046,-1.7232270704921255,-0.7890558705958624,-4.613719742725428,3.3795384842092657,2.3075047572609195,2.249927307297342,-3.2571507713962005,158.37841769105657,22.964860916137695
-3.5342272123204075,-2.0712109173632047,2.3144979048618826,3.8355077769030403,0.8238967967503719,1.2678803907319445,2.684966579718246,-4.011668065509084,132.6595659072393,23.679033041000366
5.12,-5.12,-4.36878563531736,5.12,4.965494801623133,-5.12,-5.12,3.548520743736959,237.5206191034418,24.48354959487915
5.12,-5.12,5.12,5.12,5.12,5.12,-5.12,5.12,231.39770980628714,25.175480604171753
-5.12,5.12,5.12,5.12,-5.12,-5.12,5.12,-5.12,231.39770980628714,25.77795100212097
5.12,-5.12,5.12,-5.12,-5.12,5.12,3.8607277043752513,5.12,220.9688111546383,26.397338390350342
-5.12,-5.12,-5.12,5.12,-5.12,5.12,5.12,5.12,231.39770980628714,26.984158277511597
5.12,5.12,-3.023621871363016,-5.12,-5.12,0.8797831254171937,5.12,-5.12,186.2941798066849,27.805907011032104
5.12,-5.12,5.12,-0.16138359889906795,-0.5391536312906879,0.5582132588433888,-0.30684502183434503,-0.4581118103621966,164.61112257140923,28.463783979415894
5.12,5.12,-5.12,5.12,5.12,-5.12,5.12,-5.12,231.39770980628714,29.095518827438354
-2.931034409913389,-1.403980746660662,-1.6806779725714347,5.12,0.9063646069451714,1.9628109176802369,2.208792283737944,-1.8639697479409358,101.54519951946939,29.625081539154053
-5.12,5.12,5.12,5.12,-5.12,5.12,-5.12,5.12,231.39770980628714,30.30825114250183
-5.12,5.12,-5.12,5.12,-5.12,-5.12,5.12,5.12,231.39770980628714,30.920124053955078
-5.12,-5.12,-5.12,-5.12,-5.12,-5.12,-5.12,5.12,231.39770980628714,31.517054796218872
-5.12,-0.3159857753735613,-5.12,5.12,5.12,3.7631699745082523,-5.12,5.12,211.01127410300464,32.185014486312866
5.12,-5.12,5.12,-5.12,5.12,-5.12,5.12,5.12,231.39770980628714,32.904841899871826
0.47713941533121407,-0.06568732851424919,-5.12,0.8690636895852126,-0.3110657523298208,0.0472874658990019,-5.12,-0.40425870694642896,115.45945218888599,33.601839542388916
0.04568256018184691,-0.9558772049374413,5.12,-5.12,-5.12,5.12,5.12,0.14740519127091023,150.34306859839876,34.30941081047058
5.12,5.12,-5.12,-5.12,-5.12,-5.12,5.12,5.12,231.39770980628714,35.13279724121094
0.4227029178302386,-0.16764850730053027,5.12,0.8877059383451238,-0.32951247557141183,0.03254091011195026,5.12,-0.397416769222497,118.38915960645797,35.92102313041687
-5.12,-5.12,-5.12,5.12,5.12,5.12,5.12,-5.12,231.39770980628714,36.60193586349487
0.26331222849853564,0.2572023496810365,-0.41843671649867,0.5947999677766154,-0.305883214512086,0.20859583527941616,5.12,-0.7503301153267126,119.41671956933111,37.28757119178772
-0.2911734108573354,-0.536826603776623,-5.12,0.502780531453265,-0.541688296393855,0.5092229254288929,-0.14748733452629992,-0.4843616324406703,146.23881166609047,37.988292932510376
-5.12,5.12,5.12,5.12,5.12,-5.12,5.12,5.12,231.39770980628714,38.72790837287903
-5.12,-5.12,5.12,5.12,-5.12,5.12,-5.12,-5.12,231.39770980628714,39.46942925453186
1.8143143435352291,-1.0089421463895327,-0.3768263353526784,-1.9141038565105184,-4.651172419431668,3.5499154881099306,-4.8846599142618485,-0.08284758169756667,130.04242487667477,40.09132480621338
0.5080030161955218,4.716844055222832,3.4571716026720383,-0.3447149928107658,-1.5535327192171504,1.6086209098230135,-1.858557624680346,1.370587984258032,169.98103594550375,40.86274170875549
5.12,1.1826174577662867,5.12,5.12,-5.12,0.8434374371876947,5.12,-5.12,186.01047441023655,41.625471353530884
-5.12,-5.12,5.12,5.12,-5.12,-5.12,5.12,5.12,231.39770980628714,42.44920516014099
-0.5581833740460098,-4.2439745600531245,-4.837177326759836,4.672762825925596,4.648178346926357,1.8761970791082545,4.373394519974554,-0.07118921315428484,193.06008483653858,43.24678874015808
3.4127129963785565,-0.7701860792992941,3.18401711029352,-2.6968424625134726,3.7804547626409244,1.954578264734403,0.23748985081861296,-5.016364954023318,137.27206991225117,44.13686537742615
5.12,5.12,5.12,-5.12,5.12,-5.12,0.07584729218518493,-5.12,203.59297886328153,45.08945441246033
5.12,1.4665604969506818,-5.12,-5.12,-5.12,5.12,5.12,5.12,224.40388265715225,45.92037105560303
-1.6489571553744389,-5.12,-1.9215131521683713,3.2784593375438087,4.004319524155622,-5.12,-3.024482540625351,-5.12,158.13844652231384,46.77156853675842
3.480809973374483,-2.0828524946098685,-3.68136956084229,-4.781437609909381,-3.700665058913712,-0.530667558504696,2.4492133731533388,2.5829430130283653,194.01809209806981,47.75905966758728
3.055044436873744,-1.8170103852465234,-0.6048537336309714,5.12,2.2862685735808954,1.9220258561286538,1.2425620504380595,-2.7956137882153143,114.75961921742913,48.697399377822876
-0.5345420583420113,-0.536838010133077,-0.21908384832747352,1.3223204891469251,0.01712307555234549,0.3121722373074327,-0.6954831259747962,-0.5932423504934805,110.81829724655763,49.52245759963989
-5.12,5.12,-5.12,5.12,-5.12,-5.12,-5.12,-5.12,231.39770980628714,50.51369786262512
-5.12,-5.12,5.12,-5.12,5.12,-5.12,-5.12,-5.12,231.39770980628714,51.55064153671265
5.12,5.12,5.12,-5.12,-2.050437930232288,5.12,5.12,-5.12,207.17526551786412,52.66295838356018
5.12,-5.12,5.12,5.12,5.12,-2.144670298837716,5.12,-5.12,210.92718075575448,53.63391160964966
-0.21177015426571177,-0.62257676420879,-0.007343343477518971,1.4870996252239168,0.23599108541141955,0.14384552666724293,-1.19952716851172,-0.5624189868101084,88.30926438135029,54.60798263549805
-0.12627877350801686,-0.6064929263430976,-0.01702708927691976,1.5850152464535654,0.37490457103581054,0.08150135063411668,-1.4066630181303172,-0.6046350986959661,99.475876271103,55.6394145488739
-0.14169669882763092,-0.6352416064961535,0.03747474973137521,1.4331586659581106,0.0660991297417084,0.27728070663024607,-0.8376005129970583,-0.4475190455352198,79.96564922014765,56.70343542098999
-0.22231026939272258,-0.0801789156337831,-0.1929947086680981,2.7736407540975367,1.7958341513082328,-1.1094792650641514,-5.12,-1.3608579064068005,93.3940544541971,57.8303165435791
0.569613167587983,0.16860475953088194,0.3679236362039138,2.156857228199587,0.41272608750854634,-0.16578996967673465,-5.12,-2.2363322648096022,117.28275539394289,58.85798764228821
-0.8556761789087464,-1.5193059101024544,0.034821957949410454,1.9410411259982387,-0.17066199413102723,-0.39949140733101896,-5.12,1.5286460024480109,106.06895897632211,59.94583559036255
0.43418383810606276,0.3273772851233794,0.8040607434359845,2.4088156521943116,-1.4987209209827022,1.419702399284895,5.12,0.030444737279039735,137.76900050296908,60.99086022377014
-1.3539797293798368,0.4863297415938508,-0.09456661031936342,5.12,5.12,-1.380407147202364,-5.12,-5.12,174.7456192575785,62.02740955352783
-0.6954599190332393,-1.6181934558506352,-0.05512897782025483,0.1937207653887132,0.015099137217410963,0.10422774761361087,-1.569548824533312,-0.16804866120154038,69.7531998837518,63.18390870094299
-5.12,-5.12,5.12,-5.12,5.12,5.12,-5.12,5.12,231.39770980628714,64.25111436843872
-3.541597993169243,0.8283439502494199,3.161544273936671,-4.883661530212284,-4.215357537628601,-2.25858445712245,-2.4490854224551892,0.232434557917637,154.9808593049527,65.238037109375
4.800030545374102,4.837634742032008,-3.7119360782337,-4.831747242433287,3.688553682206554,3.0598171358700066,-4.4994835271512335,4.942891688960796,215.44437394240384,66.15765118598938
-4.404962013365856,-4.493466696136616,-0.31917317104835075,-3.624804230572032,-1.6447045657171948,-0.034495937241160846,-4.857825028653813,-4.877344852602867,195.41561172276127,67.07055497169495
1.2077666776816889,-1.8107664061372568,3.1735172174192785,3.8169839977895252,-2.4973282420670126,-3.914070507590708,-4.406615054316724,3.858184684570994,153.64428423436271,68.05013012886047
-5.085238682806877,1.9211639282590083,-4.944779911013239,-2.8296512290611058,-4.832088482069309,4.0367223120583455,2.624359104906272,-2.1898357308636838,150.4764126467807,69.02778172492981
-0.7298373023691589,-0.0060386784226693635,0.26879882314097614,2.913281054335928,-1.88281882256913,4.535012158150848,-0.9497656653976501,1.6642577152135098,98.74618025271306,70.11823320388794
-0.9669427808086866,-2.525381170857876,0.3327710582144956,0.8782648560915058,-0.1652365679151817,0.13210127658635162,-0.5050653705065686,1.3282873697228688,90.9932461210463,71.2526638507843
-0.31974593772006,-0.7204130299037192,-1.0032526880739976,1.7289694024592572,-4.804657294321904,-4.512183150253503,-0.8989616684739454,1.4188196926580119,135.57314192659015,72.26465892791748
-0.5144709981897906,-0.6863685134911863,0.8399166864129173,0.6858977496231136,-2.1722599448272404,4.875634077816444,-0.553959543237811,1.5963694236310086,131.53547933397138,73.40616202354431
2.91290939716633,4.937931858812665,-4.721450742468372,4.056693409438814,-4.7584081458933225,2.3463832201042543,-3.4232361927242865,3.3740002050694917,198.54062568395904,74.41450214385986
-4.6527818569708135,3.734394674002405,2.1700013631615773,-3.082319959772064,-4.410352981594628,4.742112961315084,3.548819569942478,-5.114410707661785,214.65714471617974,75.4701156616211
-0.684340129921849,2.2643379439519142,-2.2217563909289693,3.4766105827622455,5.012320953740244,-5.062562384307856,-4.908881375742688,4.562567377286558,192.94609319502143,76.5086236000061
-3.9865903548358324,4.8407570768824355,-4.818977701046178,-2.895509757198046,2.495194250031086,4.040944710384063,4.965919442641236,4.326642575851724,184.56870612981072,77.6000428199768
-5.088615554970358,2.5690904862659547,-3.526013408791589,-4.716365102962875,-4.022329171339437,3.187276078858111,-3.647851077218439,4.90933320950736,207.288808716957,78.726895570755
-0.6454763120384417,-2.095387169147247,0.443047701274212,5.0160936897124815,0.6048560902771554,-3.208534939439414,-1.304001137090499,-0.819558184387188,124.89007604818015,79.78734540939331
4.7086462710671215,4.920815659007309,4.625038137935051,-4.878626670138426,-1.663160100410268,0.6378956533710687,4.725960918581229,4.903215931788371,219.71011391163893,80.88152575492859
-5.065464335831756,-0.25565261747405454,-3.4204363021892616,-4.950888075389745,-4.874014032869879,-4.960934394305483,4.628166965400349,-5.046715928783223,208.2581489098826,81.96351623535156
2.643206708246108,-4.8081241640880465,-1.402315813851167,4.880264928792934,-4.685469424122123,5.04232358931323,-4.7183770339851705,-2.1122545936307002,202.16721427314755,83.11828780174255
-1.2205711979527858,-2.3066283122847753,3.916783260603796,2.5473119352718507,5.01744649088253,0.8252085263008242,-0.4555102062536802,1.2100332722731455,131.34552763274058,84.29530143737793
0.7471284014007651,0.9548378523176781,3.644323127570538,4.948390751327136,-4.944339681146716,4.479049031656662,4.693262602865214,4.444340071863787,206.1923150111115,85.41093897819519
4.906676615140369,3.261699606476646,4.593463877720731,0.858563315505612,-4.267999262601288,-5.021996506305941,-5.05466268944003,-3.6188986023379295,202.2034322637341,86.53649735450745
-3.7833240682916265,-1.2272922426999084,0.1437561379860588,3.9297236180634476,-1.5975090443048607,0.8818046353115578,-4.940570333748349,0.6957418184969848,115.62103144008437,87.68156433105469
-4.461392352628241,-4.3357311638381235,3.4751865964923736,5.042847977990758,4.09636974173801,-4.364130409503039,-3.0028501914966372,4.184577654561127,217.99524662317702,88.83678936958313
3.5992253470039435,-0.8224047918664219,2.433048195809757,-1.201180664664638,4.6422344600037855,4.935511024438452,4.790445751943275,-0.025920871877526785,164.37877245635573,90.00777459144592
2.5626497259424195,-0.3473393474183988,-4.284994155681585,-5.053876148903791,4.354149393563113,-4.672810276551801,-4.518215502235545,-2.58302972794886,235.54947329478838,91.22378206253052
-0.9093113291026063,-1.046646199583141,0.1843080643525976,0.4967542820240638,0.6902932336180605,-0.08814821703574705,-1.0208640105324545,2.3310104909610674,67.27403419577902,92.51935982704163
-1.7617481201211098,0.20497887581365148,-0.4278192556428948,1.567514686372915,2.4096832248599602,1.4509278174030964,0.16964484264592805,0.7703147079041335,120.74488569358303,93.93689680099487
-0.6150573029743471,-1.7202967376987415,1.0647467805675,-1.263852940284206,-0.6416245465265193,1.0156096162425294,-1.1465361172470772,1.051775304452267,71.78761725331115,95.56494522094727
-1.8308285911436561,-1.8333629890583647,1.0072865027139457,0.6514714726074988,-4.607882557565892,1.000086374213332,-1.403018330768636,1.1374344216323005,99.08756338601691,97.15569877624512
-1.4095316056509826,-1.608760847121121,0.5037798884076334,0.5641380712463482,-2.1206036000276147,1.0464644358384474,-0.3071081606718611,-0.37159722209032875,119.9389409693895,98.58917236328125
-4.298809955956591,-4.25104923092118,0.3292098319903598,-4.398170599928457,-3.212583216914586,1.722617651399239,4.842786525632271,2.422741244530787,197.21688223698217,100.06268692016602
0.4667791562828256,-1.120068456081583,1.2823725874068996,0.2597433550578705,0.11778368261390071,-1.0817280843672918,-0.6979338327108398,0.5943201777186466,85.7503309263123,101.44890332221985
3.832795657087803,-2.3910412104122036,-0.029828743601373553,0.5206372931430954,4.051143765706931,-0.0377218757612896,-1.684706713761504,3.1125583374679087,109.66407607387927,102.81272482872009
-4.133527794683842,1.7904322383897036,-5.112567931305375,1.9632522373653103,2.9089558677106835,4.426343170996987,-3.977535061561311,-5.000341488729929,153.2714138811099,104.2476921081543
-1.947169997520477,-1.293728298945744,4.7207988016661835,-5.058921728072723,-2.798609266479784,-4.988346080865504,4.168123723920499,-4.632055059686553,179.49992441624218,105.87544465065002
2.340752868040682,-1.4733417260534698,0.7319353705621054,0.7101009069721886,-3.930022626082348,-1.5647800625876842,1.5236663981656617,-0.13591111583419657,131.2487561368497,107.51595044136047
3.543658057264925,-0.07151568828203914,3.491791167198671,0.09649153602934124,-1.0285364404069615,-0.6695256259890732,-4.022252065830903,4.75359259125267,132.30940671432953,109.08671450614929
0.8603970421996712,0.7010808987049497,5.026686803927505,-2.931409756525704,3.9157704839512233,2.9292566630027137,-4.871463391487423,-2.834918589428375,118.80248384349787,110.67204213142395
-1.8203759728557016,-0.5465514202296324,4.1538967840613585,-1.0922628903134992,1.166691921201183,-0.08376771499817437,-1.8991539725035689,-0.22385990262488153,74.99825871141459,112.3326723575592
0.6671218541685278,-1.4542681587730448,3.807260926215849,-0.08586631173463743,-1.6421336067482235,0.4761200406016881,-4.418393584107516,0.42458384141623906,155.92344649865768,114.03572511672974
4.717542287618573,-0.6128390030910245,4.774791664663852,0.12639787565234073,4.118090600426899,-1.0253846401888067,0.7354428717985684,-0.9039040039347075,121.30588125425189,115.8639566898346
-4.041189275354659,-0.3720143412975947,3.450338012161313,0.9926725114792863,5.06607796900632,2.244307956989135,-1.6546086729821643,-3.2122530411131027,143.69971892777102,117.60883617401123
4.481928432000546,-4.294222959984544,-4.428286049223833,4.837110067916616,-5.077599820810779,-4.6884185908436855,3.3145390263510395,0.17930002262544775,231.37946484407965,119.42041206359863
-0.4747023837862434,0.02345265678294517,-0.3544445195088288,0.9173211433834698,-0.33147466370210044,-0.005590180005413892,-1.2170263329279418,-0.12072614585956298,65.79097181517689,121.15752506256104
-4.946609250948113,3.1141527869144925,3.1415960814935255,-3.596844666248103,4.953376917469627,-2.905740276025745,4.813871763878125,-5.039263841638634,171.97589113175795,122.91565346717834
-1.004078708880031,-0.5196038523949582,-1.2097017011409652,0.09695368768567203,2.448154833555681,1.393425191675691,-1.1100143309148827,-0.31197511201784867,94.64318634797034,124.47565579414368
3.0462605885149587,0.18493612512883573,4.523135050454203,-4.485882318355761,-4.545297341038905,3.9348321461903586,-4.557426809463204,-3.863742248482863,211.26337644333148,126.14632749557495
-4.10751649288695,0.014918969815425953,-0.8832918305960797,0.9404109905781226,-0.1181942200137227,1.1410799232795013,-3.900061486942221,0.8092903601489398,55.800370311093054,127.89107728004456
3.7636428159005844,4.737693413251807,4.7745857338039555,4.757984624302654,4.574717729005882,2.036230602312469,4.597658326524633,-4.817484496066656,232.580552634699,130.16987466812134
-0.7370970341298388,-5.020697979288025,-4.877635518144783,-4.580790570204898,5.0055972987202315,2.3752977154735895,1.798400976370842,3.6761507269861804,188.98954951323498,132.1408851146698
1.824780824224641,-4.393935246776039,-4.5946053753247575,-1.4568672953592618,5.033833990570044,4.879450743763642,-3.126017145439276,-5.027215028969318,197.39442080413733,134.15009570121765
-4.562271173935208,2.793464076776621,4.3539723674420285,-5.094876269312099,4.892426916822584,5.053616900619281,3.815246473571718,4.860912482681573,217.89867075999442,136.1105477809906
-0.26609137000322214,0.7269377708155904,4.766120440643465,-5.042917865394685,-5.022650698501959,-5.0390447494211825,-3.192926515283867,4.509127907290643,188.57013040535548,138.35344552993774
-2.6264244840382953,-3.9204754481762434,4.63057215450555,4.919387428836184,-1.6737587268106147,-3.5603055591162285,-4.527214630702865,-5.0716016009076315,220.65883382794195,140.45396971702576
2.471988436631575,-4.8722428986624,-2.1356643087580514,0.8898773355039298,-0.713281676357683,1.847666118197071,-4.912424362321884,5.029486297901276,135.3440294694898,142.2899067401886
4.05388393348687,1.2131388275694794,4.185394767300676,-1.3143306810736992,4.55291227421309,-2.980882608935413,-4.885148475582348,0.7161388710417729,153.52803973321747,144.16182398796082
3.5708069261227555,-0.541424672841182,0.15742001846528098,-0.094720294629969,4.333390917298147,0.6584767928508777,-4.588769259446756,-0.09319226682716852,148.86187205144836,146.31395936012268
0.4989154271282805,-2.5661372614655904,-4.393816408202096,0.28842219624018384,-4.968404323483152,5.064551995844741,-4.442949867811716,3.1687156131607486,201.21730250341133,148.48567485809326
-0.5793534716756312,-5.009204244782434,-4.071407156813397,1.0197572091402511,-4.966416035260681,4.583272727708795,5.0342340246985815,-4.829258267649395,181.5846956409363,150.62155270576477
-0.24838768192959382,3.0788387222326614,-4.132583027939493,4.830570726905269,-4.4074042014723895,4.822236683741951,-1.861594826568549,-4.63679738686214,181.1708178410504,152.63352847099304
-2.720637779155913,4.934518955268602,-4.534891124529997,5.053288494242778,4.651694015302797,4.620795756290085,4.432413880670734,2.4823984295768273,251.73330873373993,155.02524256706238
-3.217528841102898,-3.019928282083973,4.788363817780291,-1.5851005302058474,-4.810261134050985,4.7596775349440845,4.799516721851403,-5.068976455385233,197.26473425106536,157.24929666519165
3.1166549934844943,5.091663110805906,4.9478937954835365,1.027195578693262,-2.723486218362211,-4.965170074541208,-4.882962695670609,4.536588549236094,176.74542250478436,159.27447867393494
4.617190120814196,4.443646648345655,-4.348894335233491,-5.103249503532594,4.006903187619527,-5.075063188211208,4.658365159322654,-1.9644236955731977,224.82808478088822,161.36652517318726
-3.2359238760145628,-3.9503834463567737,4.5367519016232505,3.986555323486594,-5.102110362181448,4.061235670012748,-4.873898286847219,4.955104997565203,188.8464020963435,163.38292384147644
-0.8854251195607166,4.842955859157034,-3.9148411933682326,-5.063050911363755,4.25491583032879,3.2890154784615797,4.717264245701286,-4.069935396270698,177.80496429721916,165.48443627357483
1.8611604074961212,4.805855620669399,4.17264840121529,4.470658110237426,4.4734244092940125,-3.409340350560385,-4.9382516401891206,-3.5617291230000783,226.23900546168963,167.59816455841064
4.298289909189063,-3.8906347274786843,-4.969603095907853,4.822495902789117,0.1536354328125249,2.298268427419363,-4.8007048410198045,-4.609884549143155,194.08165616596477,169.62535572052002
-0.19244168151077456,2.1051194316517403,-0.8037844346669019,-0.1974392885669829,-0.2833217019288874,-0.0010117386524823857,-1.3034240571791709,-2.8039500302860128,68.84902672900783,171.7200608253479
2.505383623877118,1.3631814735145777,0.4227519504263215,-0.12897946152304396,-0.6519923888916779,0.3510224305770775,-0.3080952764771654,-0.592442736027647,131.43460722723663,173.79991245269775
-3.9800948299199805,-0.9595509152716657,-0.9384573586841967,-0.39112423378542793,1.6966111758521665,-0.6893211235531451,-2.48309148005116,2.364495715136842,115.33922792671828,176.10664319992065
-4.931839110142654,4.9122695125136575,1.0197963626307196,-2.6253958171013214,0.6370372268099631,-4.926005052031172,-4.715126629587561,1.3801260664175645,171.7564315201834,178.2726092338562
-4.905226302703863,0.48700686400477977,-1.083971662428553,0.8392674046383126,-0.48700462524477306,0.884166671860199,-2.0844460726981326,-3.488994942218544,115.29445702691915,180.39386248588562
-4.398333504451642,-0.38430596789215166,1.2021131777054732,1.4953058248294369,0.4581189889482893,2.216456829565253,-3.721268077349907,2.683517685971153,165.29413431352708,182.48091626167297
-1.726436211835792,4.142087315248962,4.5730216797722045,-4.993071419223819,4.487515824520822,-4.689731492274952,5.086461446525372,4.731086616353669,236.83663258704243,184.55398106575012
4.407669830707511,-2.9171711209887934,5.03921750069951,-5.080147081361238,5.091029169168091,4.57360381599982,4.387079865235989,-2.2525851837622617,219.8178121872717,186.66851592063904
-4.07388728934927,-4.346042986907159,-4.745893045715948,4.462511512883165,-4.553564408957204,-2.857529832301737,-3.4908892009432497,-3.5368771162055235,241.13507332748412,189.03002095222473
-4.722753722466489,4.92717830457729,4.934077617191321,-3.5741252139707567,3.4614656751454023,4.566038195508116,-4.0500347716433245,-4.004070227563789,220.8326662087872,191.5456941127777
2.694376651416861,-4.946694092369561,2.4953020164482576,-3.816310984310797,-3.9837685624349204,-2.9991069875905674,-4.809844533001914,4.955197334954556,171.77599346600252,194.12829852104187
-4.777215245824936,1.4061224995211514,-4.649910053535882,0.437061821957875,4.7248065482814114,-2.4399045085371647,-2.0340096053849943,-3.0785256125576272,182.51435727296226,196.61788654327393
-5.044848841042903,4.6860184492926455,-3.7871750315673296,-0.13308780245445373,-4.372941267730252,0.08213735019028601,4.7735164714559515,-4.84202878379219,183.7642290646186,198.92745995521545
-4.336171704682056,-4.855269717302073,3.06985498144068,4.127131570145862,4.985902577305745,4.854215238925991,3.6197832689775966,1.7396292419309862,188.26765897588945,201.1905858516693
4.596195971695901,-4.565540391451463,4.7260694326736,-0.6358142351705238,-4.692799439284218,-3.50028176196168,5.108100868224656,-3.913608661072983,243.0313696998466,203.457923412323
-4.9040829682874225,-2.4310762737046474,-3.084328337402187,0.6716235326920659,5.0377369977507405,-4.7462307426356505,4.541021476360853,4.069626017987862,193.0782132968498,205.66983079910278
-4.180242775668188,-4.908082709660363,-3.507737145622616,-5.062439233884769,0.41913859362267125,4.885308322233432,4.8114315800793,-4.884700451912173,208.64370674753005,207.98672008514404
2.9339074393056395,4.880065383040811,-2.9273610221451003,-3.426046656934668,-4.96008280108226,3.844973671634466,-5.069774335547314,-3.72506628174036,172.41513963770424,210.3037805557251
4.881204558868032,-4.564933239106037,1.4279859110646047,-3.7711578618190424,2.6555008538330345,4.208604202312229,-4.890346037255108,4.371925098869752,220.46211096044584,212.65696263313293
2.4328001057504025,0.4643205276252971,-5.005430343823577,4.92003451948892,-4.912063880997837,-4.77746054260445,-4.913790133010732,4.87240427065633,204.59440715764038,215.12553453445435
-0.8190326410899225,-0.39742378588616134,1.0266713114537263,-0.8378391387396071,2.9379091759750784,-1.6531088322683791,-0.18153596576346676,-0.7870965287912108,73.27958247144495,217.67872834205627
-1.2013828922801304,0.9345893876762714,-0.47587214596605243,0.8384184899069194,0.831022793736163,-0.519047432237346,-0.1521550945268766,-4.212961509848356,91.3956011292266,220.30419278144836
-0.030114805194030758,1.8102491764778783,-0.024043917737575526,-0.7167769578496221,-1.3139882625579258,-0.02490874583910152,0.49421687635347133,-4.321608588915775,91.48661607888019,222.60653853416443
0.7404704202822225,0.6154637423120839,0.49304430826273116,0.13092858251181294,3.6622131238644586,-2.6233015475824795,3.523543530433119,-4.530167512208511,177.78461098702178,224.81584286689758
-4.864781456578474,4.264875124862969,4.0856204456946505,-5.078222811002952,-1.5844595388691172,-4.122457719616236,-1.3166950970865257,-4.978941249517707,182.88919971551002,227.04947304725647
4.627257977894092,4.283852323797979,-4.609883905623963,3.6000791371672216,4.701176543729434,3.139300474062293,-4.053899902604069,-4.993752273600047,229.36795294642332,229.31513094902039
1.6095207577491228,5.109848664993003,-3.0312335657469958,-4.008241636604637,-4.806838630863281,-4.973666829027897,-3.1849615837116065,-3.135066394844632,158.04665959952067,231.58888030052185
4.986975286502118,5.042570051697589,0.8524682069815928,4.6356067826172564,-4.34179125773781,-4.27504624142089,4.715219045406218,1.4818048367621035,214.1630077472161,233.86666703224182
