-4.579888973424648,1.3625914941925927,4.1137839846470685,-4.539235982238223,-4.611550959227229,-1.4090486136220801,1.3408112142253836,3.858830905656089,4.347106915932735,-0.11245815472823395,-4.367339865932196,0.8126800737409017,292.5026687832251,0.0
0.7616343794697906,0.7752942917094794,1.6219975105752606,3.4711922368435912,4.0120546849390015,-0.6939414203030339,0.10268969094336633,-3.5649830061372345,4.393672410069089,-4.438108681788075,-1.797274297496005,2.481890319257687,247.05585562883402,0.0
4.841209641748269,4.0467157595251235,-1.7116147500741472,-2.46458055783367,-0.003415423908539772,4.69392938729301,1.7254471762313344,-4.63864748335731,-3.7762650606516717,-0.37270068018481073,-5.106436576928286,-4.626161317661017,280.29537568060505,0.0
-3.0635554411116934,-4.892540444006443,1.743786461187999,0.2666384619403983,2.071011461195515,0.3907733828436717,-1.0749074464556232,-2.4523866919024826,1.748744966969391,-1.057167824480647,0.7211923492188141,-0.272495846707165,150.51453903724484,0.0
0.41967026141129793,4.378945480504616,-0.8630416206055527,-3.954913464438059,1.6017745797756788,-0.41282379425355664,-1.307837674158879,-0.014520474610480782,1.1255084424346231,1.3651273260539378,-3.647315386220107,-3.751753503730388,206.1999255427712,0.015625715255737305
-2.458013330169549,-3.8052792558078723,-4.255297755228195,3.507962419259493,4.459952838709021,4.169281405557071,-4.058443319276623,2.9447861218522062,0.9279505553122602,-0.805874015819831,-4.601909925693263,-1.1661513825078558,250.62042570858205,0.015625715255737305
-4.228399374016874,-4.569881744490643,2.5752447731079844,-3.6513267418275572,0.6664541569918931,-0.9979122309776098,-1.3614764436863704,-3.7741701468234607,3.3995381988786937,-0.0966825814440897,-3.550228664010932,-2.0555656725274907,246.98917511471566,0.015625715255737305
0.9659517156772734,-3.9743654472839793,-3.4732027795041662,-4.596522050720855,4.2341413034966005,2.5800575534552035,4.984251409982577,-2.8498813371577474,-4.846063249284226,0.9420420065746251,4.138413956870447,-3.9242404788848058,244.3840366982333,0.015625715255737305
4.836133323574308,-1.2426313553551398,-4.0606941858158025,4.770121487054353,-4.841152471897277,-5.113268478396316,4.34575971195039,0.39849227871040416,-3.1910198307331776,-0.7101893184506158,-3.422289855037101,1.0804066535605328,259.8487306101998,0.015625715255737305
-2.707614497896028,0.3362162142645966,-2.5710255559145763,1.876536659537484,-4.360985251510003,-4.893594242370659,3.1004041384427046,-1.7214891496648712,1.2740645572390221,0.8192982686076427,0.4692498082716554,-1.8442070894949762,202.50661724163916,0.015625715255737305
-1.382185379755311,-5.07894980205922,5.1049376545432645,-4.231719434804222,2.693292670289206,-3.6836299020204377,-1.7556025789922507,0.1283841521744078,2.05389526411454,4.815906068605167,-0.3084677093695358,0.9142843395392113,215.29512565061168,0.015625715255737305
-2.4420011870685467,3.642463894428107,-3.4872120191623237,2.9105447076616118,-4.647402278890139,1.324004840347845,-1.8829966426589402,-4.458107785219721,2.9579705184868166,3.0534602418480743,3.107019351261447,0.4884202634531194,247.49102447324645,0.015625715255737305
2.762081900650191,-0.053509955226002326,1.9163758617339468,0.9119136837909192,-4.668064485238825,-0.5205915371501524,-4.9356415852647375,-5.009841297402146,-3.8534496729381997,-0.8370268717054694,-0.0492310628707866,4.638459433251669,194.7051725376692,0.015625715255737305
3.595094240737841,-0.4688319213368146,-2.114846759937149,-4.443260203789581,3.512318924548249,-1.9259515221062764,-2.944035315001131,1.8335426943229711,-1.675450067957125,3.727213180102795,-1.7856926602257324,1.044537935052821,207.09380536686135,0.03125119209289551
-5.089655499948097,4.432575485028026,-3.1640779352101127,-4.8978478689469975,-0.30509560648259715,-3.47870091762638,2.9692102572229446,4.00303202067188,-4.99448268183912,2.6149509504816058,-4.034789567529538,0.15368061825155088,247.734376424529,0.03125119209289551
-2.0275687917549234,1.5317663722785158,-1.6865823144411847,-0.4497512819832794,3.3847947332498736,-1.9443692468577507,-4.208044309652765,3.070572122516695,1.153030723374263,-4.1543536282023945,0.6463745494830446,2.0570499174182038,180.2296315931057,0.03125119209289551
2.566480373709168,3.3739228108188692,-3.743557049726344,-0.30431234147800534,-3.967432553081959,-1.5510370739569197,-3.803868159053846,-1.4098248362150998,1.7227876362556387,3.607466053493085,2.978795945101603,-0.11025375728440068,228.1787471841162,0.03125119209289551
1.22896235714913,-1.5430726180695689,-2.6810663018866316,-1.1166691814594465,-2.817549287520619,3.452441847202608,-1.4943949932314315,1.4899527966639816,2.856265080212359,-1.095823704647323,0.8292485210575693,5.0385577490012325,193.65056807520034,0.03125119209289551
2.783605611101688,-3.4499634937526578,3.6098332694975417,0.051688514130917795,-0.6994106341863358,0.7514162508914595,-2.1920765611388635,-2.684020389623331,1.1643764876372549,-1.2838344739083727,-1.2550287070823893,0.687702729452873,181.0692809919187,0.03125119209289551
-0.06287442627135587,-3.1955724951248223,2.714499680001264,-5.091381468493609,-1.6332152056897957,-3.334398056518772,-1.3326948143728652,2.8701220143755783,5.059996726236601,-2.133301492974445,-1.4969792923513654,-4.679827982894972,230.97817361161822,0.03125119209289551
-3.081349959968546,0.40075307359439094,4.080909797824966,2.0155591076462835,-4.3874966589981295,-0.5754951292324648,1.06701963271182,-1.9336702316695487,-4.991324250839811,-2.521370355395995,-4.14769064867377,0.31518470879444127,200.25394407481937,0.03125119209289551
1.7402118727754026,-0.6763689726375386,-4.629969896305199,2.997168133090798,-3.3773499012582042,-2.862533056956464,-4.391138257646524,3.3531105860838197,-0.615726009674864,2.8606325458141226,4.886408915443492,3.223114805927106,255.07489919625502,0.03125119209289551
5.057206174293925,-4.676691651647459,3.8819841741486707,-4.925823518280567,2.190812724439131,-4.381267830284491,-4.185802719214309,-3.532126660929846,4.91119258000096,-2.319012873900056,-4.395387940095717,2.6130550942004485,315.9918852429949,0.04687166213989258
1.3133123483123121,4.048098589538099,2.1568904951853485,-0.8483807222305648,-1.8593074383814603,-0.38289256698238106,-0.830100718811539,-2.360281716163947,4.495214772877179,-2.8263452538115446,-0.4558358128724036,1.3567868435871189,190.45328893126123,0.04687166213989258
-2.114317297152573,2.1733286373410854,3.2353184331842533,0.7345505786872453,-2.0045659028958487,-2.6509886522544646,-2.060054661934074,1.2349677399515304,2.346598826938118,0.3635841165232101,0.6231823804915448,-3.0587426902657056,155.95048505019147,0.04687166213989258
1.0710684747792971,0.011955520309318679,-1.2558154086868516,0.31057286757574953,2.8050137543133262,-3.9967893207713483,-4.874344933724284,2.223309272933772,-3.3508882625891783,4.723346679488388,-4.1450548288438025,-3.453146915981457,212.03449431888686,0.04687166213989258
4.8809350071076905,-2.2072478069366825,-2.16035963419893,-2.3080096466768323,3.902831785496976,-3.5906763172400757,0.4456597786593006,5.100962543971272,-2.07757738562508,-2.6097284905249123,-3.5911678661463404,3.058570052602719,234.20223350559934,0.04687166213989258
-1.302338673167895,3.6485211831918205,3.0159675966607695,0.5798905659701088,-4.720556690193467,2.6804805521171398,-0.4995572780366526,2.316608697807415,1.4308776794339915,4.562020681904628,-2.5302453299183774,3.320880487561177,280.3973835366181,0.04687166213989258
4.081342365818423,2.395660046544517,4.9561153724272815,1.1471278197356378,-1.231148140672464,2.7544100940237595,-2.887602052664092,1.400882897524311,0.33588961450935795,1.7834208208891802,-1.480934445427999,-2.981146707755573,187.72020579295852,0.04687166213989258
-5.111677423115144,-1.1155190257034144,-1.7794752204179072,2.9426971245124607,-1.861946726142425,-2.181795530109724,-1.0277977176337165,1.4636092961502145,3.151470041184383,-0.8145740114276556,-1.176439564159414,2.4458019032183387,146.75449324486567,0.04687166213989258
1.7057759908754466,1.7386200068715327,1.7003102577296394,2.446003549866215,-0.5296268748400328,-2.7552679344872133,-4.073218337576019,-3.7725360002328236,-2.8560610600963976,2.777244736896704,-4.949115044339749,-2.90842829194867,211.63998123832397,0.04687166213989258
2.9853726911406246,-3.1443818539232495,1.926102558649517,-3.564333652187364,-2.8604626368995376,0.5427490765460457,-2.9623856287924033,-2.262567864727046,1.411956760169227,-1.1677802131377488,3.902780692643673,-5.056832673821642,186.20163915062267,0.06250143051147461
2.8776180284665793,-2.002375876969789,1.6590464591698542,-3.114299713887512,-1.0667935597819307,-0.30860108661949415,0.2009888165632958,-0.315019450307914,-2.1656280023441634,4.880901553507475,3.5197258229452553,3.9830894672604247,166.57801798654978,0.06250143051147461
-3.5711143588812684,-2.525630685632893,0.6529422793596265,-2.487017271932336,-4.823882116771598,-2.9150752730353595,2.469817074106471,0.4302909071340171,-0.945485276262839,-3.2428472635570005,0.5423711135824396,-2.5166565623310424,251.93086501060623,0.06250143051147461
-4.449287674474051,0.15131695910584764,-0.9421878130297081,-3.0185746824591235,0.4574605998330128,-0.5123735832247798,3.703809430092744,4.8500809873897195,-2.051420485547382,-1.028826012104532,2.4327830344622265,4.477529579570841,219.46905231795142,0.06250143051147461
1.0912404961801174,3.207937840293435,-4.188801943251573,4.279908686986963,1.9341739449157807,-4.616339037300815,-1.6499830792962977,3.9794251031175714,-0.9342403048962797,-4.741563196478617,-3.027256885734923,2.1902724985185555,207.47853348309584,0.06250143051147461
-1.3720706119137738,-1.8688424314915442,-1.9675530801053989,-3.869649721298061,-2.562968378145343,-4.002696384307336,3.1092616603111702,-5.0232927869127835,0.47944204912923993,1.3605008403438283,-0.84923441608984,-1.2154808572519373,179.44208515594408,0.06250143051147461
-0.6390452155962709,-0.3952742338295412,0.7630534830634419,4.004859313607272,4.947826652920278,-3.2492952935151216,2.9904648820961173,2.6470043514392945,-2.6317529391232766,-1.6620942181575669,4.432885382720193,2.824136236372537,232.18616595535778,0.06250143051147461
-3.493783740306472,-2.2976953449481443,2.554214757262934,0.7149605821722034,4.956881267888629,-4.0818177335299035,0.5219639117410697,-4.993210070098302,-4.72250703613309,1.395360341359833,1.217911184586339,-2.623933263920953,264.4501139184214,0.06250143051147461
-0.8841886181821135,-2.8828930894000115,0.49950072922538435,2.2569316048806938,0.1774095370946167,2.910158828212425,-3.0604896697028137,0.6268482280007506,-1.9404282974751976,3.0577802621466637,1.0691820690069491,3.0126991230592965,118.74096485621646,0.07812118530273438
-3.2538717580507646,2.633407574065566,-1.7037269042083238,2.828001888376095,1.65300316126896,2.89243054081441,-0.3569256233999232,-4.651676995692653,4.974096188622101,4.8566339220613335,3.4180108437637466,-3.3978053286034706,268.50575226242756,0.07812118530273438
-1.0090277738317806,1.399865193955275,-1.5605741524625438,2.087156589941195,-4.122994278886648,3.595301012851759,-3.2700529520269583,4.94297129130763,3.4628110949625475,1.1597977476337054,-1.913955004240282,-1.0314481648516862,190.70453097404345,0.07812118530273438
0.9528415068921285,4.198723341695131,3.7490270513352586,4.90200848598075,4.662978530431308,-4.565428096106339,-3.699226360819534,4.226037133587911,-3.136282583173606,-5.048483891892821,-3.3703480731510895,-0.43146014380892694,292.6468550393615,0.07812118530273438
5.074902222329205,0.27092386821757586,0.21401130993531758,2.8091069384391556,-0.9854491729906973,-3.6240129568205317,2.4485701884352205,-3.714516066596441,4.428879268448749,-0.8853877080659691,2.1735120053561037,1.2993399764865128,209.77958589901348,0.07812118530273438
-0.9770471168055588,4.926851084097813,-0.2003894099338721,-2.293258540935349,-0.9816689210672145,-2.5809569374969845,-1.4618607736523623,-1.3361835331365324,-3.683432732141557,2.260541519180954,2.326295878381882,-2.748130255701618,197.59805801605754,0.07812118530273438
-1.4985196183758234,1.1602390147344055,2.7872767510456544,-3.166470872709194,-0.9232230624837126,3.4212007489410086,-2.343382551205387,-2.649957414986788,-3.685369269934756,5.010593831051319,4.011761704971602,-0.29683668205627445,216.9077052913684,0.07812118530273438
-4.219623587931377,1.5176390849995292,4.800881211447742,4.3680998374143085,1.390383346483138,1.7183401785736212,4.610925104148838,-3.463683164715273,-2.1994169594269803,1.9799461364945694,1.64016220643461,3.68109100541663,281.6574536607758,0.07812118530273438
4.746805905850507,0.1113185177814282,-0.5239409582274055,2.071794986342619,-1.8536522945319853,-2.3240273968236917,-1.9412311172667494,-4.099412553553355,4.981198791023195,0.22235291936479484,-1.5991277274130873,3.6745728525226395,192.8926112666793,0.07812118530273438
-0.25189713258758495,-3.759889634037066,3.314403251499649,4.021804205508695,-2.5007331632974417,-1.8492126854544932,-3.0550792154677047,-1.71652938434684,-0.6382090258393323,-4.317036271198387,-1.7537579395477252,-2.0773399423930488,201.5909326577964,0.09375405311584473
-5.03753731563838,4.04055699977292,-4.481164776467825,4.341814864231467,-3.8304270605214743,-1.380220790011113,0.4311406469220005,3.772974920116611,3.9665719494645417,-5.075348783796392,3.987096492982725,4.706462902587975,291.3102909426629,0.09375405311584473
3.1342070874806423,-1.0844461066212654,-4.566178439104321,3.7090597514459906,2.502647119670386,-1.301237464086876,2.587848716089307,2.4745513423938297,-3.7441265359197926,4.797090456055483,1.3015799252415503,4.002571823812235,259.7338379505382,0.09375405311584473
-2.4873193060199283,2.1261227963509786,1.1295846083714771,-0.7599035340639491,-4.058207665159768,-1.5281106187741642,2.3345675501118857,-4.886882851486706,-3.7956955550730687,4.48675322719141,0.9573954021007474,-2.0492705257369104,201.77093061074157,0.09375405311584473
1.9924090976684719,-2.0221159671432107,-4.1294212864226685,-1.8428703567878264,1.4985128859587773,0.44716007064021923,2.5957377702372186,-2.9674274522817514,-0.5680355893402762,0.06359017117310906,-4.652741110574007,2.795496249474983,184.7240026100872,0.09375405311584473
-0.5184021191600694,1.9930314969115148,2.388684861948251,-0.6394067926493001,1.9521980496750428,3.129410190468154,-1.7699382461033584,1.5144898557311306,-0.46381966274997843,2.483373001410495,0.48093558440099926,0.33969707724837583,197.35616826735605,0.09375405311584473
2.8422983446273014,-2.5969767184636963,2.3787561343284924,1.7285780404997935,0.4808244301846152,-4.346854850224505,2.7089675524754755,0.3382934469901997,3.5871066645835095,-0.4507998773712858,4.495667655477239,-0.10769829764567174,258.3669935521067,0.09375405311584473
0.3153494703050477,-1.4372670186842917,4.593643736299934,-2.186871459829468,2.634241351071613,-1.6260072157904695,2.765032733294303,-4.798644982809919,-0.09471326454412221,-0.8127553578171005,-4.707163268972391,4.092244188819072,237.45041743862214,0.09375405311584473
0.5327800893567156,-1.8484186623704515,-3.835880991607932,-1.2011047435930577,2.9240736066391912,1.7000430733738359,-4.613846498815375,-0.9644112527869622,-3.027781375273265,1.600306383237811,-2.752049554303391,2.2714479043196034,185.2537398489152,0.09375405311584473
-3.185123851770909,1.5570250600155529,1.1468905590157457,-3.4022086663835145,-4.788077657249513,-2.266075303641283,4.676520331965288,-3.700104485944487,3.2627498036253817,-0.8418804054973652,3.548283870998497,-3.58240112762679,273.1485448964728,0.10938048362731934
-1.914329544492626,4.417876769348795,-1.5556138366478551,-4.671832959539796,1.1195393171602532,1.801613391300612,1.7242271622822578,-1.1041754123916174,1.3046508021769352,-3.5044449980372656,0.6951332918788253,-1.1361415087330289,199.46733256927357,0.10938048362731934
-0.19961386816446236,3.5702247210725693,0.3907236193908714,-2.9157974861480884,3.1168505854416546,2.8843873531079653,-0.8937168953004635,-4.972677491262129,-3.488502395950718,-0.042412143753522535,1.9288687068971715,4.225761411709519,180.9687011348998,0.10938048362731934
4.550110029471724,2.6216528356015756,-0.992254416078886,1.6365742290676657,-0.6003749807661967,-2.1896380833523184,1.112658046411096,4.344637711758858,-4.483055615607031,-0.1441849241641746,-3.5901848371847036,3.8610354716317614,245.866074850511,0.10938048362731934
-0.1965178564435055,-4.0493550237056555,3.5540910240084456,-4.431004470048042,0.7473136669494105,4.020690360185223,-0.9145220517546662,4.882185579025033,-1.858149219065195,-0.23635858538998544,2.239703617267864,3.7325044456555316,205.82504425019653,0.10938048362731934
4.897500244094018,-3.995955230253199,-1.225645166794906,-4.966799247232766,3.843174073427986,1.6379082162724936,-1.941105171669704,0.42526318567459676,-1.568401062452851,-3.975666281217029,-4.2256431135469,-3.1657217884802638,217.54379958094344,0.10938048362731934
-0.9761577180480554,-2.8589145058874883,-0.4827455374296701,-2.674275437029481,-3.536713326875085,3.9659089273567227,-4.665641224758458,-3.7475675768980166,3.8933825493302505,-0.4203033178058595,-4.83057955054027,4.330876032778328,262.4203879098805,0.10938048362731934
-0.4787029904774842,1.4931621997118354,-4.03424913727018,3.615460358242628,4.192287615924426,-2.6013833863631426,-3.2889050704716087,-4.134126109686532,4.10157909067228,-0.7893995377880207,4.437385409648965,2.2104524447277756,260.2447804608388,0.10938048362731934
1.4252666177543505,-1.1966943804026293,0.46973852678618666,0.32434174934452376,2.6050882814019776,5.026986218397762,2.695527798989338,1.746852298618185,-4.176751636194781,-3.6258014060687853,-3.7324442591509066,1.8878999936574141,231.87392992131535,0.10938048362731934
-3.953386314252933,-1.1159835108209064,-0.26196724296868634,-3.1410312250889705,1.7414144719491436,1.1843895437069696,-4.506087253671759,-1.8159758157225334,-4.183737353053422,2.3957375641428715,1.0086564650580225,-4.6016525306239995,202.10260947051788,0.10938048362731934
1.2002741882014822,2.4911039302231472,-4.251438590181067,1.3138313355698408,-1.425102375454606,1.5244501985474015,1.8511999692046164,-3.901648589167654,2.688404132080338,1.3204188730679611,3.5182777166737713,0.10120210728125656,217.3666988562108,0.1249992847442627
1.4715282954036217,4.802332286410738,-4.208829379946897,2.345576153019433,-4.000179566488818,2.6369703016169437,-3.3052848249864457,-4.961674679422698,-1.880043268604898,2.845647171020543,5.010665290611443,1.3350223207596255,247.54774034348486,0.1249992847442627
2.25869148343247,-1.4445715071935141,-2.2556936002800794,-0.07297105000366155,-1.4306027372808972,3.254860290923644,3.810721213405654,4.479409158757307,3.9527741159512617,3.029376841109733,0.5681688872390733,2.843634142895244,213.77258919195745,0.1249992847442627
-4.9315473785314206,1.0028874429140684,-0.626308099889024,5.089489640777772,-0.3509200450358847,-1.5770858359023934,-1.8990814226066783,3.2292922203759806,2.533932990132894,2.5986628826004443,-0.7126606920409921,4.8709076804084,223.90980004743307,0.1249992847442627
2.415435513349826,-1.7003820172127,-1.893790890539646,1.8274058793485608,0.4492827186381767,2.3137694505071833,1.6261213622382238,-1.0612512909331278,4.619271028696196,4.390161682337671,1.834295331421945,1.6066026891691312,219.66343328709894,0.1249992847442627
-1.760447022002341,4.846158019110422,0.5454446610159254,0.984272264557875,-4.158594921841395,4.308933598420121,-2.43015988294347,-4.545124608918632,2.650287856412916,-0.8246146171566116,1.0448240245683849,-3.6464777116029854,240.30882543302494,0.1249992847442627
-2.9771301665080556,0.8115751584485897,-1.5858661029949181,4.525896465928537,4.140698569520294,-2.0482956410979667,2.5276819975312392,3.677799417613337,0.5562214750731496,-3.581851794750986,2.5560915367950336,0.23476039887104516,243.14858182911806,0.1249992847442627
0.44407062063120595,4.757135962551513,-3.89734379271248,-0.8556072707762468,-3.5081729298669844,3.1698216049677237,-1.7836514758790516,4.030392522199777,2.073848474027317,-0.826434646347515,-0.0817482954620159,-0.336530866587446,176.5669309951812,0.1249992847442627
-1.1200470024423788,1.7545311319099994,-5.1142272065603995,-2.5650014359808853,0.7050956583002979,4.402556808180932,3.594174907600487,2.2413726967749668,-2.0908442310447293,-2.4203487177803216,4.467787022359892,3.9530972879403814,254.090369898398,0.1249992847442627
2.789090537523382,-2.0047458325885934,-4.556626487120139,4.236419446975694,4.02637406433803,-1.619226803988619,-0.10301811367248082,-2.75191441371762,2.5495244602359657,-0.6451987336615099,0.8754459318490628,2.3930948716029636,212.1674262462323,0.14061379432678223
1.7482092937953269,2.407271320728471,-0.36824626851678843,-4.902824208887193,-2.039012222714778,0.24520648460481898,-3.7658813493580885,2.9947657561737744,1.0892460663606132,1.6335932761603207,-0.3590892604342919,0.04694317794040792,165.39258787435702,0.14061379432678223
3.120640652045018,-2.809820726995377,1.9680035093142783,-3.6126266825656614,4.1701917639797275,-2.0847698908964656,1.3475653053748964,1.9975019783106402,-0.8985303574782852,-5.0786959248045,-0.16835026348748627,4.254004596776755,174.5317469907233,0.14061379432678223
-2.294132413670267,1.111636846102372,4.251069228688286,0.6498021401045389,-1.0918307196776382,-0.06991456010307218,0.13886116394140746,1.3060507768981902,-4.243694147341682,-2.7581057048678153,2.5614190641218126,-3.6400824184313727,188.71345210745463,0.14061379432678223
0.67607366934865,-3.967604721830887,-4.861035036180226,-2.961946526812431,-0.845497220051902,-1.6631877609183476,4.818443988554125,2.206502558321678,-4.709691029313421,-1.025868395502786,-4.436125996482718,4.000555980154625,222.14868346696466,0.14061379432678223
-1.3390842818883884,-0.8628756002293541,-3.142285009298473,-1.687409663380428,2.3231547871631157,-0.2925113815675413,-3.4064424556293087,-1.5846905109438891,0.758583883750056,1.9208585251859107,3.094385489549331,0.6339935512267019,178.51973593141787,0.14061379432678223
-1.2130477607004222,-1.95873380132734,-0.964218914182033,3.8603037811429877,0.7997686834149169,-0.6390424002789388,1.2889593345028185,3.788703414969171,5.090659811542163,-2.1688839720632513,4.0723983853220735,1.6484332554982881,167.05413275064464,0.15623879432678223
-4.987905959192816,-3.5120276057965567,4.468469509796264,-0.3437368551005662,1.7075715852780506,0.6047058980823286,3.8840722925249382,-2.311430503005101,3.084715755572918,-0.9304682562269369,-4.403707622016892,-4.242968912806386,261.10100225577156,0.15623879432678223
1.0819863168367068,-0.2787399979325258,1.0210619913341903,-4.976388059584443,2.8665394001689215,-1.8236715794374554,1.0236704712283702,-0.04251459563928517,4.761419404396636,-4.867363801109386,-1.3093203775125977,-0.46852491750887015,156.55536012865733,0.15623879432678223
-0.8940229301391609,-4.433577472713855,2.024744858876499,-3.730366509401666,-1.810371929153379,3.2842206033305823,-1.589338371689251,-2.748402158187142,4.282588351868697,4.560624974034249,-5.039153892868387,-0.9761532345613144,239.4553948918722,0.15623879432678223
-0.7230514242140069,-1.5071978551933731,-3.5699279594770483,-0.012004257280590735,1.9708306163117708,-3.4045546529395887,-4.512998990415264,0.6313270612653072,0.512242705187191,-2.7605119210132725,1.4649887741262013,4.198078627847342,241.2246307127126,0.15623879432678223
-0.6351191231208322,1.330497775590188,2.958076391871015,-3.816653872371556,5.093027182582696,-2.746422246288401,1.1444431590181772,-0.26073457409520184,2.932585763443014,3.6383128662460633,2.7179048355153093,3.6585347249025064,211.87040513177266,0.15623879432678223
-3.1207872883536636,0.6020346025092103,-4.276181233645861,-0.018603927861279956,4.162337529880333,0.5610628723411661,-1.9556808154263017,-0.5923085349618695,1.3988309855818866,1.9679967958828666,3.704044819398999,-2.3198798057762993,195.73510036467158,0.15623879432678223
-4.629983036960203,4.970256923095083,-4.9317444537865205,2.4443999886654826,-2.9720196105106957,-3.9105320425291117,1.2370895685009193,2.296654611398637,-4.023986105674777,-4.822787394777987,0.6368518603502906,-1.3507412407757369,248.28223374939677,0.15623879432678223
4.023013821154472,0.09365863393794616,0.5262937613240499,-4.9556999237641115,4.84953245284614,-1.805914957817119,-2.5735182105900387,4.9808503626488525,4.53207990792196,-1.8942216310394593,-4.952532592379331,0.17013654574405912,227.24636398728046,0.15623879432678223
-1.6332372067949068,-1.5832278707652274,3.3182032883309622,-3.735128956502008,4.006270514115845,-2.5700605621618964,0.6383558282731805,-2.826303425227347,-2.4117812749194623,0.6473687413532812,3.1458154689028666,4.021978727465613,233.35803124644534,0.17186403274536133
4.12600352015481,3.0588708762318637,-2.9977958025262703,0.3032409261543929,-3.6902937714489585,-3.581144466055142,2.3187443841711346,-0.9696640887631993,-1.481811872270808,-2.4561993492176106,2.7503771835438933,1.3145871460565584,212.91664278527273,0.17186403274536133
-0.9659214288377935,-2.8318103327935384,-0.9576689490731614,-1.0119775914800897,3.9101415084662525,-1.3635511268091904,-0.07259367616822132,4.956298813842298,-3.6393845501641997,2.8301610247068734,4.479133151776494,-4.154224025634415,182.20269159351793,0.17186403274536133
-1.5028302354807743,-0.08726009466962292,-2.7929958752806687,-4.306774974909372,-3.405249864659413,-3.6208788008691704,0.3790897395096975,1.7622329426647232,2.2337624711636126,-4.76276185601737,-1.104331440843052,5.08811352478894,237.40150530578276,0.17186403274536133
1.2670225206673766,2.760629063294389,-4.662787754005858,4.440643458549032,4.779974500670238,2.591272664122714,-0.36661493140944224,-2.872595989871705,3.2986183303600294,-0.7034910284561251,-1.0959221330690516,0.7435883942333508,240.99476455150193,0.17186403274536133
-2.050858498983179,-2.20363017599402,0.792077598590188,4.036092773018873,4.25616307287597,2.564565553827081,-3.6632159867563026,4.077639768586882,3.5750210131467837,2.6181457096213343,-2.0925565635881966,-3.414072791593953,234.09294020108143,0.17186403274536133
-2.4673757876674274,-1.7101689364168924,2.305271248386256,-2.6074571553978476,2.577836927147392,1.6714796050449676,4.716727992356687,-0.632653354722641,-3.762244348949974,-4.006282254412881,-2.0835141959827155,2.691942564165757,244.99568478201462,0.17186403274536133
-4.414191972469046,-1.174395693942659,1.3472349879239776,-0.1119908743532827,4.650848793115828,-2.1700944842135828,4.048398146628432,-1.5616474104762852,-4.712149337507508,4.330588072116686,-4.648226425641367,1.1606937422048453,262.4830547868399,0.17186403274536133
3.087454940743217,3.20694714662078,-2.7554585009184036,-1.3401266688965818,-0.7667511828538274,-0.5732114997735271,-3.1633507422116747,-1.114643898907386,-4.237477663601641,-0.9857480364954503,3.8198547795276623,2.5703553185076107,184.5770093191153,0.17186403274536133
