-1.9378986439853958,-2.4855486618433287,-4.275330114386114,-2.9039545204193127,-0.19345719576221576,2.202429805682308,-4.253418325174303,-3.907003497220404,2.698789508499626,2.668083627366209,-0.7151181171493493,-4.629361613177829,227.88003723989846,0.0
0.7051848476231033,4.748167240182815,-4.226195849535532,-2.8340422727630092,1.5305018010125204,3.430517584219376,0.2935254163164229,-0.6402222958360761,1.8038329955581887,-3.1891111762109925,2.9880784074007236,-4.608137480954338,242.19401953442377,0.015619993209838867
4.391530173210449,3.526828844177335,-2.8786438082884076,0.9208400823843386,3.084322267777039,-1.72472032509474,2.1977502653259124,1.194626702979467,2.7705283929413866,5.029681595490634,-4.47096118287077,-3.53928102587102,241.43497883076225,0.015619993209838867
-1.5984176555580683,-2.7151039914740815,3.5568398520690723,-0.9008778295285751,1.1641294810780467,1.1802507837007532,-1.0794190900417053,-0.5293380667664564,-2.9533734895563644,-3.90958616577656,-3.493587519233352,3.597721720709875,200.13996758850612,0.015619993209838867
1.7815868202585783,-5.037805059186833,-0.6000363609435286,-4.641067396796859,-1.7930003062576172,0.49220252542907783,3.833700463948296,0.04549499755485886,-4.080678007345641,-2.815117518551469,-4.985260790028613,-1.7258629227499962,215.27584638692684,0.015619993209838867
-3.9011362321158005,1.2293899733314753,-1.1949174237158289,-0.26977154912778367,-2.8561951760830833,-3.951315503819369,-4.526868088601219,3.242435277139408,4.4210698717862025,1.7150785343727808,-3.3320344743707766,3.330100541891407,240.49326310778534,0.015619993209838867
-2.7535550690247974,1.9121593679151667,0.8368430530373026,3.7874201948699016,2.1662041264419063,1.7979806313131999,-1.0591172188402096,0.9203095771323868,-4.998859200577333,0.8093247489617559,3.3684038069203757,-0.07759397347471264,135.12579524092595,0.015619993209838867
-1.0093602840222493,-2.376958802416152,1.5248272352322099,-2.3478935042094085,0.20581924403674456,-4.898942740494687,-2.6939860974350753,-4.646466645343395,-2.314451123584667,0.6725250037894659,2.4196207431263383,2.093026061417528,224.00489348043254,0.015619993209838867
4.7636166307604215,0.4928033010711319,0.7401397604978008,-4.214491510809925,3.1799273534070673,-1.9941901471518753,0.818701689068698,0.6175809455655736,-4.491654389870859,3.330424344467967,1.7887500113254582,2.203263894356213,221.72322147341947,0.015619993209838867
-3.1228295128240733,2.1296729497180413,1.4512012790164501,1.574114761422627,1.3702058518413391,0.6490962364398838,4.662781245506909,-2.6381154989375326,-5.0760126008422155,4.801788623569485,-3.218456472426253,-3.648796453315178,263.1536881401097,0.015619993209838867
2.539311813652829,-1.1989946165628083,2.932779105816146,0.21225439252150125,2.642372518144959,-0.25709931124938024,2.3370272848534253,2.742252153518457,4.449184137853364,2.697544340960433,0.12238549201370308,-3.9841225141169785,202.583063224619,0.031256675720214844
-4.555297989380548,4.533375022165033,-4.655204601885518,1.9644665489646398,-3.0446346350635847,-2.669715601681713,-3.628652852533784,-0.5622295982953984,-3.5287676693837224,-4.1831918484346575,-3.5670767636052423,3.7262945033999904,316.0616577305344,0.031256675720214844
4.42453098235062,-0.058146631658964054,-3.6932374926371905,-5.073821210285853,0.07770362216367754,1.4744509653258886,4.698819430663813,-3.700511804201045,-1.3955886893856442,-2.5044289588578996,-1.4860580075253136,-1.2933805622012398,260.9558276285978,0.031256675720214844
4.822095260211454,-2.383736113232296,-0.9001015612835594,-0.10511363034680254,-2.3154310538970306,2.363226694198832,3.7379203701343,-0.11152692778008433,-3.55613009591476,1.173190809346222,1.6788786829530533,-4.111350359607405,200.56595298665536,0.031256675720214844
-2.2296307193439415,-1.1263793283620345,1.848764754494586,4.600029820786779,-3.5002118832332014,1.7988047573331496,0.40119144439693244,-3.1732425235865156,-3.3302054175509315,4.919657590607975,-1.0502749316305513,2.97411212895721,202.94603102375996,0.031256675720214844
0.9606980483197365,-2.7707190643133397,-4.592918643345931,-4.60168569768374,-4.324726547468236,3.566444314586815,-0.980909998426787,4.657385277282164,1.884838465311752,-3.663523523830772,1.3776483355347136,-1.9456974612524793,257.6540466909434,0.031256675720214844
4.860464534992128,0.10176419344407694,3.165206734918038,4.482929217533006,3.8158395626805293,-3.8298587968823403,-2.2815265291118347,0.8065830110751557,1.0628393736021282,-2.3681204196153143,2.0350947232769627,4.921782360936207,202.99081333973976,0.031256675720214844
-1.013406600356853,-2.4301825700960737,1.1030424490342519,-1.5064628463668002,3.752584412868644,0.6893771540536324,-2.54821938549187,4.140475567336435,-2.704500583651138,-2.7069299608468493,1.6309250179830395,-3.2238502237074487,214.82115425477372,0.031256675720214844
-1.910330745204805,-4.168219796215507,3.1824073456646884,0.7826488280492709,-3.1493740084630106,-2.4195780076431794,3.3985499838317415,-3.1528572000743984,3.115396206017583,-2.7751864018814953,2.4828937876318964,0.31412930425991803,203.11911986302025,0.031256675720214844
0.520704856634401,0.413812778616963,-0.3731021621916062,-2.390786465374916,-3.467692569545913,0.9639621167241259,3.146048037391748,-2.122014144811812,2.80215111119473,-0.36611836057489544,2.743898855546525,1.966390840055083,187.06456866137347,0.046869516372680664
-4.248055242115957,-1.7587349525433562,-1.217257109103321,1.2672614599145247,-3.147876179902836,-3.524641886008669,-0.09259845449640469,4.32593122815272,4.514486813874105,-1.050381782329766,-3.6873953256632612,-2.152902804697739,222.0573572908693,0.046869516372680664
-2.714007574134774,1.721710204621778,2.165612855632178,-0.20368507277770398,-2.9472090850256243,-2.5260013377910977,0.7400996273536027,4.231529054718867,-1.8908420766029788,0.9700918253519886,0.8369692772126722,-1.7199679473389091,151.83317315451325,0.046869516372680664
-1.2738557482537267,1.8001855430622893,-2.380750437582547,-1.645615626877953,-2.47706534292758,3.6383319869364668,-3.217567145861186,-4.877890693348778,3.8965552572938575,0.003934865056150372,-3.6539144574790576,4.011907534157362,228.07731012084744,0.046869516372680664
3.9272249706831728,-1.0856398545811778,-2.042853092076094,3.7366169525938924,-4.9646818568048765,4.658224349152223,1.590295864685502,0.22170030176158217,3.3865984229374115,-4.204598990332833,-4.816574132376364,-4.771418832051547,254.12790208861009,0.046869516372680664
-4.034177609454662,3.6473670563577913,4.498488380944951,-4.817656116552979,3.0037648813031472,0.06230384754997775,-4.990460515153298,0.7736097047210624,-1.9200826035806364,-3.373979005134073,4.076188041171505,-4.053917738959672,227.04147086208403,0.046869516372680664
3.0264176598478647,1.0297667229841636,2.8329608240676674,1.8649398198857945,1.0565015089074947,-2.496681024830361,-3.3422403009649315,0.8071465813761565,-1.5091137820044995,-2.4740603938609156,-2.0386129715307364,-0.3915750960561928,162.82026165421303,0.046869516372680664
-4.037978463739036,4.118705003752985,-1.7836071476804678,2.238524338090821,-1.035967423197615,-4.397534146928101,2.338608260587435,1.1620270353236988,-3.412345187114132,-2.4765962126205667,1.1047893625135865,-0.7465074656463813,197.37900122610017,0.046869516372680664
3.2857410759406305,4.972079328558906,-0.0375533501511649,-3.272681761901895,-0.928306721073354,-0.4336553342487752,3.795780884868166,4.4857679172883165,4.760883630248478,-4.1205859208927516,3.028594808412511,-3.21258906268703,232.17396310840132,0.046869516372680664
-1.5890130172480412,-0.3860054865822189,2.689989235601269,0.5065978999559482,-4.481093524001558,2.5619868471239533,1.7860031897891036,-0.6767130232966956,-4.774033796996122,-4.663681721991728,-0.7109647016252154,-0.5859717736237862,271.5838487404931,0.046869516372680664
-2.2182188851882114,4.084025721504621,1.6931886844658468,2.931519375963755,-4.150558815830611,0.6841248912693159,4.897842029619224,-0.9049293472408984,2.0032262033532096,0.5362616433468519,-4.133654512601855,4.67438162255069,202.1207461832916,0.06250619888305664
1.0915278797793793,1.4815952882406558,-3.135620442352335,1.5926104006240198,0.43314547334304976,5.025463170674725,0.9766190919374607,-4.260699191917203,2.1012211065398665,-4.782801190475233,-5.015186784449304,-0.3423177549398151,211.64983815410687,0.06250619888305664
-3.2800196043302843,-0.6419852914819808,1.7124763745696896,0.8121151840230079,-2.3533967898443993,-0.06636399510131241,4.991739160578331,-3.838228760948656,0.9977091143332961,4.304270307450939,2.5486497165667448,2.8950631292824225,197.6715505561404,0.06250619888305664
2.0263717937057013,0.4501695589804431,0.4637804364886895,1.6126910524882154,4.1275671505038085,0.706122132647157,-4.228613118718906,4.1604428019517306,-0.7091092485543484,-1.767728122337366,-3.3033437072129113,4.4969277345618055,235.4103964849206,0.06250619888305664
-1.7843850107595545,4.048395004432993,-3.9564854986025386,2.973996728380608,0.6358718462448767,-2.426905697830203,0.771961037231593,0.9445939034599657,3.830838109119827,-3.0003986525727835,-4.233728583300535,-1.2124168522476353,170.28254380508196,0.06250619888305664
1.9451550794387265,0.527464759873804,-2.171878386575283,0.405706216838313,-2.74652787203693,4.640816027969557,-0.6902938783198573,-1.778019718628372,4.138892598195791,-2.529347373358666,1.356577682121081,-3.8534696048669206,217.92324172994645,0.06250619888305664
3.1712640226689386,4.822004794703333,2.8949383496073926,3.983493410829534,3.42669627522499,-4.994923781733586,-1.489165038988597,3.6826626182765176,-3.8462974296647836,2.585415778525178,0.7144214807241154,-1.6895442735792443,249.7838038444646,0.06250619888305664
0.916287134136593,-1.7105282131889856,-0.43270493678533306,-4.409993080598385,-3.8281453758676944,3.1389535660896746,-2.0432750649326143,-3.2130032179282417,2.3634075310861276,1.4036068457241315,0.8535420015703501,1.496423371323873,199.9231804097979,0.06250619888305664
0.5369215514073717,2.550043982984289,4.578850061194564,3.410355577045274,-2.663715372435682,-1.5225773189658462,0.8443865182542893,-0.8943117732544037,-1.3890558343271815,1.5246276360975495,2.143543035083864,-2.9615298414682534,227.6605661781132,0.06250619888305664
4.7963951197759025,1.8097782632636674,2.316507390744407,-1.7715887564478177,-2.9715994674893906,0.036933032289940826,3.6859414561779404,-0.3897893168700586,-4.003483032901014,0.11866959299429247,5.028361970757522,-1.1872638481102515,177.2691439141153,0.07811927795410156
0.8401982766190317,-3.5228426734957017,3.9483393973828997,-4.276123063718004,-4.358176811806063,1.445619461130348,1.8260556558861882,-5.0436425596883145,-0.7246441457393162,-1.5167713334431623,3.5419728928409535,3.5876973650136668,272.9620595090135,0.07811927795410156
-3.9971803938211368,0.46835061168917047,4.162666259696992,-2.262485003430996,0.6231124298054871,2.2971478480088496,3.7272921117923508,3.7826482756269213,3.468267561449541,-3.8528683951872598,-4.238446204491043,-2.744959578009684,253.08366104311528,0.07811927795410156
-0.6607439270261768,3.0388646590585227,1.6049885052413684,1.5491303323213588,-2.3093136117108357,-4.260376434123895,3.170551234835524,0.8927875994337944,2.813429981529147,-0.15939808075248596,4.753256533461612,-0.5528661280150118,204.5326369939733,0.07811927795410156
3.6765488385843588,4.927089633583452,3.3144584319410955,0.6586614616239554,2.257294406798568,-1.110105018071339,-2.8016711829490757,0.4367401891589564,-4.698754792716869,-2.229702680997452,-1.1642297007382574,-4.693641124424926,237.88545924459336,0.07811927795410156
3.551467869275954,-1.1396729627859048,4.6386278341040965,-4.5335162351615805,-0.23333178690755663,5.097173991591137,-1.3354040592043628,-0.6295273341205281,0.776574738711937,-3.8687633020530905,-2.34456477381713,-0.6540240008047933,250.56262502414648,0.07811927795410156
-5.113899572376791,-1.9399316344794642,-0.056038628984221184,3.314596780209876,-1.329462908830116,0.6790634080999851,-2.842417563629845,-4.507432290011809,2.9757752728987823,-1.9212221847547761,3.670757756976381,-3.1076503667914537,196.82231985212383,0.07811927795410156
-4.1008298367415374,-0.23953124546861027,3.3755242385809323,-3.9900372306862746,3.4195587394058,4.457323333098683,-1.1611843847099776,4.285112861319109,4.077189661061328,0.47875273058489576,0.4363928082294999,1.0081711331910688,237.49188369831583,0.07811927795410156
5.023730273726106,-2.426227264376821,-2.4220219498417332,1.1014871906420867,0.37730179737483294,-2.1416929349262097,-4.733146500188956,-3.996966397851438,0.7073370938582828,-1.640070113291717,4.946341855104769,3.612091139985494,241.00219108072508,0.09375691413879395
2.1367523805963655,0.8031675414001009,2.0831852316138386,5.060659519234821,3.869940123534186,-1.8401502004617916,5.002548695278617,0.08620265022400275,-2.441957108405661,-4.716898634915428,3.150630867340328,0.10299420709557783,175.75621486427875,0.09375691413879395
-4.233697354157641,-2.2604019134475775,-3.363792656750374,4.664824610265234,2.413949779808311,-4.767742269490058,-4.416078265704598,-3.34109326445551,2.4695878643303315,1.2150467164318055,-1.325425514131711,4.8591837968892255,306.95009577052076,0.09375691413879395
-1.6034605285208041,0.57659970097097,-3.525804630303454,-1.8182449126009241,-0.9736293177255897,2.2968210876900104,-1.4097102778698019,3.685763761769727,1.970826623169355,0.04730395868220505,3.8196982805763,-2.0196372441058537,177.3661471703026,0.09375691413879395
-3.5790162225376045,-4.563921867291584,1.8410634318804728,-3.2498692372441917,2.035790164981722,-2.43873370211696,-3.541457784259481,0.5243583418266313,-1.3767600278402523,0.21530567445780502,-4.108744673911417,-4.856596578026868,255.57158898672273,0.09375691413879395
2.7297658837632746,-0.9924448630299416,4.071766794175079,-2.887747557272404,-0.9827496971000569,0.2166302188218845,-0.5188808278341766,-4.853538947746653,0.3951009209549259,-2.2840665633341843,4.009429809440955,2.765903649225147,172.85745708197447,0.09375691413879395
-3.8353320573022893,1.872843955056105,0.8276919755015522,-4.452694727534624,-0.4095324150057573,-2.4728527802980826,4.370388828934288,-5.06063510042721,4.316780494235318,2.935317856378382,-2.416934347813378,2.937637832490462,254.4100942958245,0.09375691413879395
2.9688387876121487,3.4652454602784255,-1.723768610631692,-4.107714422495962,1.7678061175711859,-0.4845354033102325,2.306545191303657,-3.3153908584598843,1.7015950120678882,-1.25909436410217,-1.5426344206658897,2.6804294551384693,221.9335508397609,0.09375691413879395
3.8779140672355252,-3.204877446075048,-4.910392480830376,-2.8015836917608565,-1.744831887953855,-2.378920443258997,2.4846018298489634,-2.110517351061372,4.397271609778596,4.619137719030241,0.12335242445168504,0.7813278501238008,232.31377997640035,0.09375691413879395
1.8692933661657642,0.469952824307839,4.098163574694779,-4.1798311870660285,-4.6503716689677415,0.94700858638996,-4.463193489729515,-0.9917751078205352,3.805423142810409,-0.7108897756776109,0.12731400233038315,-0.18134208506819682,191.05442084606693,0.10937023162841797
-4.355488211606206,0.07742804102186884,0.5644656912804882,-4.26097317000367,1.9394100376552137,-1.0250751985903044,-3.520642903266504,-1.4427405946396408,2.1558215707670803,1.2503048421785152,3.258242273876742,4.770898858277843,217.2859755515273,0.10937023162841797
4.777164680718198,2.0764528569879896,-2.372802197493101,4.468352297665192,-2.0664732616970896,-0.37115156426586626,4.687010633681708,-3.2274907887097664,-1.4803635628538059,0.7533876767987309,-3.2038778865406172,2.307391469071267,244.66427666047977,0.10937023162841797
-4.901370424697156,1.187021038527364,-1.225064011192035,-4.063735389271681,0.818470999768107,3.798202643251167,-3.9352321009277897,0.6169486099460313,2.4977567321498793,1.1255082108087944,-4.897360383107538,0.22330916741126217,187.5581757249594,0.10937023162841797
-1.6893957563250246,-0.14999478905437513,-3.6113158282411337,-1.2284372678033177,4.578560083833497,-3.5848334169212865,-4.429970376873461,-5.090748258721233,0.5308220276420883,2.77904768835747,-0.6812842381136184,2.6475956848482625,272.63110624139443,0.10937023162841797
4.258988261581732,-3.4624618634142434,-2.6081622518599903,-4.0603859759146745,-3.318969304637054,4.749355894002213,3.8935836933271153,-4.023706959530412,-1.8252357007877875,5.048440897061497,-1.7750595324645775,-3.9111511547949553,256.7424833954093,0.10937023162841797
4.522299580094381,-3.345426018606256,-0.7457408525231122,-3.847290641066934,2.90702185599583,0.07402951010544712,3.8711544139834,-0.5767015499450405,1.6776728689692106,-0.15413539909891938,-0.2754219933369928,-1.7286077588808526,193.08933726927705,0.10937023162841797
1.000269304126177,3.212704699045875,-4.261718924118498,-0.5355168525974818,-3.930079182289335,-2.2820219151635075,0.9882283898000876,1.7613918546867993,3.615554126492534,3.5109185785668986,-4.088004136739813,2.532683500218271,222.18891561033826,0.10937023162841797
1.9312729089208691,-2.5045804526331263,-1.9459101279657811,0.43993006569881654,0.5688156627909553,3.4882886056906655,1.8072555900616791,4.813094925355444,1.9917537937568799,-4.44335611138402,3.7489725783747447,3.8441394988632576,231.77743374428684,0.10937023162841797
-4.505604795606047,-2.687976559140977,-0.0924252164103434,1.8208967352359409,0.5239506346405411,3.7278652658078117,-0.2358352170195248,3.421308286291846,2.5612438552259835,5.011435882411614,-3.2815652102579005,-3.9181336357994905,247.4465514279463,0.12499451637268066
1.5548468109012301,-2.1553086114597644,-3.7549624705394464,1.0861610405059343,-2.9417440972037,-0.2834810622680477,0.6677753569607248,3.5175861904719588,2.9200325472010116,4.3347624727589595,-2.8189680244534356,2.7253851707315526,202.796607734274,0.12499451637268066
2.3331653286962535,-5.118538989727431,1.5723729151435757,2.2690041605314786,-3.1092816872076727,-3.925100755152033,-4.45182217714062,-1.94545774389448,-2.6245015626728443,2.071104915792099,0.267530076055027,0.3239682020029324,214.24508083684918,0.12499451637268066
1.9085281746218348,-1.016181279328614,-4.852300358787817,-3.9203871045151653,-0.19340895461791163,4.642417782695536,1.661977058062062,4.619676551109483,2.5029059931953856,-0.44697121556461106,4.849528159992192,-5.022044860090747,250.39696606954988,0.12499451637268066
-4.612605745376238,1.4739649745065648,-0.5006222575517718,2.8317790098779954,0.2553687665245459,-1.5489029882629604,-2.9719377631671997,-2.0523891882710648,0.021402600113657577,-2.415506142151523,-3.8807714241887536,2.7438567835203154,200.5403768981608,0.12499451637268066
4.285575415987251,-3.765402641371753,5.065985300931364,-1.203436667877293,-1.5419787609829045,-2.9917735605767573,2.941793884001199,2.995165409459834,-3.73156541092912,-1.1575002469752707,-3.7794842215554976,-2.27662157157174,208.37776582105357,0.12499451637268066
-4.442371664464957,-4.057109794648747,2.343737596990337,2.336372793368322,1.6691095435876298,-2.68050669778995,-1.7809028220431746,4.754895030236713,0.6838542988543095,-2.9833555988326994,3.0744224301529615,-4.508023868420863,254.76000773694838,0.12499451637268066
1.4268329892118023,-4.680567813008049,4.182856988697927,-3.7553348189183304,-2.745250893141982,-2.8900535584264397,-1.3491860109151212,4.794886254041979,0.22705497849548362,-2.803875221021734,5.027284705267143,4.877512960930265,255.82855844125461,0.12499451637268066
3.814581382976953,-3.514673169481857,1.1667586427727015,4.019336751575914,-4.612947227953074,3.1236224775215335,-4.499981479525173,-0.3448153890749115,-1.7311002454899227,4.819758440691477,-1.5618330329700147,3.9401810595693787,264.0639179583048,0.12499451637268066
-1.496530646789941,2.782367778761053,-2.1938172880038618,-2.1882929327537655,-0.6237785586532691,-3.985283394791178,0.9078059669884473,4.067756627647536,-0.370096932191073,1.2158629076923226,0.010624772066297083,-3.919371480139393,156.63334960385944,0.12499451637268066
2.189952026053551,1.7961562598929675,-2.1212011231340426,-2.7564987157917913,-5.023243984382427,-2.563885151738151,-2.8275410435276362,-1.089648450077565,1.2728752130363503,-4.5782247577990915,-3.136217028492567,3.5015293720684655,211.46339790792425,0.14062833786010742
5.08705640078843,4.463350931406386,4.241362309469015,-1.75623353265925,-2.8515285069145815,1.807849607894691,2.078850157831191,-2.938410258535996,-0.17762410417780572,2.7141393888503664,-4.997924923582649,4.626932764320608,232.5340881181057,0.14062833786010742
0.37982375295736137,2.3004505513607985,-2.8214366971004368,-1.899394758978536,3.777492740467122,3.246172536604502,4.625412536877193,-3.529662611326777,-3.522545864652159,0.8114826587994868,-5.037342554698576,0.14391288197915753,237.2625407590853,0.14062833786010742
3.85919611910744,-4.734738865239384,-3.812908598748313,-4.86527472284885,-5.0691011577851635,0.32524380233688,-2.4764524065549773,5.088875066033972,-4.407399268409514,2.7975769841015357,1.1433758246464834,1.9259512485317805,256.9194616507848,0.14062833786010742
2.0300019309247093,-3.665517541568098,1.3589594665385114,2.0673395897424323,-2.5703524952769974,0.01894547165316851,-4.3319497845835215,4.453898236058552,4.826846564407549,3.153954429116216,3.7078940501082913,-1.0295903689888304,225.4738341682905,0.14062833786010742
-2.679819022420937,-1.3074004617962127,-5.020239016282694,-2.5962945708407945,-0.07025383362750048,-3.106922903010502,-0.3739188031348961,0.04154493992858477,-3.554183530078162,3.9895700903172004,-1.5348141128396429,-3.7935509506190646,209.0319379377861,0.14062833786010742
-4.007787648499074,-0.2674242994511271,-5.119717689831613,-2.1898730086639064,2.9860428795291485,-3.479171383858408,-5.073941330868968,-3.4317653584654804,4.870999077725547,1.0354324794735623,4.282335949612045,-1.080494487977126,226.8358469435214,0.14062833786010742
1.3557384694079726,2.8674315879875705,-2.1886535378044942,0.3014940846420471,-2.7685465579385546,2.6232656662676836,4.096543415424304,-4.530966098845022,5.018513588044413,2.6184789185925004,5.061467570302804,1.819856109574566,238.11924266931956,0.14062833786010742
-0.23759091252241582,0.1879724514777621,-3.9644844113166537,-3.5586939061954794,-4.6967153860506405,0.7128434511561395,-4.581582871234857,1.334741749242652,1.7878089464232634,0.4027062723731172,-1.5406536660219938,0.9953889504567881,220.43886301457133,0.14062833786010742
3.3703315661477697,3.94252118528824,-3.681267132141456,-2.3392257365280393,-1.0659485585189241,-3.567050513742265,1.0466927484358486,4.650530271245397,-3.9724947530165355,-3.0106434460988383,-4.513247905844475,-4.015378579314861,247.288636216854,0.15625476837158203
0.8617177015363202,-2.8659450411468548,1.9463619604453095,-4.449331011735578,1.2119623626060525,-1.8465557221689877,-0.37882272847120646,-1.3708324234721698,-1.5759120205920185,0.1324339982550864,4.420261061798533,0.968237786152728,176.53888553110698,0.15625476837158203
-0.0026182126013987173,3.497138459729533,0.09243359401193985,-5.069042318061874,1.3952885160891118,2.207540986882732,-1.62823592734446,-0.25759643376794905,3.9228646331990484,-3.016897724971398,-3.0616519954685155,-2.87889482726978,169.57551853028323,0.15625476837158203
5.100231831718964,1.7623602800709612,-2.0466900566906525,-2.795521292507229,-0.5956095855279893,-1.9765558105406575,0.6979029437507691,-1.1610811870997457,-3.3434155430403063,-4.951863785291664,-2.2187768917929143,2.6899914359409314,187.8222637449292,0.15625476837158203
-1.7892982701866589,4.5679040171758585,-4.962340292571102,-0.49931884925820214,-3.735183814439989,4.598510976130087,-4.790795378425262,-3.014652441332936,-3.747422065665545,4.884828151778998,-2.7883631600683563,-3.7572253007256924,289.22209464160045,0.15625476837158203
-4.02363095159737,1.4360032176231297,-4.580531772659727,3.91282192718785,2.233993725354332,0.7783843906687808,2.735569054896067,-1.2383560075075017,3.3989885285044705,-5.079930459279308,4.3299542741170205,1.9067184492627964,241.58991239590833,0.15625476837158203
0.7126595759705516,0.7946537763699144,3.6572389783749495,-0.5113009408183791,2.9398191839530385,1.8256350125091902,-1.2863333597053161,4.176586716608427,4.718957826506878,1.1171301039664625,3.0227075539139543,-0.48017471254582045,192.26204016492244,0.15625476837158203
3.0272044548832335,4.774096079215199,0.8779475799215728,3.1564298292680286,-1.4888333165813825,-2.8299646025621574,-1.8442319895691268,-3.4924317373790426,-4.447089221326717,0.43814575171880943,-4.926740903352765,2.4384949125158517,243.16910384332968,0.15625476837158203
2.253750970101562,-0.7101180382652492,-0.06432166872669765,1.4597476676603733,1.984620524301664,3.1181386799072266,3.777766031627931,3.302383888482635,4.3432610456762495,0.6280562402534304,0.7415528211954925,-4.731885792793726,210.26353991670481,0.15625476837158203
0.05132530307596017,-0.6960511731303685,-3.994971569566567,-1.192626426324162,-1.4492814908227918,-1.968254443876103,-4.067515035178727,-1.2320250529705485,-0.17871085538476272,4.438329695516585,1.9914448161165685,-0.8773352292098826,143.91310455127675,0.17186951637268066
-1.2844631184451742,-3.5415272627566354,-3.4584140203674902,-4.545136430349751,-1.2451843278725918,-0.199865899617107,2.9231870380473106,-3.4369977217378924,-0.5228247983909506,-2.4028790205714694,0.49666267337756853,-4.697779669350236,276.4747115092783,0.17186951637268066
-3.91494532293005,0.5617203429458097,4.583628595285865,4.077997469841548,-5.086044769273781,-5.04377565932945,-1.920445663940531,-2.985374940287058,1.1816937468197866,0.18446539235898385,-4.130144819638716,-4.692319096192234,229.7869925162627,0.17186951637268066
4.072026260098432,-4.492992744012895,-3.3967783122795603,3.0526351095509865,-0.34599718118910605,-2.893506880913288,4.567592860857181,3.75383477713278,-3.0840698074898145,1.8608787811663055,2.3835957497438898,-2.1687980964223796,238.14406040160887,0.17186951637268066
1.6251257354327144,0.5652489485132284,3.2493536294358654,-0.6186190544810257,4.103518926538142,-2.0168343848821286,-2.2793391842601336,4.7985872956045315,-4.170852234410724,-3.492421445538941,2.48699294102389,0.8567833795183333,232.97961606478464,0.17186951637268066
-2.0605902739560333,0.22447154444957462,0.13662038952269207,-3.804742157835725,2.165848658162205,1.3302227721576063,3.806417740839284,-1.9610169017294887,-1.2375566648688863,-1.033460711338778,-2.6057747186534863,-0.9053078955687814,128.64733865086512,0.17186951637268066
-0.12590008832282962,2.7693831848272605,-0.13170573830454213,-2.0963888866642453,-3.5609407331487626,-1.5565539653162492,1.9868253892273247,-3.350257884398123,0.8127524519948475,0.44979970727681007,3.0775633720721016,2.7564536344987847,168.07081159308942,0.17186951637268066
4.1790318334622,-0.3674840848459464,4.790896232818558,4.591816191262583,-1.293033176444939,-1.944355872444551,0.5596395004533692,4.4164802824024845,-1.9898388607288435,-1.3188878490161113,4.159168490179783,4.145890013912166,249.3148055378693,0.17186951637268066
