0.05145493373487753,4.449643176287384,-0.09136509691292449,3.2999226472255385,-3.8137126932838656,2.0153355675517144,-0.2893627986042562,-4.536751820616116,4.60211740284501,-4.687936722186578,-4.054808483318512,0.21056158264343594,242.6029897077407,0.5010278224945068
1.8203892600924254,2.3899233195768197,0.1876940192833363,-1.220071926791213,-0.7525111633214898,2.192376710401355,-1.9837895680412707,-2.12803382751751,-0.058809424335191096,-1.4641421611986654,0.16095646301250444,3.956476046024785,124.85353339467372,0.9697778224945068
-3.433193167126725,-0.06274873440286832,0.23122053392013786,0.3766456685461739,-0.44348695340404554,3.4251980504239024,3.343838898841134,-1.7740960069800513,-0.034605070229510204,-2.2892209841482587,-4.431116239068158,2.5280773578744107,229.31839334369081,1.3291528224945068
4.753097729703014,0.06756707410132279,0.17695640134058888,-1.2217716034141075,2.471275327287458,2.279312747888018,2.3974187400722826,-2.1621497817900655,-1.5268428912371137,-1.4351594450988512,-0.06742196100018116,3.9562492118033203,185.10962300305997,1.6592490673065186
3.6646081291503974,1.8055036097740462,3.353136303024084,-0.0659709489002589,-2.672574441087711,-0.3284820216923636,3.273575009825973,2.177778014015632,1.387470513088183,0.5443531778281043,2.080122658075635,-3.599632084688945,211.7922212953072,2.002995729446411
3.802923442164052,-2.3875524683480025,0.17847549110716354,-1.2229146035761507,2.4709577410032884,3.3287279061409825,0.9906350072845207,-2.2551748592079215,4.4404427613690975,-1.4373390411245528,0.9262608576533902,3.956705506778394,206.43273485057443,2.5342471599578857
-4.32548176879451,-4.617816090995827,0.19041103735742038,-1.2193273551566959,-1.1268909458008687,-4.250785865586782,4.570558853202502,-2.085402311847044,-4.900541467267495,0.25802964636593817,2.9478702730744084,-0.05817383247633945,212.37545703076125,3.1516273021698
0.17030279242961477,-4.290081955802731,0.1899425497492624,-1.20936263536321,-1.1545055493452496,-2.5643185456672235,3.702315541177632,-2.0838502945167923,0.13415875271281408,-1.4770218729352234,-1.8252186066397504,3.964248350606373,165.41553345951758,3.9797520637512207
2.6637723382976315,2.0251912359448854,-2.038538846313904,-3.75662349270847,-3.7294788354782273,-1.595723182135523,-4.393639673362237,-2.0920523913649656,-2.801444082906062,-1.8376245694036504,0.4372549348102579,1.4506185489900405,207.6326290193745,4.492699146270752
0.045487255241734914,3.0454228014681126,0.18861895084328495,-1.2476623745203765,-1.0352639146918117,4.076360204061436,-2.9419986965496845,-2.119192811872573,-2.5670816755578976,-1.432414460673265,-3.3225327247332963,3.933226300407221,151.96754813310304,5.1489646434783936
3.051231377063522,-0.8953344710999733,-0.005326154934916616,1.8905485319629634,-0.47050009060172115,3.3241783926575215,-2.308881528552886,-2.1433527655695683,-1.4178841736554388,3.457152093272211,1.9591886717814324,0.7699456295519358,157.29647161626227,6.063137769699097
-0.3037139062321792,3.1847845957418786,-2.875946393033918,-0.35854944802969513,-1.4584493652304809,2.0995875757881937,-2.17252414794059,-1.8393644169469514,-1.3301600026063851,1.2606755701872387,-2.012708305756262,5.12,165.20739953021072,6.891261339187622
2.10288734180605,-5.12,5.12,-1.0119070799028558,-0.04193528359676968,0.8336056153236893,-2.379154191984956,-3.565378240251646,-0.7462000707598184,-5.12,5.12,3.8151290237425366,215.38310371300142,7.7747673988342285
5.12,4.1212994568302745,-1.8058888037168326,-0.5678140497060955,2.636190995513723,-2.071106041307639,-3.329435123632839,-2.259785331040374,2.9310377259096105,-3.3463204168918734,3.7715943651794985,-2.078136306622391,213.07018238504614,8.446590423583984
2.1428588438071747,1.792767079101374,1.9126043775566197,-3.759900133564357,-0.8522105934465607,2.9061171016506213,-0.4951416384101961,-2.1700474080570986,4.212614186898434,-4.721332331886784,3.185116219114467,1.9276500356878365,172.97906979018714,9.183201551437378
1.8325545300870587,2.2112986353668473,-0.3078901170836046,4.430000550226674,-0.7763848109367011,1.5953676784784019,4.729183997785351,-2.1564605104352297,0.9922319892360001,-2.580448429506835,-1.231133736200018,5.12,211.40131761782465,9.93320083618164
2.3969126718255964,1.8827052035450542,0.22849928576436795,-2.6200063563263543,-0.6636195869759778,-0.9247657058242158,0.6939105403057564,-2.1693349665546244,-3.9969827720263282,-0.15051077534393276,-0.05521185566231068,3.085017425479042,135.71855404567123,10.579075336456299
1.3979992950563362,4.010451198774406,0.18263479587814313,-0.29898494456346825,-0.5670941133946972,2.525889796913625,1.6631797189193147,-2.1081897359688773,-0.34743227298412815,-5.1191567985452675,0.2565002810838841,2.939074652090805,190.01956230948244,11.141573429107666
3.434264965430155,-1.5625008856398837,0.19392043706001427,-2.2673093754226064,-0.8388813826706993,0.5114406574864292,-2.748681239753492,-2.16251419863913,0.6370341000322641,3.17518171253685,0.91466721599783,4.296205028687678,194.21145318610587,11.858891248703003
1.5742529274139327,0.0634995127790603,-4.6949998959143295,-1.232833659627421,-0.6169367728250048,-3.7584085464248718,-4.7940111674526955,-2.1577032706303028,-1.0534971472382741,-0.877029628377044,4.362900545387039,-4.844016577035701,217.6208911477631,12.499515295028687
1.5645048591247788,-1.872695572782165,-1.9555417982463785,-1.593532739872324,-0.6512860407282908,2.728859266487956,2.7357570161509663,-2.164262834770684,-1.4913877623047127,-1.2167273467817639,0.2995161763799059,3.661914874919211,189.62090510909883,13.32865595817566
1.9949767028249195,-3.6253658123100303,0.5666250164694926,-1.3649795593308074,-0.6616824932165715,1.2443123815469166,2.363232973543102,-2.1599320798051833,3.9361042185710824,-1.1454353008971072,0.9179479724181121,0.026604719813657418,154.2063169264061,14.06303095817566
2.1633543630404333,-4.431775028565295,0.7579355508080781,0.8006388034859242,-0.730251085396084,2.6995643577774953,-2.3287260232060123,-2.2728138849156454,-1.3297519526481016,2.950919555399932,0.44560768515030524,-4.641648730122695,217.97576362556427,14.886163234710693
2.0718170022249884,-3.11265697280314,3.5370868412641423,-1.2162823825977642,-0.6620253686142776,-4.514404055349763,-2.156567970169273,-2.3260090287131345,-1.9986929270289124,3.063310192151813,4.380567190339835,3.5322478125573893,227.0829647805982,15.604965686798096
3.658854600462237,-4.263691336793515,-5.017925669718026,3.333532242037088,3.567662256273155,-1.4369543540371632,1.5961048289826456,-2.1631361805954765,4.662388073192518,-0.9847506576300207,2.325488000543146,0.7675743847048189,260.0532250406923,16.716312408447266
1.9060770988718696,-4.116163986413464,-4.311514043215629,0.3925390627171126,-0.6738538638527753,1.2031577062742853,-0.6122835972520493,-2.101302285579272,-4.118796984076278,-0.6094393250846109,-1.043618134659635,1.623287413111841,182.06589335700946,17.49165940284729
1.96156798407352,0.35987224078348934,0.7429985423924252,-2.587896226785093,-0.6568914617931112,-2.318461528337212,-0.7343284275839776,-2.107503577661123,-1.8513197687776182,-0.40540734688689817,3.3845233133729886,-4.9672929811674384,190.24947116916283,18.179158449172974
-4.238152964481323,1.351046905239782,2.883984428262516,-0.5173305307840801,1.8025202909598486,-3.5437027811900914,-1.5173109854532907,-2.1146929407325707,-3.618568214050601,1.7350171494423536,4.68588306354179,4.0783370384503845,245.52783990497105,19.375455379486084
2.4527552589488915,-2.333504527655945,0.24579786180568153,-1.6820522541750065,-0.5287583456283897,3.684694558720154,-3.944495138065286,-2.1476257880886287,-2.7599725572081475,-1.2742531758962405,1.005140406099157,4.326100305406487,209.7229915849466,20.110177040100098
-4.5500226956814895,3.939876545543828,0.19956026099494828,-2.1976972588521777,-0.9507462751126736,0.23673351372642415,-3.88452965564061,-2.1422249665340307,2.1098997241717052,-3.3828724100564638,-0.7207453803539305,3.5147290729476692,191.75623057316216,20.766419649124146
-0.08916842819181081,2.3639946877866223,0.18191298775585452,-2.0221550986833923,-1.016841788123,-4.256541196346819,0.6897292625745699,-2.148448744230649,-4.9930518586892925,1.0923694610969896,1.8957769715099628,3.9311546370223853,136.02063026000732,21.446422815322876
0.21593924824737876,4.174124146676154,0.2241644067331663,-1.6441105060794734,-0.29949337484789496,1.9645700267893949,-2.10963035029865,-2.145701118595407,-3.180408947292995,-1.3226730200036467,2.061824841708675,3.982663675148747,143.52004480276565,22.212045907974243
2.2274614601719422,2.5315470309976353,-0.17916926753125662,-1.053249898635329,-0.8792399124616352,-2.415201570549287,-1.0686574607811323,-2.104965302245738,-1.3819815565948113,-0.043142024342595064,3.7209394448095265,4.784842894606956,159.73880006763073,23.66547966003418
2.699342937345514,0.227959145263676,3.4201264070082322,-4.282319594374219,-0.9603300052736783,-3.0981284997642935,1.4305298420495562,-2.3699183102523818,-1.931037951986558,-0.05738836772629696,-3.4639434455706013,4.51019911223536,223.50874292952588,25.138453722000122
4.359494397697357,2.950495830182029,0.11510892155187413,-1.2158523448944214,-1.1584563287656597,3.0221694540935014,-1.3276940067285574,-1.9753494917163277,0.4546517325064565,-2.800545054906377,-2.1742502028403057,3.7650268861559146,159.91510131454578,26.647072553634644
-3.2766565725047885,5.12,0.8612061885044167,-2.0306735138154144,-0.8854788454036013,4.09388258997845,0.26756728555225795,1.6692690682247049,-3.843690144219324,-3.0096259591272942,4.13056298800831,5.12,187.94062995008147,28.462525844573975
3.8257450743574024,2.254835567088892,-0.16851721456631807,0.8086917240857563,-0.6571575085083161,1.8968193101198167,-2.193018750185023,-2.5475121214774163,0.037410600585288556,-3.1776986016299413,-1.9858813347183042,2.760019222047797,143.49866245121083,29.79797863960266
-0.7429483365946705,2.3085190596138228,2.950874745545504,-1.9933274021667766,-0.7137940392894571,1.7065440214311183,2.3860463956159172,-3.044952760766806,-1.802242326943718,0.4586278979207954,-1.853971975189188,3.5351275880058575,173.8729206445144,31.393260955810547
3.4586516682684225,2.129839090048896,-0.8169853232275663,1.1251295120243583,-1.4533821068850794,3.9847626985062687,-4.020327367694504,-0.933231822126789,1.2691169953109815,2.8894114500795327,-0.8236651009708886,4.1867998255628285,159.03694039185683,32.55008864402771
4.578853065000529,0.7093792860903605,0.39910381641519965,-1.3178626040838606,-1.1948282152742742,-2.2184060573421314,1.723538028391605,-2.100582456858631,1.0371329691249507,-4.596296507575756,-2.5139024994529895,5.12,224.73252131184327,34.253583908081055
3.6480026063441118,2.2302659633648156,4.448120184354926,-2.775515870013683,-0.6720612427690229,2.4692485312549692,-1.574611093690038,-3.2639805983634367,-4.545891563971032,-0.04280787115183049,0.5284162972721989,1.3760292956823035,262.13233546216725,35.25467085838318
1.4215028019752367,2.1639904982493032,0.1454348747634846,3.189601818777576,-4.897396657502561,-1.100748341621479,-0.9095128863720809,-2.2353544142813644,-0.26260134075956465,-3.2986699175969143,-1.3031170987752372,3.115122724650793,158.30219410178483,36.2546660900116
0.9349263775921255,2.808690491490583,-0.01955848462635501,-4.900015752735467,-0.6621477539939846,3.5359568799755694,-1.9332980030916516,-2.564653570106928,-0.22148960604826318,3.649054902086836,-4.45002124503978,5.12,226.02259136788186,37.23537635803223
0.6170288316706731,3.5896884385640364,0.549287564353917,-2.1849249843564844,3.9395250730237334,3.0503326207141077,0.15176129555264417,-1.9099415429320845,-5.12,1.0389570817859992,-2.1234233375486786,1.6617448773484087,170.9330110522556,38.07912635803223
-5.12,5.12,-0.39463571543833176,0.4408359612600581,-2.7575765423230916,-2.8166856150766115,-2.0385264112705763,-1.435017278201355,-5.12,3.4506958889253445,-1.9628249117238785,3.9494636543012467,232.6604021651259,39.29404926300049
1.8973290373755463,2.7094765543995134,0.18088301760402814,-0.39070671546933866,-2.872842440172974,-3.8810057988844058,-0.7287793192558807,-2.144051481162157,1.1298685176167513,-0.08049310496831552,2.052360019772399,-1.1910334283196784,116.69989063929323,40.181281328201294
-0.3945313853263839,4.390105363526938,0.18405764320211304,-0.5754609136126128,-4.250673185292008,0.8915228018351185,-1.1354978254819632,-2.241447815647747,-1.6504013188204647,-4.5284576994809065,2.7862028451226015,1.3368774914964199,221.9993524853647,41.603156089782715
1.4381215066822977,3.858339480725724,0.21052797588909566,-2.24505770480989,-3.6927805116331642,3.1040626519141705,-3.9160504367594204,-2.0903809683567367,-5.089917760650756,0.20063926042230573,-2.233623169452286,0.08580676529425535,173.5582579269321,42.63798975944519
-3.920242243791874,3.081245314312599,0.056410498136071574,-0.8172528821340608,-0.3034657028921286,-3.6389363444758906,-1.307073853029459,-2.261598535570325,-3.714243716033619,2.7743424435023165,1.8275541740228336,3.656028037819792,188.46401122399578,43.81707572937012
2.7229201204975357,-2.949724963119607,0.12003452528762182,-1.4774797282474554,-2.384651692657183,2.6029864712499515,-0.9772447631344319,-2.1068362020222082,-0.4207554190326057,1.4469793443178096,-3.4114090871228204,3.627557088968218,209.45576615693983,44.94957256317139
2.7367532236800445,1.6186185719028705,0.3132062998068923,-0.6041400740832934,-1.8781104428744158,-1.9627633838559406,-1.2328870579900029,-3.8671036690639857,3.364197802981667,5.03805007980094,2.006395055044652,-0.38384342630583923,184.88261122108239,45.84419274330139
-3.5114205845519733,1.1239036060738128,0.15954498268346917,2.2557413035495886,-2.269652069080684,-2.8311713866692276,-0.6275935535199526,-2.19383854447677,-0.4341038038578411,0.4983313506189111,-0.723877678090064,-1.1628387001322409,172.65691834564126,46.89106607437134
5.12,2.0818516358062755,0.7100317791262123,-0.021266885747532882,2.540182033038879,-3.513060663496243,-5.12,-1.16893199065031,0.2750660097981594,-2.920398286569527,1.5332892694532765,-5.051229332217008,211.0486961298252,47.72769069671631
4.452383025874364,3.95338138026517,0.1434155474163843,-1.195210741623816,-3.198856439796143,-3.73817028191175,-2.222303526957592,-2.9217048909083703,-0.5828487783058485,2.0339942288682202,3.338838212288768,-1.129265517265961,186.24159268724563,49.19639039039612
1.5247712063995849,1.6020782109600304,0.26489407546340527,0.4408771816673207,-2.1048796700316523,-3.9042726264294805,1.8589588328582058,-2.0192067259417774,2.646024623490076,-3.9958920488861476,1.7236202009679813,-1.0285357083885271,162.99392477718075,50.46654653549194
2.0346460469601766,2.4808403793990568,0.08046120617494612,-4.170108054795186,1.702435844997333,0.0610105901531135,2.329976046693348,-2.0172688920682127,-3.899349175291111,5.019315901388331,4.951856001957613,3.802076660461993,183.86151575796364,51.851234674453735
-0.9991432042979307,3.4351815313033933,0.15204947624127474,-1.595623627004381,-2.8693720169928008,5.1099560210185055,-1.539083210587588,-2.1470478004964884,-1.438191408577418,-1.3349978248656384,1.9717694600312914,-1.187826265137791,177.34278807821696,52.88606882095337
-5.12,-5.12,-5.12,0.8099160857109577,-3.5481262830854927,0.9251688715428008,-5.12,3.1238291786470826,-3.5740965625893297,-0.6996689426868592,-0.45636075333344106,0.580062500908678,253.63212848893818,54.094717025756836
4.514044523379481,0.8939092571697129,0.19795288285111745,-0.8301575881544752,-3.791169008823319,-5.12,1.2254045793324009,-2.1733444809407354,-0.8104600197948546,-2.6545072249282162,-3.8884095513703345,-1.1940128100005354,181.86070579729153,55.447744846343994
3.2691339037911282,4.335260392129915,0.14594800518757545,1.0609944062322985,-1.9889423216092492,-3.415373081545877,2.7316341130702595,-2.2166757845899205,-4.789755234644018,3.640841858762717,2.6416179648522506,-1.2007344426981321,219.01662720962852,56.70497417449951
2.8188054288086297,-0.6649391044147022,0.20665391961135793,3.700526625320948,-2.9477811941421144,-5.12,-1.6318828118069302,-2.0614930491418484,-1.831782173818656,0.26061773868914084,-3.6479857798001705,-1.0998534704463703,177.52965983497137,57.69749069213867
5.003460166583397,0.8043541782769115,0.208843406086614,-4.440212630243201,-0.6443244049789074,-4.775319033386055,1.348320282757534,-2.273973390087895,1.7057903721422614,3.8350556373701776,-2.5616885870728954,3.132064242174436,235.06430663009627,59.04124069213867
-4.689750042607228,1.1218215121661101,0.13431537467460686,-1.5423323827143305,-0.9589363424514099,4.813203084746884,-4.011100111399646,-2.081867408464952,1.0765542765469638,1.044438806593238,2.271417228645377,3.9285536422704643,154.12551053819544,60.18506121635437
0.9822639420606603,-2.8136457425642165,0.21878668606708018,-0.228559017788859,-2.702267455971726,1.0441762903685374,-1.8244431400579924,-1.8350250615638934,-2.874384564044767,-4.787901532532132,-0.46761864472346826,-1.1474830790957613,137.79120538120665,61.264485359191895
4.053548631280337,-4.035169433748265,0.21122761510205024,-0.4679499564387104,-2.456692120807397,1.5688865969431696,0.4244626008581749,-3.9431924702600423,4.841919499643219,3.9486759257682875,-3.5094691585872164,-1.243401326631861,231.14985516351342,62.39638566970825
3.679355748790017,-2.2518568758032123,0.10843119870331286,-0.2454008656784996,-2.898497889343097,-3.9782030117206526,1.2367582188623159,-1.9490731799487095,-0.4042927522481543,-1.2383293766174632,1.1728239875014381,-1.1101194249782553,135.7829875430223,63.62054514884949
-1.9017375902545126,0.19604176858655364,0.13153412439016954,-0.04988330035406463,-2.9400214187987745,-4.524620420075823,-2.970224474134094,-2.2018582625918186,3.1730121556405093,-1.8231403535386046,-1.5141038678485321,-1.1375154302100912,137.83075775771874,64.92164945602417
4.632042053666127,-2.6406361112515637,0.23276318680063213,-0.3502474586117401,-2.838402175250371,-4.674871664126974,5.031998126801919,-2.183168734534484,4.55166909587457,0.0887616951183654,2.9210200333861946,-1.1131489166800312,227.0252389818581,66.18230748176575
-0.7366328868085814,3.3742904160757403,0.12750187441230665,-0.10179546259853023,-2.7725367797367286,-4.62105712386801,-0.7652185441958776,-2.1051390779089143,-3.370100711621289,4.9671110251493475,3.9660738857602196,-1.1056073804172408,188.2841232317527,67.54007124900818
-2.887260146080745,-4.216645583226006,0.1741922895300272,-0.13135336727791724,-1.9329101315224815,1.6808572877278003,-1.4947473507496984,-1.8572382406028436,1.9978473803690608,-2.56253029642022,-2.2821653104759645,-1.1425379608019917,148.27269391790944,68.8951244354248
0.19586641905062407,-4.981008877046388,5.12,-4.955522679694179,3.683645202011806,2.899079323589544,-5.12,5.12,-2.5087735044738744,-5.12,-1.4529588895990977,3.5305003154567958,290.43273008898564,70.26788544654846
