-0.3299939421211082,1.2049746832675297,-1.2094803557988048,3.823933527000018,-4.861028503731867,-3.938825098995676,-2.9163898960782886,-3.2659815661396645,-4.190668597997701,-1.3285253180737304,-0.8484323935036384,-2.7657406544800853,189.65045252351388,0.578117847442627
-2.0466514856152638,0.2778582253616273,-4.977648872990949,-1.5959945370266029,0.8339706130002114,-1.5077354445015176,4.891127832157493,-1.1986947826762173,2.2684665070534926,0.1630133873359796,3.577948063339835,-2.120038877515296,184.42174537501847,1.1414880752563477
0.013145859756679812,-3.245064396337232,3.809829078332309,2.451705176843168,-1.655950182448763,-2.2160477788155464,4.215143715223385,3.1549459569274854,-0.7046085772732527,0.4280817694646588,-3.9889027934684904,-3.0600832350294254,196.1777454193503,1.6258628368377686
0.4857065643499716,-4.2459437263463595,-1.2431224286144715,-1.1731399101128193,3.8218273368771714,2.111164661433337,5.052751764904767,-0.3923758738341556,-0.2734691908275293,-1.8394653373987206,-3.313813577820077,0.16779844483155237,186.45836988239188,2.2065210342407227
-0.9323026877728324,-2.4152817150370858,4.848439483856924,3.196715148508308,-1.244171486408133,-0.22828331453481177,3.6061159814566706,-0.7008757528240981,1.2775514270674861,3.1821526458623746,-1.3693324257816704,-3.990084119301984,199.09348760368866,2.8940210342407227
-0.06654832346831618,-3.748707193334016,2.6107372557429276,-2.7079909069812143,3.675747662896309,0.3992674665903371,4.020363365438937,1.7205785833575566,-0.2196691983328769,1.273957552079664,0.6784929062412539,-1.3909103993140857,202.46509742617718,3.8247032165527344
-1.1109939040654657,-0.25585066674450996,-0.09106632377996782,-5.092277574099135,1.9094375218286634,-3.8690805005650315,1.153001753552081,5.12,0.5376236861495967,-2.437794186490011,2.3170218576276014,-4.860385063903651,192.97330120448933,4.293453693389893
-1.0108988330281337,-0.5663045872585757,0.9011186798972508,4.046698721985913,1.4944041651056432,-3.2996079900811983,1.2936990902374736,1.7247796375696058,0.9912032680447691,0.7302719011689733,4.402744310583272,-5.02639289446658,190.8574215091903,5.0882298946380615
-0.8288518557981481,-1.3449465177397268,-0.6162912447939792,2.698445896000859,-3.65953857538291,4.560656756320658,1.8054187232318437,4.063174761595593,0.976889025080542,-0.9310231912605218,-3.2525386508312484,-4.902737023902174,207.07880326947688,5.978832960128784
1.8414916271712478,-3.0633550266794356,-5.12,4.004815185168266,5.094638480346608,1.0208481240191611,5.12,-1.5427403773726214,-5.100012380717346,3.204604500440028,-1.1268747136239625,-0.6212597152270467,210.1136725994399,6.728028059005737
-1.0339346973646597,-1.4477557258911724,1.2185550247497465,-1.3769912739770822,3.9960528340228114,1.1346599384041385,2.567859248898835,4.851830922484582,1.7498562049387898,-0.4995080018924076,0.6931798861044944,-5.006572950653637,197.70279502932613,7.774903774261475
0.9866809890862189,-5.12,4.507792170545529,4.641534173458182,4.541291036404529,-2.271801427177554,5.12,5.102135008040373,-4.7744237050264,4.038970934748476,-3.751408989258927,-5.12,322.63354116558423,8.496418237686157
1.1493067565403514,-4.000870907020168,-2.195540500952913,1.672211072729052,0.9003991401149811,3.7019227475699745,4.940599304005391,1.6931810170296027,-0.3468373818582764,2.1720337814233233,4.319852820482683,-1.8485623848025834,187.58822948567098,9.137095928192139
1.2644321200604285,-4.178004887392623,-4.2350266588343555,4.214405717296429,0.9933415770297964,3.7941264917042004,1.2769207674302638,1.9659256450754228,-1.2731083380180879,-1.8696923704574022,-0.4738259468994217,-2.6606914076628834,190.4118490521396,9.823728322982788
1.057337459034306,-4.227045790356579,1.850546054433046,0.341541119233427,1.9894613671675598,-2.055899916830884,-1.8023850154905139,1.0254041667257567,-1.2302808769114084,-2.2840914598824034,-1.2269836722847303,-1.2931471295348498,123.3129150491488,10.636228561401367
0.9944696738601513,-4.081629531140006,0.12780673155388556,-2.723097917735084,2.5220077675037764,-0.8115217019762397,2.0820635669620966,3.5663110615759495,-1.1343387681623192,2.1775771959147123,-5.12,-4.844432092012602,183.55314931481627,11.257748365402222
1.013741551216281,-4.873161336541507,2.5588850284236138,4.7836566015783495,1.7631575187722524,-2.475655713322017,4.970865123542457,4.706223065910936,-1.298380970591578,-0.5496680063896102,1.6565863957369231,4.812535835612109,264.62771392042606,12.226499319076538
0.6900999611808887,-5.12,0.7779941924291078,-3.723865278042328,1.5661163828591889,-0.4104289308297897,-3.027292012480123,-3.3359759215954146,-1.3514936783488536,-4.191118765702452,-1.5692830714005028,1.6263671672922495,236.15985710104326,12.923012733459473
1.4373080117118127,-4.222981476120319,4.085492014413009,5.00335323507199,0.6647237497225715,-4.7953007933222045,-2.9716385969369687,0.47024913602763974,-1.732519417258426,-2.9851123172873564,4.460331093230859,-2.16407858919746,237.53044395177295,13.64176321029663
0.41447445935034377,-1.038515571741378,0.5182090385441942,0.2570512669736482,5.011075165391547,-0.5551941360430845,1.2785445237424913,-2.992272016387383,-0.9565506524433793,4.195375217078733,3.45601475761394,-1.6723139266562987,192.64858661109383,14.320078134536743
0.09050717628655924,-4.06338506532302,2.0661961834898444,4.010374734640098,2.652507511223633,-1.0175969410234709,-1.7060184667463965,3.3941753453427532,-2.0909856358977534,-4.510379391916656,-0.9728945783036993,0.9886763745398977,157.39140175899252,15.132577896118164
-4.459517286163556,-4.341263083933039,1.963896366905045,-1.9489097051712814,3.618296234865073,3.012437310769239,-1.855272834819428,-2.5098694351701454,-1.130932879125763,2.934822032795222,-2.583274727241403,4.397530163154415,231.98705890890264,16.36772871017456
2.2442698583998206,-4.153316097415952,1.3398978541893163,2.582478957618787,3.010068253152828,-3.7628334523566007,-4.187320237068976,-2.1286392734937882,0.8877245476679665,0.988924569632661,3.787538836489735,0.6958635081527236,182.48318526795313,17.283541917800903
0.6574609620372742,-4.1185557277970934,1.7120517659654073,3.5831657342644823,3.8899693215743456,-0.4776100392571694,-1.6810024509167523,0.016436693898513433,-2.5774454446882795,0.5422607162937325,-1.5820124108821396,-2.3008898192134484,222.0380528462021,18.22104239463806
1.0867475517075764,-4.280076213563174,-4.946815712865602,1.5603075074217942,-0.5243464934763304,0.6920000334277576,0.08273466048864275,-3.0562530342737193,3.823647746502755,-3.8922745403720507,-2.972911144521995,-0.18048861453051668,177.36063151549996,19.09659433364868
1.0776191424286905,-4.235980057798145,2.7150258675684675,1.1845830410235063,2.552197458138046,1.9489894409423671,2.6144725912033424,-2.4412351554175307,-3.8148457481634006,4.1877577415318035,0.0739087394472735,-1.1945802851670537,189.67769976157433,20.08096933364868
1.0612966824079697,-4.131117712760214,-0.022098363890210138,-2.6988424820445,5.12,-4.259424151356058,2.423677477811075,0.9722695527710297,-4.921643505496372,-5.0465106855229465,-4.6185835651481755,-4.676775582254684,252.46836501486504,21.25019145011902
-1.2538797445169054,-3.6948615256982036,1.6731471875890769,4.075171734259215,2.3507500576465405,-1.888023000456987,-1.3418420946407599,2.584705424309327,-0.8600032732143283,-4.343403472618672,0.4391221769143314,-1.7771830848123078,213.63984846664542,22.104994535446167
-3.430750863009261,-4.686445382860016,1.3894040335222062,5.0686722529027834,-1.1775251254706927,-0.7464781896177088,-2.858842061407549,-1.7940833024638843,-1.6285806787843113,-1.830051314577302,0.9981677955116819,-1.2703944888773724,194.99492571695663,22.96436858177185
1.0945288482077062,-3.818112605487638,4.311714486043896,0.5045418409142348,-2.401894848947609,-4.165680773302278,-0.21185283087754048,-1.3555046184433577,-0.84571978155717,-2.1435179296580253,-1.3093913294484607,-2.0836763854032267,182.3531124384201,23.872321367263794
1.0990707100071457,-4.052744344194864,1.1694750924835047,-3.352788195263444,2.9241980728786165,-0.818807779227301,-2.6971632577015954,-3.1672781784658066,-1.0786677247791552,3.1911532799868665,-1.1734712737760016,-2.0438449102518326,135.81308783492602,24.622373819351196
1.0704997044570792,-4.301938990771701,-2.5679451023220636,-2.553413498819631,1.981249446746559,2.208612262416459,-4.703009491970214,-1.7053103426560647,-1.4766107656632377,-1.814074511437115,-0.9117669391392322,-2.57341144117962,211.8430512024387,25.33480930328369
1.103429112379148,-4.361833892503023,1.3255893618294161,-1.5917646683748972,-1.8848136944079448,1.3963751413967636,-2.6786088070534975,-2.574980531818785,-1.16693314178415,-2.536900422740647,-1.6434661686453746,-2.9456540585380098,209.71192873220687,26.14731001853943
1.062134971839762,-1.8915868877263518,-0.3608644821346889,2.960221079939143,1.776682412550632,-4.666196760800143,-2.476861724752924,4.07416911261886,-1.0643718926997021,-3.437201709378243,-1.1991331602051813,-3.202726644278899,183.90403646728225,26.873984813690186
-0.5588994993068397,-0.5657191584436125,-1.4852770313332235,-3.7751228048736802,-0.2868097498474462,-4.019193122263007,-2.7923404873912343,3.393539295536379,-0.6262202435643793,-4.2061125726867115,-0.8479297602383244,-2.381010542833095,227.41457038872886,27.670823335647583
1.0715681448870633,-4.686372462822466,-2.1361515356322047,0.8115902861264361,2.066513185051183,-4.536095735410394,5.045753504205206,1.6393367928850964,-1.0787765838073087,-0.7238718187123538,-1.2213831758376141,-0.7369127641100812,178.8907898572917,28.497497081756592
-2.451867041418972,-4.7979346167994805,3.7657158880383177,4.527336108594915,0.5087355447446908,2.9648687920675583,-2.1540973764959137,0.11698243458110813,1.2977352446695578,1.4896452715573734,1.3213801906422207,3.782815709963363,235.18181080796114,29.26312232017517
1.1984265282119964,0.320388639100619,1.038757115780518,-1.7326624288417047,5.12,1.5629224464354374,0.817370613439798,1.4494537386685113,-0.8877270437422133,1.0449595137630743,-1.4682450478034808,3.0450014594827755,153.14482736677414,30.03237748146057
0.9838751770688123,-1.8743102663410083,1.2725142664970974,-2.4010850775293258,-1.955173270433523,-0.01273224498420511,0.12120322399318528,3.1805220493997988,0.0894055603334234,5.12,-1.0905404201779705,3.925452346386467,117.04986098133062,30.891740322113037
0.9358476696288021,0.2338352801924346,-5.078034560151091,-0.881566869293847,4.596170683346192,-1.9307357268751053,-4.8324228103914555,3.253103582409392,-0.13534950195504614,5.12,-1.3647465726617871,-2.591145823053274,210.22512872371402,31.741188287734985
1.6834429599080956,0.9515529861727599,2.200736997353137,3.20767864090931,2.3933146019945886,2.7732830377666424,1.9627950807245211,-4.290565484434245,2.4231347191000525,3.5581951342804663,-1.120837922177567,4.4350241855408585,222.14886048782432,32.97551131248474
1.104603584661609,0.05930228598013887,1.6979266958728845,2.0430540859659176,3.1620196920848445,-0.0012622451399026957,0.2463110215999107,2.2039224263578365,-0.7015613523742443,-0.47591345250271555,-1.0879073267680726,-4.872286227371795,124.26820077327747,33.841371297836304
1.1135343668824094,1.6183726196151111,1.8763010880078506,-3.828824437158702,-1.3832654508805757,0.19121631704702935,-1.930016933272238,5.002862157896431,-0.3745835734826679,0.8864167928319917,-1.145974954326773,3.3987330940194918,160.67689646083775,34.99762201309204
1.0149344877942186,-3.44062552780653,1.8394315472664626,5.009170159906167,-1.0694798773089085,0.46627164386307207,-4.5472285881213494,-0.10778105107732916,-0.5651911381248951,0.8405692563852645,-1.0957936077024453,-4.548180580602879,197.9215310088884,36.161866664886475
1.1806845953696419,-1.8282030554747366,4.075851133891292,-0.23806576608121244,-2.8648520656289516,-4.696023884654565,-1.3453491684922834,2.4051438798337657,-0.9105745994995731,3.329267927755363,-0.597277668918597,4.079412538716986,195.9586930609969,37.6665563583374
1.0498849671477046,-2.9301482487887216,1.3796719078431865,1.1917713837472128,2.1395834950657706,-0.8904470907656101,-0.6946038999334121,0.46184082045319297,-0.17647391917292587,0.23418927609284879,1.6999629040239537,1.689481770728971,130.40377910640063,41.443870306015015
-0.21315585090880784,4.517000072843323,3.4311056851660355,-1.4828031279646967,-4.024796304396466,4.064956978184527,0.22293715999602792,-1.8208205264599648,-3.519457904350447,-0.17663656649863668,-2.966015774046858,3.180057601641235,214.89941811763697,45.27478361129761
-4.09281624606135,-3.255615176764488,-4.840201519063199,2.5838815057777973,1.2052881888849285,3.872057485660503,1.053358458678006,-2.2393851922335846,3.2996290442050773,-2.583786661233682,-0.2507239788000648,-0.3966662916974233,212.99085311061535,49.242037773132324
-1.1755115375994114,1.1040948170712435,0.4385532280274216,4.284443215890058,-1.7449956192604277,3.7250568301448252,3.284622949571939,1.9695205447860644,0.9712839718105544,3.7483522007468943,-0.5989842556093654,-4.841085284720968,197.68453514602106,53.27285885810852
4.316126780618933,-2.623105261950943,0.6678508754868835,-1.3708308374532776,2.2755564224460443,-2.8063629245796182,3.8457860191311033,4.015286051751187,-1.8919405495691883,2.177003379529874,-1.2296389542568202,4.559206825852473,223.77437868221352,57.447898626327515
4.190109149472227,3.315513442960685,-1.9439069721752804,4.881289990812767,3.4262780481727537,-1.2507349202534441,-0.8165019195970356,4.123401354112361,3.525829455460534,4.695516987181917,3.072469945462646,-2.4592575362122564,252.40274019277354,61.72337746620178
1.7898622236552573,-4.9013511785369905,4.140707727229263,-4.531777884800043,2.0670307862841044,-2.1652052810005644,-5.005792322715762,4.047826734287066,-4.493626720805191,3.4522648776883083,0.561092799837132,-3.553442622914765,277.71727214141134,62.90385413169861
1.0637223747154705,-2.425212760516694,1.7672144253223818,0.23579677395506593,0.3382415727144634,-3.0731174741911027,0.08849931056121729,-0.17350698394597153,0.11260349517258295,2.3364965855433484,0.021727223569291354,4.084384407064095,121.90111263274942,64.35472393035889
1.085238506541165,2.334037013398171,3.8990818102950113,-0.7730340419842534,1.0228236594770008,0.670975186909752,0.271516488186875,-3.535073005375228,0.0411586588623889,-4.004883164520189,4.979973070777814,3.5204960099667337,182.97351531974618,68.90634107589722
2.427907448326688,0.11262247026661765,-2.7397901567831133,0.8957900759170219,-3.1569290674005286,2.004218063117693,2.189895255584819,2.9914838629616343,-1.9270209896415005,4.889537604152582,5.0659265297249165,0.36633894180869664,161.14288288731046,73.632253408432
1.4672154962048953,2.2090676638415134,-2.617301870276252,-1.0597004221735906,-4.482537040514204,1.5470538536670366,2.7790150918028846,-4.518832872602589,-0.4384367975632406,0.7276331257808666,1.8374831030028327,-2.1941736157367013,229.51734539688536,78.35367345809937
-4.218065094623554,-2.838620238063076,2.5899714370374554,0.12365499081738207,2.8998538621986567,-1.8454300655273737,0.16265782770095338,-1.5375874113303034,0.5280067150126975,-4.9492899296071595,4.942923259884938,-1.3551632673911587,199.75761137687152,83.1944727897644
0.16098330897564583,2.799349482358119,0.8476936465797049,0.2345548677021041,1.7726955370404767,-4.460742343640502,1.3069734855595083,-0.9201754002899838,-4.435767597115128,1.1439551380021582,0.4496528294569453,3.799871573974973,187.21978011594297,88.0623881816864
-3.8396938211893437,3.881209006954424,0.041457500346317566,-1.6836998547447224,-0.10083159467303826,-0.0460878205700217,4.768596431101785,-4.992363504384992,-2.3811873804306214,1.2862110753910194,-4.963082346964354,-2.507519339838711,201.31907453745583,93.07066893577576
-4.487325816955164,2.0468295597110435,4.022796234816162,2.3010754186693285,-4.372977144876557,-4.270100586186982,4.566937270258058,5.086170133018844,-0.8205327602043893,4.180361454429046,-3.615110273097458,-4.221212340518585,298.54866026331416,94.53748440742493
1.1092322354683324,0.6899420609030535,2.889557991801854,3.310562690220997,1.969195164085936,-1.6415867829500725,-3.8344381580877833,1.8421107938585797,-0.03682335996727559,-0.9445877520211923,-0.23794186371270154,-2.567028467227473,140.38979717486595,95.83037495613098
0.99419017135898,-2.0585680071363543,1.980508164739101,-3.8924661176965314,-0.7077687915981459,0.2866456239347146,3.3620168329468862,0.8819260942326927,0.25749399794907646,0.3880786663047262,0.193658944200787,-3.657076729828652,147.68881710010254,97.00851893424988
1.1665992451838232,-2.867731448627062,4.573495321953039,1.2786448409905837,3.195929788000556,0.17759944718487386,0.41709927337439723,3.0680977174338464,-0.6140464736126878,-4.0659729463796594,-1.6696517322787812,1.7383766759610229,189.48939643927434,98.18970441818237
1.1644279455274917,3.8630415166854375,-1.409791993292533,2.4700725978190903,-1.225183933687418,1.9505291822608903,3.0449308956103147,3.0804124088994635,0.2099422714805641,5.12,-0.19371953326178826,-1.3627302655551254,167.03932960049184,99.41999316215515
0.8998725373681271,-4.297020215468652,-5.042165423394612,0.732254106149063,-0.7467125564788892,-2.35416315129636,-4.750846463939575,1.0937289851165133,0.019229398443822987,4.928402885411791,0.9977995488927638,2.7951300264281773,180.68220495380123,100.6494312286377
1.0262122923824073,4.504338617550604,-4.091580636852797,0.7285689299209821,-1.8671975808699655,-1.407830133540346,-0.2908102080643795,-2.806981601147376,0.3864004347257808,-5.12,-1.8703674278822873,4.124894688626434,199.02392544260508,102.36185050010681
0.9803381725324378,4.940888000912552,1.1721906045500008,1.6835853946175483,1.2460227133940487,1.934038488161848,1.5473982001552145,3.64984809900396,0.0246659407039429,-2.4641923301818314,-0.03836646009311284,5.12,171.90345259974646,103.9297935962677
1.1414237540989554,-5.12,1.3295874404734125,2.7320494081607993,2.00708663570379,3.4676658399194524,-4.025244669648182,3.1180316232908316,-0.01960345844164557,5.12,0.17999303288203272,5.066903791242226,194.927692427743,105.68755960464478
1.1202269506378535,-1.310442830545552,2.1380790269795487,-4.032707017243702,2.7721495441374637,4.420927028840887,-0.6549089285525795,0.632724642634253,1.3711397830155336,0.7932150342724587,-5.12,1.829382703695127,195.99729314101333,107.07442259788513
0.9774815822602418,1.3939649053261967,5.12,-0.4677804117645863,5.12,-3.5213136658975914,-0.11024501251746788,-4.102188128445989,0.8879852994009072,0.13924891598992772,1.1275589635104923,4.927961413670862,188.55068006928096,108.481684923172
-0.6484519596701244,0.528500903851965,-4.696628110132179,2.4787487306714864,5.12,-3.161950888095949,-1.0365458971937844,-3.319447740852726,-3.756571636445714,0.5945325440481675,5.12,-1.3880560537889841,258.9687962199152,110.35952019691467
