1.6534796432746681,-2.822558930406975,4.194981827565001,0.3131036686303954,0.9832643991359404,-2.3093641584423295,1.360387741615381,-0.8158336877788424,-0.9629352965433569,-0.38524812523252194,-1.99082285531428,-1.9037277239641943,143.29160451381676,0.5635228157043457
-1.2364381669415958,-3.2609279571408294,1.0071496369125672,1.8552578853336028,1.7353462427464965,-1.2788940095500125,4.085487220214641,3.0016442347225682,-0.42528226789639767,4.029690490964641,1.3274968198608805,-2.4255187488987,171.56392449522463,1.063523292541504
-2.882009845773379,-3.123763566420034,-2.1950226379120115,4.396720225354991,2.951287629372609,-1.3606278235766478,-2.3540627769666225,-3.1012311827995247,2.2262741067706218,-2.717138417918443,2.291029954834096,-2.3008368550967497,202.05742426014444,1.566030740737915
-1.3413602984625879,3.6230440331380143,-2.1098333560316793,-2.4399545699276532,-3.860211634169181,-1.7188448997004833,5.12,0.6175744364073736,1.7119218561594494,-3.5870388319148088,-1.8983115495390162,-0.38938450108826217,229.73562403760954,2.0504066944122314
0.1540378773079718,-2.0612441347675077,-2.129032823365678,0.4251742876415099,-2.5090512925223116,-0.8694074336940618,5.12,-4.597520442176172,-4.445000807865098,-4.878316975403826,2.3345512247461775,-4.4938790738951715,260.98313764993117,2.612907886505127
-3.0155754430077026,-3.44012993938025,-3.20826515168394,3.10173268065608,0.628123604814335,-4.171152367644497,4.606535606975775,5.12,4.162239367046989,2.2540625712562505,-0.6533679354835273,-3.6232432372569003,261.35958567308114,3.133462429046631
-3.478688136487621,0.20234458224988217,-1.8370958941458158,2.2588634622153174,1.0169233183081987,-1.4257072375380795,4.178118365533737,0.6162894132378529,1.4427669881799128,2.1093244009335868,1.5532446165505505,0.36496824228914626,192.66840507944212,3.5553383827209473
-1.9982846052361434,-3.4999269956977628,4.2146898213212465,3.77777260817201,0.7289487680968669,-2.8495771801272483,-2.503663420159325,-2.9772133410068853,0.5998828862044743,-3.095448520527674,-1.5342449720779938,-2.050598018733313,200.29812721012905,3.9928383827209473
3.148507772182911,-5.070838329197514,-2.1099498292785293,1.6600013701607308,-0.07904496016747586,-4.489204519228432,2.8571011344835897,-0.62267254602693,-3.8280407578774707,2.809550594310804,-3.9322513142554874,-3.7381071790567884,211.60009358323265,4.444117784500122
0.8907369311043363,-0.40643388931724633,4.638826432997528,3.9807083796738842,1.5230171050064039,-4.393628134378769,-1.3554385705016148,1.141934565258512,0.8719872570568405,0.8661412420142414,4.895892205802316,0.32422713844824536,206.33722177899958,5.037879228591919
4.06199966416458,4.294707887622621,0.43153751624674097,-4.16828372302899,-4.331668416076528,0.9748084299379807,1.9694481581342727,-0.3376648448200168,3.423246290728735,0.8557351089704719,0.5278498784745116,1.880749093673522,205.84808825676848,5.552045822143555
-1.5542236982506275,-1.7042380488981257,0.2507574831809549,4.072430699738779,1.0452467307150126,-3.297756597021855,4.266721746537507,-0.6522572186743956,2.55281977090086,4.418641125272857,-3.4208912199071824,-5.047753735079157,256.6968491749096,6.223921298980713
-4.65997497210851,-4.568435965412072,-2.2431826683446703,4.388726535057724,0.5832091587564854,-1.6341295025359877,0.8684085316328387,-0.20908937848341846,3.081266233471781,2.391496862163609,3.5975506712037975,3.4934865649539857,275.9376023571558,6.762669801712036
1.1065045577246826,-4.157968537672976,-2.2012952653014373,2.394870859893074,0.7383209622972551,-1.388427875964552,5.12,2.9225484793809793,1.5056316336988083,1.0664197167324554,1.7051384383771184,-3.065244119021094,180.31342961855668,7.309596538543701
-3.619515198844991,4.589388519439635,4.113721668715907,-0.45217729803405593,0.71223165051049,0.5636185976449282,0.7347911246659962,0.12036264538410713,-2.952931646534743,-1.364204249391637,2.0928658074389457,-2.6363658448318983,212.80886193640688,7.878550291061401
0.6967799850749952,-0.48056495566022406,-2.184907291862028,-2.3822347017747725,0.8248342820480454,-4.098616404442491,5.12,-1.648868617237615,1.1197815770132955,2.7189753678182456,-2.23261014015281,-0.041169716428729686,177.68031942113134,8.550424337387085
-3.577336775509866,-4.3161495207559435,4.157444312792632,-0.18098481554316148,0.5185490910504233,-0.04802862290624965,0.9450346369243086,-2.7889371968361694,-2.512446084951692,-1.7924745400249078,0.13792392657554142,1.0919755272348164,172.64233302232304,9.160252571105957
-4.284652899503369,-3.4360226775755116,4.142085515908604,1.2278966773472133,1.1491187592655105,-4.720119918776622,2.344538562427048,2.0023305676951972,-4.4723880210478155,-0.17142876816512143,-0.6448169775016837,-4.908352179884692,244.58437370472478,9.722700595855713
-3.840109102772505,0.9253694160011969,-2.131373533401926,-2.713644532824183,0.9118033481826942,-2.8394983206198576,4.800384338781643,5.12,-0.46934850800259564,-0.7496840605621529,4.305174142685007,-4.180839029047679,208.44009344508308,10.3804931640625
-3.636586742091031,0.021048259312411055,-2.1204008005456005,1.0462609922196213,-3.142339769535032,0.6134682007088692,4.759808641965072,4.817525761230232,0.8387743314308898,2.719104294527816,-0.29885131578194013,3.881754651299926,186.82204071320092,10.942968606948853
3.6048752070485515,-3.5020054945857906,4.253365896884087,1.5551662386492753,-3.099185042374726,-3.5934303906293588,1.2828431875700472,1.9603470968602688,4.499966741382987,-2.0178671163117015,3.490932054898601,3.715922521781086,276.34861267870883,11.763377666473389
0.5518825832699319,0.5475523692644915,-2.0837283949124026,2.2034607471369645,1.726416203061973,-1.7561199456632002,4.899461478655373,5.12,4.514151895528079,3.788784880686852,-0.2437010838622351,4.772575416175857,242.62459525829343,12.46650218963623
-3.412411456384338,-2.071223215316665,-2.0384284505333325,1.909121222005088,0.6510532137510099,-0.746247945354308,4.773950784891114,-4.943420074399596,1.616362271365693,1.9312469633659761,-0.43587113134991906,3.4341765372630837,203.5587429831631,13.04327130317688
4.81187886148905,-0.34925525880475305,-2.181633808370045,-1.0920406360735821,0.6666861609687098,4.040786638901246,4.822844212131964,-0.1069808067293847,4.480908140973852,2.1058298432633844,4.4056976178543765,-0.6209659610322715,223.77544989032333,13.652647495269775
-4.699658493708221,-1.6104000629104216,4.196995506265856,2.97380531643335,0.7742817892283389,-1.7550310259128477,1.2268123337358432,3.674248056152835,3.349544953920625,-0.9292256109228889,4.896612499473172,0.6414833217349294,220.42067697988097,14.61070990562439
2.4845327142934845,-3.9041606486528693,-1.6125416235413685,2.308867496569584,0.7680625564514685,3.255395716490617,1.0971783190321602,-4.643649033226782,-4.249568144477525,2.0034032811236075,-1.3783634616589793,0.901248733586713,207.2823720849116,15.26695990562439
-1.7341099160125584,-0.06183266566531298,-2.1153085150553914,-4.372803840155262,0.7952430079286659,-1.064720302766327,4.8247666187988445,0.9104366623548712,-1.4179072764373681,2.207931949932613,4.764129980107675,2.8380942503994513,176.31300994982195,15.865187644958496
3.7632676171467425,2.3097665134105965,1.1052124361672009,3.4071533658306885,1.647437133041329,0.1268999403355986,4.063758685518123,-1.2096484715481681,-3.464017643874338,-3.194728642767603,1.3944499351193587,0.9493090008130558,193.40402979646421,16.568312406539917
3.0862632890231803,-1.1517832253506932,-2.161469050660226,-3.3187014621174082,0.7491608910240108,-2.9951539114408954,4.960508940938838,-2.1841114770485683,-1.2004749989175822,-1.7725490391841414,-4.732091913715359,0.07544191525538402,161.07066213578975,17.164532899856567
-0.2999602022073189,-4.524197741035254,4.1940916233531995,3.277760658489453,1.058759255864703,-2.5641775412314334,1.400882773631026,1.088437128299125,1.89631308662657,5.093839259450065,-1.7229294223148277,2.2530553662400346,213.71055191707225,17.77390742301941
4.711472633831266,-2.562498436050835,4.188126339180971,-0.6021621498109484,0.9558247522550269,-4.311217733444733,1.3846624991628644,-4.074796677559023,1.9406346181183025,-3.574179538975243,-1.7090630000948606,0.8259572246160474,230.96556069607843,18.36282229423523
2.3690496747223184,0.8136421973525625,-2.1564239119331505,-3.692512252842093,0.7816868738456852,-1.9531789305369092,4.138232875348346,4.0289230186938445,0.9314176204893583,1.6343538921665353,3.5029006467214705,-1.1982385930392536,177.0011496605007,19.00344681739807
-1.38898315589037,1.835641976456035,-1.4032889788362657,-0.33403023873046145,0.7674816935361628,-2.6214430899291443,-1.0770027522125014,-2.1702358237572072,3.4328027334709335,1.164234483245873,-1.057910932312316,4.769175562211246,179.41844371272427,19.692573308944702
-2.9558469801535137,-2.728208429724514,-2.1891741016391824,4.922419998524508,0.793689567246993,-0.8898313787228833,0.9001278175875065,3.136948182518549,4.263061809098459,-1.7210382608447294,-5.12,3.387930831836848,193.22252848920698,20.317573070526123
2.8716741934784773,-3.7354876633302556,0.036997153879967826,1.5532009999870482,-3.5853152417820997,-0.6419442415818502,4.877134971654724,-2.9787846171392904,-2.63429364183625,-4.115795310688595,-0.3147052206990608,-0.7171634204522164,211.71908622632722,21.00336718559265
0.5642116740263274,-1.110347134136643,4.189553378424718,-4.63496032165588,0.9609117595963639,1.3663418835203682,-3.420986712667677,2.406341951348451,-4.422686403431692,-3.110598994345836,-1.1722100312761974,-0.32779254801801283,231.2504223643797,21.59711742401123
-4.767503443672661,-0.4137243525732295,1.4263185777572014,1.5294934045774333,-3.615060659348985,-1.4609540527868115,1.735361089682475,-0.023367868063845165,-0.20316300042307756,2.9488258732048918,-1.9098459984502894,4.9670410889050975,206.40260877634591,22.23061728477478
1.9419992766469578,-4.179286137170655,-0.9928659607228907,4.131212690805676,0.7676373263760263,-0.3710628609238533,-4.848151026061753,0.4505326545128341,-1.3404364387047663,-2.018192602840419,4.672656911859677,5.09845958885061,208.49761734298593,22.933715343475342
-0.7693298096279042,2.8919917136373856,0.8163219997754858,-3.3994175008337235,-3.4834383910615827,0.8814129406163715,-1.9948097309834019,1.2707443704543868,2.3733155410146365,-0.8007244417329984,0.40759706409240604,-3.069104824163308,167.62023465538164,23.608298301696777
2.3070558726884904,-2.035988645018534,0.9310565518113139,-3.401962034839676,-3.564387818842187,2.205026914809383,3.0449125949574016,-0.4971303725083036,2.6370515834618775,2.2625235687037613,-0.03175291255434409,-2.856646346946224,180.16517912139486,24.389496088027954
-0.5103022097296703,-1.2402146256528788,0.04541333014684046,2.5913869161609364,-3.5117092822837153,-1.4391126752379217,1.1671407912419225,-5.005588092628536,4.178980386539151,1.2273062528685488,0.5227224960804815,-0.038450721164437596,195.4812296477172,25.196417331695557
3.58394997483646,-1.778658876666277,4.206093999993704,3.153233541653713,0.9432448574981853,-5.12,-4.579919917193733,-2.450635300731776,-3.279010462975404,1.8810587699155157,-3.97301652720071,-2.9894993396183147,231.42432766644106,25.962093830108643
-0.31921380193853377,-0.9229140518161776,0.292766221800151,2.8864258575416235,-3.4557566779594273,3.0509235636896603,3.9730219642102638,-2.4937927638824546,-2.407120724053421,-0.2942975725998451,-4.0645331531268285,1.4753753000714243,199.70437478271975,26.679516792297363
-1.8560880493565879,-3.753388859696159,1.8597163076315004,3.3835778319862113,1.76053887924167,-2.364110789229701,2.6570750202118685,-1.5423686968016916,-0.28528394995300665,0.358651562664523,3.421020625813264,0.1127025753942359,207.95431912680834,27.460715293884277
3.593664065819607,-4.329790261032498,4.1544714191824985,2.658754973930936,0.5128768237782309,-3.366936440770563,0.1824970064165532,1.8540918101313597,1.8061026488329652,3.14655495552988,4.949764993749379,-4.127331818117633,239.1530133328293,28.265870094299316
4.6277099958477335,5.071741012406686,1.2689048436336892,0.014828309496214942,-3.4951677921725084,-0.2804670478301503,-1.3615340459208318,-3.3661457531922605,-4.745444731281275,-1.446033021237667,1.1027628003879917,4.073472603353209,243.6143960009187,29.03154706954956
3.872492252887308,-1.7945744644421797,0.6175137235121886,3.780754589911095,-3.5602214341193874,0.1902569836594692,-0.9871871433483337,2.409884513974042,0.020937499102903878,3.8469274922077163,-0.3757357295296728,-3.1709645608539025,183.9367697175879,30.00918197631836
-2.931820330212897,-1.5243899757091874,-1.8330001733838435,2.4631829610024774,0.7631812171552905,-2.4999763291144057,2.7649661695185603,-2.308196671596501,-4.112266279104431,1.7922953600974223,4.417313803660098,4.807098847844016,235.17262652286672,31.181056022644043
0.3294577834542993,4.485964397758269,0.8158708284313567,-0.11009482700945483,-3.5573446431198126,0.6262390055359592,-0.29615792742730473,-4.17215028888687,-1.434837068868362,0.03535126722508419,-4.385649846940537,-0.8394006512998651,212.63141165741206,32.400726079940796
-4.579900841706542,-0.6721154021526488,-2.0804558965392084,-1.0389816363434905,0.7928566861501283,-1.3302280447977304,4.071518586241839,4.19920100280656,2.3126508038064637,3.0064636013584556,-1.4208572178839929,-3.3631413214640196,205.35877912665302,33.37407565116882
0.9080732791420347,-5.12,0.74303512373855,1.1726422423228255,-3.468017643725414,-1.5369628176149615,5.12,-0.13411097988529264,0.5038318744821506,-1.8307591951838704,1.7100899416399162,-1.91914164267263,184.36758933778702,34.56157565116882
-2.9517682721083163,-5.12,0.6455419380065042,-4.862254340537926,-3.432578614772166,0.01994992461379752,-5.12,4.279555988730556,3.0885423143627113,0.5124154693072,1.0969584589265073,-4.850669066937121,233.73294167110205,35.34584403038025
1.2200026835142976,-5.12,0.7293460343232061,-3.8645575584544223,-3.622234909876581,-4.058417308314576,5.12,1.66932083407249,-2.8526877659098475,2.1283594845665537,4.175495807430537,0.31730226480437196,219.58557333179806,36.45521879196167
0.45853239281828095,4.9597141003046525,0.6110089965314742,-0.5840892112734926,-3.5183248044100095,0.5285117980053178,-4.085423707746789,0.36286330497011576,2.090650999747637,-4.373036646196407,-4.702247556167802,3.082960556807955,256.9333304007195,37.767669916152954
0.019565133871692453,-2.4896329033864335,0.8234017009734096,-1.5352132072890425,-3.494300355732231,0.010605142165010406,1.3889508650055324,0.4861036561222445,1.8499231807529046,1.5142111783335244,3.78837381447324,-4.256747291196028,206.91913533051678,38.908206939697266
-2.4077941127809352,-2.604205092938547,0.8047298649590777,3.1509594990086276,-3.54921669060883,-0.7578916049594655,3.096356470570883,-3.4646284509273304,-0.20351206254266074,-2.4705501470574185,-2.0372459415490836,-0.11605755402094076,195.6534476966601,40.31412887573242
-4.279576828723867,-3.2829875791801344,-2.286570011175363,-4.216826000964443,0.7996768214663321,-1.5099117802769757,5.014343766646268,3.275096314420151,1.7397622216573563,-3.2244572870656336,-3.6261680124395346,-1.0650909260224992,238.12243596315636,41.717620611190796
-3.8627652524770673,-3.0558702692367077,-1.9765139874290414,-0.06647898883823089,0.7867393563097798,-1.1154579102129336,0.28188062711458794,0.23523636524484903,1.1007819490687734,1.7915328760634885,4.393089912824627,-2.248562808983178,132.40536386235812,43.396326780319214
-0.8033030294739305,-2.583726612806394,0.9197494923332865,0.8202612608841386,0.5164938350618558,-1.3128793283979716,3.281797987592033,0.7293652832077733,-0.6016935758855384,1.2604982241389644,-1.4973910947518294,-2.0089633506192293,168.46775460760878,45.02903509140015
0.4291657343125648,-4.551938927617599,-1.53126767655207,2.0069381993545248,0.7815621952849163,-4.179795983870025,3.7110714732622467,-1.2119093665389613,1.2979985763666955,1.9878401843123745,-2.592365095266577,-2.733649000887138,214.94327402950634,46.42258667945862
-0.14920306971317387,-3.4037334494579556,2.181138848034781,0.005714130208492207,-3.087041152422407,-1.550568887710443,-1.2811802072795677,0.9391490068152679,1.1805766523437127,0.6386792408491315,3.678840108933872,-1.171853852861334,151.10052717200912,47.66155815124512
-1.751122270490423,-1.877489344343175,-1.4608446313748273,-1.1665148002875272,2.427221139405848,-1.6691954657510792,5.10293995621507,-5.12,-0.9364335585236505,0.9351289130408897,-3.3570307661543337,0.3865489475425692,195.59322306630003,49.00203561782837
-4.343215112527244,-3.803116814401357,-0.169146714270223,0.618495725383224,2.551446528408831,-0.2503860255466783,-5.12,-2.2926791966474633,-3.8798955884927255,1.8047915545780144,1.3230371152761196,-1.290757296770126,219.41920756219372,51.11825156211853
0.7980154646396036,-3.0027939128622236,-0.20846442620739936,-0.19613387471877886,-2.330389788698882,-1.9208988596270862,-3.647689360833028,0.029664259225951284,3.9893074821207373,0.7355687364394532,5.091240008972947,-2.035161454770927,144.7971203232841,53.21165180206299
-0.047126226287578454,-2.2984534936252383,-4.718792969603975,0.8233995293401426,2.9035821581513597,-1.0214133373053755,2.5742738474564044,3.67194712811886,1.5975088289091932,3.1883609813126492,-0.4771905732037176,-3.112402416411124,193.58212202993624,54.59123468399048
-0.4552611611183375,-2.442085429559859,-2.133894593043133,-0.36210170093612604,-4.975306746846951,-2.374562512737934,4.675043604994181,3.533857907924827,-1.4828647636542551,1.9419368922045628,0.45209761487888755,-1.675717400861057,249.47172293130276,56.46825313568115
2.5351753358533777,-3.5578683759511014,1.4563337140271848,-0.9152251872901385,-1.030020944118358,-1.543535962444048,-0.8493859320887642,-2.361856756562225,-3.323520653096005,0.86586935209011,-1.341585179618666,-0.6912907795456853,193.2483471608164,58.643733501434326
-3.3232048112476424,4.017398230440729,-4.464224515074061,0.9566885783410699,4.69110237133692,-1.140570116254175,2.3474961016575913,1.941953537389221,0.7807180993904259,1.465654891589093,-1.3711095601863827,-3.8561862130238374,216.97605225586693,60.2651150226593
3.7716900909659588,-2.4803336326679055,-1.4779380356584544,0.6725545067726344,1.1986817548966346,-1.259137519219263,1.2210298935121022,-1.4948487514781066,3.00754410912566,0.7583547255648009,2.5120704064777444,-3.1523213987385343,198.06370399701015,62.21598935127258
0.8656463043618343,-3.9599813888004283,4.4261809951666065,-0.3242236522605806,-2.620048257431515,-1.4005337639942481,-5.008789509862304,0.587800897674458,-3.1108168709177937,1.0047562027697658,2.395192715422402,-0.1603255455546133,202.77615546272446,64.1049451828003
4.125802527996558,-3.566372127129178,-3.773536283561633,4.760342680815135,-2.13623680513333,-1.4193074455958867,0.61898454310868,0.45360786386776564,-2.1188133804755758,-4.0967405498141805,5.12,-2.420403371292993,252.1737230972318,65.99132442474365
