-5.111249109520506,-4.5139501870161824,-0.524060682544464,-1.6229901154477244,0.4706057147869691,-4.3477332592866995,-2.0198112270854023,0.874394760841974,3.94816634298087,3.0025463586119363,1.624130277094915,1.0540604565137155,217.91556425897838,0.5636451244354248
4.601806927360138,4.038373896770795,-2.8127205591158835,2.4844023812850438,-2.829610710447417,2.8084530457697623,0.9770959921512681,2.7503604796977212,-3.2835365744173193,1.7117126731481447,-2.5699732944812212,2.4969004643343196,232.17261504420108,1.4542584419250488
4.476768018879111,-1.3183969343397832,-2.9020606281638526,4.883125288571409,0.4798010921154594,2.8179611032113225,-1.7241346738570917,3.2580865276987785,2.952306285091564,1.501984665095379,-1.2845574289860031,0.2488638627288955,217.39298545859398,2.0818073749542236
4.625122103240279,-0.5416120831856546,-2.1389643993435516,1.0388869050312142,-2.947832436681562,-3.835946595476127,-2.203713107582109,2.1049281273648353,2.9330159912010947,1.7482877194942503,1.739488696858916,3.0606516792915093,161.65859768594348,2.6286821365356445
4.592729178549008,3.3273409349851333,1.2411114768527352,0.1610154194186304,-2.7904744930270757,1.407222154235269,4.329363982434116,0.8496966623702065,2.8821833481618873,3.076888038440287,-2.591746611037328,-2.416243100668191,225.99594814084466,3.182636022567749
3.4407882676885615,0.5076278952031918,-2.786143941322039,2.1603707103325904,-2.8782439516717466,2.826526362412233,3.0740751367507206,-3.8101092338967826,2.8996057167545777,3.097778426007845,-2.446640354775507,-1.1041601988557064,182.4900229429342,3.776385545730591
4.935863023101908,-1.1662281593391408,0.7232419971144282,3.455709781802031,-2.9281958681457247,2.8361923381183445,-2.946509873422473,2.9297657665187407,2.897933148188602,2.628715655338044,0.008811188870056164,-3.3518387304818846,177.92097841920963,4.244666337966919
3.7767494402856494,-0.2682446785234882,2.5388584031433883,2.5815333180161613,-2.8112810762389646,-3.9307114311908804,4.080165077940905,0.002298909350099798,3.047970969534391,3.046486422476165,2.9913609893886273,-3.9936967519018634,178.12392637987458,4.760291814804077
5.12,-0.5638024313410925,-1.2134356857619775,1.7389147365367625,-3.4965251233844246,-3.710675716062352,-4.531680099518414,4.103740139507804,2.8236632108677684,-3.5460983623394577,3.4653461336639753,4.590288381320133,305.9756617629828,5.32274055480957
4.403412639641764,1.727917920891163,-3.2998748495584835,2.694313700257088,-2.819729919683956,2.833207817562239,4.207011974583254,-4.794419819966392,2.901310942540108,2.099708640693077,-1.637154820902702,4.039159523065467,231.03113973344628,6.094663143157959
4.497041477128861,-0.7255412255624689,-3.2754307853427544,-1.2901478973121425,-2.8381009160341315,2.822186019244363,-0.6766265099769431,-0.9227755862698475,2.903324724847743,2.0981684782353636,2.1641023162465682,1.203610855775615,166.6343232533975,6.70403790473938
3.1022738679753,-0.48562762086671185,-3.941996542681408,4.231666396157869,-2.893396592688034,2.833752368580914,1.0857264404593483,-4.2674376174534805,2.8499826864187785,2.268413061097964,3.6650094185049893,-1.7384721852528098,201.02008363542237,7.323925256729126
-1.4592982857445596,-0.8562036602255878,-2.9858107808605387,-1.75334237188124,-2.8417990157963184,2.8271665312077934,1.4745228540948787,1.09927406644141,2.918671304998905,2.1694828509025275,-1.6553022491303926,-3.5041660404544936,169.53785430209865,8.073925018310547
-1.7438094724443016,-0.5357861320806325,-0.6035321412551324,1.061235328424602,-2.702015894974726,-3.8986674954384988,-1.224471875959539,1.7795563272723722,2.907195226343968,2.0585386954129863,1.4159863210843957,1.4102564763773895,168.39147332831152,8.815725326538086
-1.2671472937274446,-0.8043373455172373,-1.1751255620194216,5.034255927821836,-2.8354507705689103,2.825018327965539,-1.265774870759222,1.208461321036137,2.8902727921302587,2.1474557188321093,2.658754479598879,0.4975569086523093,162.22107732070054,9.487549066543579
4.237358324003538,-0.7798338319532201,-4.567439686111606,-2.3880459678822463,-2.837785482261854,2.8224978321397876,2.062245779670932,1.1806210165084057,2.897652865196716,2.137627785896366,-1.0331858563553133,1.0546971833026682,159.22791856987064,10.171245813369751
5.12,-0.8225871361588819,-2.6681239373743186,2.400970427601873,-2.901783819074129,-1.3947947204138327,0.4234769874182067,1.121464319445181,-0.8841941929797903,2.113902186302565,3.138314987894584,1.627306221539504,177.55354466273886,10.858745336532593
5.12,-0.8360933676473685,1.2459141272522718,2.3762200479982907,-2.8830720792747058,2.2687174123536558,0.22793170349442704,1.140299967969895,3.523109488079222,2.10187726969305,0.8109709841173212,1.2250804376766675,164.9298023399923,11.432049751281738
4.16804902025689,-0.7400823086720294,-2.5507986584919116,-3.0660029739919374,-2.8452803946430665,3.1014207803673814,2.0119524508743867,1.8555743557024629,3.1459044981595783,2.1315909108447757,0.7550300665710576,4.165317234094688,159.38622451447657,12.057049989700317
4.649785582080255,-0.7671649920455739,-2.005339280184157,-0.007193180698775947,-2.838118662264296,3.2553035272066095,3.4333478484082294,4.866757596688138,2.674813456518648,2.1886521530183636,-2.5608393267238228,-0.35169894070959096,217.35813724945365,12.867915391921997
5.12,-0.7724853958164539,-2.3212313124311637,-3.6659272192303067,-2.8681757028968766,-0.6324246095815838,-1.4092604218819065,1.1429346316295597,3.0040138954525295,2.1436045350620043,4.921908781811552,1.4356916856004025,204.47150619535452,13.586717128753662
5.12,-0.8089189839456079,-3.5412116400189886,2.3035024601870395,-2.8400699993989913,2.942181176893439,-2.492025029743298,1.1769426284789333,3.076201240697306,2.2077657565099003,1.4042586875201026,3.27726375434865,207.43847876798833,14.3170804977417
-3.821313226064321,-0.6181813705133035,2.3809598174914974,4.198799254058378,-2.857753763008828,0.24110469999944062,3.4982179556808637,-0.21169823900703122,5.12,2.7135928891811716,-1.806154310806039,-3.0060778216654196,214.19370014659097,14.942082166671753
-3.9779248658093227,0.13849794909948976,2.090661097401326,0.27731547269677304,-2.429200769012658,-3.422926089474319,-4.144175340279545,1.398566621365541,0.7387766516245584,2.0630661020535186,5.081331595340015,2.042233492332725,181.61836083902443,15.645365715026855
-2.6465979352306834,-1.7139101892072328,3.999230362458305,-0.11060347004221782,-2.7344235521931775,2.724689386172149,5.12,-0.10885101174830414,4.218016666838811,2.716040473299844,0.2707189691824885,-1.1588148981698487,187.79560389788296,16.254740476608276
0.8949722505881228,-0.21757937650597547,-0.11315760625456406,1.0374076517399162,-2.830079945693854,-4.857200175346228,0.9710888131237514,2.8986292706393426,2.94383889445849,2.17623484500355,-1.4216579319592633,2.1508158480311135,115.89539685163844,16.854299068450928
3.5307902128161386,0.263360244773863,4.7296589018053785,1.2099517963522137,-2.959672447371829,-5.12,2.8283351359371514,4.516743363181237,2.9933325296208375,2.361574677776235,-3.864798673267318,-1.0556460605156817,228.47786730923931,17.526175022125244
4.670464145206199,0.2953434707220186,-2.4717936272376195,0.5990360751956993,-2.7053532683925545,-5.12,1.978946999261498,2.4010580750522488,2.1732580514134154,2.632250158957442,-2.3706049170461343,3.430817119347899,257.940406697831,18.105754613876343
-5.033772390369774,-1.6513559751956763,-2.4019048678312243,4.101248248532339,-4.858658861739348,-4.296690992570684,4.8188048511131685,-4.587982717232141,5.069050130867953,1.618550354627895,0.8133360508664182,3.4836837979037893,299.5093599953163,18.855754375457764
-3.8748601721151354,-0.25298086684736987,-5.054883978515425,-1.9973185064903713,-2.836527283794242,-4.785957536255268,-4.088436441680405,3.2812593213664565,1.3409509629936789,1.8836297816047542,-0.7127555813376052,-4.274961143223136,208.78359736273023,19.553536415100098
4.011093717791867,-0.295028944990702,1.233664872762425,1.8242839224062584,-2.8810830753887497,-4.934024325498745,0.03453503158928317,3.21008363618368,3.215726035082679,1.9982420189064989,2.144712056804946,1.0118768935176465,134.23783410602292,20.475411653518677
1.2751591231011847,-0.22313228559563925,-4.934654460593174,-0.5356525380087298,-2.835169177286608,-4.824448149395359,1.0342987875409975,2.889559896916457,-1.12021539156033,2.176674798099693,4.53490525760557,3.2932321136125173,198.57775031120065,21.098063230514526
2.9936228760369756,-0.32786054431935074,-0.7595634426854563,-0.8678915032585648,-2.850632527081152,-5.03818769900866,2.1886635134790104,2.3069509809147952,3.1158862701253005,2.1734996412805607,-3.1510664630751237,-4.545082811798349,182.20940090052318,22.410557746887207
4.136981674016556,1.7932015060994777,2.296286236621545,3.6595248047262787,-2.908746993241172,-2.2120207656945867,0.3185724421703444,3.4649167931327325,3.0453155827419467,2.385163669942484,0.07216553690040683,-1.4605848583763366,202.39400118888324,23.227598190307617
-4.603720515039322,-0.2857292343830098,-2.3737701025586917,0.7423181172881392,-2.8522059750794417,-4.642394740490459,-2.8145269845173706,3.2264070274980723,3.229375063088267,2.1600714768538785,-1.6637533704450145,4.219926864087259,240.3055053011565,24.086974143981934
1.3798053173453875,-0.5080675274498452,-3.3269363067660085,0.5660956536706125,-2.8950954445815635,-4.688726270121906,-0.20984174497564112,2.0149762135879303,0.31031754144459534,2.197203004526793,-0.26852928077489846,-0.46832290670029764,199.10788362242252,24.784465074539185
1.0651716062555225,-0.463146521358099,3.1360101578026134,-1.6117066579621242,-2.709955520133921,-4.490033312672773,-4.108325591666386,2.465898880466491,4.26107024914691,1.8857593971541062,4.361881294693069,-3.2738976990401527,252.9253028566384,26.159486770629883
0.7002454922278307,-0.23792899741981977,3.7003459385439976,-4.3828202503717115,-2.831657459731018,-4.441191553432786,2.632072149496702,1.6814137400378026,2.93959728854177,2.097268175043971,1.7979951663184321,4.898095040406338,230.88316424070382,26.91409683227539
0.009946711759794447,-0.23484615478801985,0.6807951160199401,-0.9615010717662473,-2.7471118912074344,5.12,1.2903754474932585,-1.7141808370670195,3.110915242193184,1.8053029408978034,-1.1588167069095676,0.985341107066283,129.8118934953863,28.164097785949707
1.0560668270527493,-0.37463962455005895,-0.5723585321362625,-0.7296496183265351,-2.7975450748422284,-3.3686363571488966,2.5086200935976786,-2.9059013942024055,3.017312847274588,2.0784414349082123,-0.536774235514395,3.674650808824052,192.2362559856422,29.918742656707764
3.350178330095056,-0.1397858044378042,-0.03755732529725275,0.2831729113485997,-2.7927298684772333,-0.8020907976234275,0.7778643507337701,-4.838265104517729,2.9483078848173507,2.025956999005947,1.0746742281425705,4.463996164122011,158.115473314543,30.897648811340332
-4.217105560767905,-2.107933949208744,2.9447892855557702,-3.3987903837577713,-2.635337485436165,1.3972651457333916,3.882645087830169,0.2737648116504081,5.12,1.1531337665244674,0.17103321450018782,1.4217914992908618,204.6140604202468,32.24139904975891
0.4339713972870891,-0.05801830539470032,0.5538475666980949,-3.4159876747548195,-2.803945977763781,-0.5402535538056918,-0.7338812068139546,1.2968060238408157,1.5594173068137822,2.1498658161138122,-2.0969464466790506,-1.6761565717434728,184.64952624149757,33.3443660736084
4.706586061093055,1.6665505537068306,0.650996454968455,2.0729474436282853,-2.8467387150751025,-2.8774956507228597,4.664884849869142,-1.769670025860656,1.4814098066729242,2.2382764438556277,-1.3109602673990999,1.4229084505012688,219.18916458811927,34.45688533782959
-3.471434580286436,-0.628057087096801,0.026382142941287157,1.3013606134485345,-2.855748355159513,3.256549973671162,2.158967026025553,-4.589688790729592,3.0604705099812426,2.117164878249058,-1.0321452302205216,1.5650983237567058,186.03893920732656,35.578540563583374
2.072230627220298,-0.03324986300091126,0.787053409033815,3.6214452835105737,2.3780534010278886,-4.2249457422313235,1.2118901118934025,4.437041185687623,3.0650658698156255,1.844660597435226,-3.866194392714882,3.270821182535337,199.63372972621025,36.95528817176819
-0.08303024075874443,0.21477406212202155,0.6464627128254952,3.2284570311982934,0.21705147226230004,0.07211294151295444,4.560877201045531,2.363722538491526,5.12,1.6986449959212253,-1.8596982902072536,2.359358564712747,189.94998360124146,38.223156452178955
4.687411080905371,-1.4588168714130303,3.5118641183375834,1.4215408668807727,-2.166917363856801,3.2531355349213955,-3.102063520596265,4.7020026064236236,-4.967296533447069,1.761074651841084,-0.5750226083144856,1.5441556849173876,266.4448077749656,39.45836687088013
-1.234862138849783,-5.12,-0.6419305136239126,-0.6544420804029958,-2.423263927986365,-3.3569985766909816,3.7865577902198835,1.899191844106812,4.380586870624346,1.8907590128577327,-0.11372501750831088,0.9034207539837595,199.51229374781445,40.548885345458984
-4.582653738133964,5.12,-0.8569928070031407,-3.4694089562895836,1.2279525825649982,4.384564981807961,2.6069292109083984,0.5134020147555578,5.12,-0.8179557735951759,-5.12,5.12,289.9538138625659,41.979724168777466
2.306723151886599,-1.4447866466052601,-4.632240370275217,0.9698080219917236,-1.816040193980892,2.590331149934297,-1.1972744340172619,-2.4518447536372863,2.684033299402622,2.1805430191127426,0.5460999365694237,-0.3637114203899543,216.0933305923798,43.344900608062744
1.5008202161174093,-1.8773901959979118,2.458069243493484,2.90040356798674,-5.12,5.044250644330909,4.29852550604974,1.1873493638115198,3.364169078643509,3.7678559752124725,2.914404165935207,1.4982373796200399,241.52971050467193,44.66657280921936
2.065105059904374,5.12,0.29735762895742734,-3.341088254250442,2.2965803261006137,2.9643665506528274,-1.2273357172169166,-5.04814598916712,-3.746611301805485,-3.7530779880711886,-5.12,5.12,242.82655547684547,46.03077435493469
1.7916177428815754,-3.2712094427682894,4.096563921404413,0.21253088583180801,-2.7689448875848863,4.213090458201941,-4.592044192098743,-2.805193281513128,1.6294770580312932,5.12,3.0782844320475666,-0.16844087310247602,219.03153259303392,47.2189462184906
3.152899851116824,-5.12,-4.979026196261015,-2.365534627164603,5.12,-1.9191959446862863,-3.2686618166340873,3.8610978492565833,-5.12,-5.12,5.12,5.12,280.1505787956344,48.73957085609436
1.2263697110289193,1.0912162059523727,3.9910078670115263,-3.033309979310426,-0.16369422298579028,3.0272661891948003,-1.082852848046401,-0.5395285503191962,5.12,4.3317915500380915,-5.12,-5.12,195.28925725415326,50.17888855934143
-4.834631152554243,-0.8922156921928028,3.5452903637591104,-3.35943197419829,2.2907129656302674,1.4816608787959016,-0.455666895971067,-2.7072466076090866,-3.7418265817401215,-0.023352770617052876,-0.6528940284379354,4.598937619651076,250.8757013850162,51.5389199256897
4.131383782837806,-1.9165513611085334,2.6156024394959845,2.0682489599526797,-0.28608219603394947,-3.5376020943021307,-4.047548131444613,-2.561770202233664,5.12,5.12,-5.12,4.2621587218680554,257.71780702905477,53.284005880355835
2.6780666817995478,-0.3551426463603553,0.3518847450523266,4.495169993036716,-2.907629664604889,-0.9771701483518811,3.928713384764552,5.12,-0.18820045354297044,1.7439476039781399,-4.159591420555446,-1.2772782236725364,205.5261065162146,54.9761164188385
4.399681352681042,-0.10667104881218759,0.5987167165468721,2.0344233592582723,-2.8419385853403356,-3.548502870684488,3.0164522363827535,2.57764327878525,3.5970268704778503,2.015045752074206,2.890820176683186,0.19285343690564538,194.23927604475054,56.698034048080444
-1.334488674699251,3.5856641321578016,-5.12,-3.400243743490981,3.26158903069014,-2.6792540590460114,-4.855646109641949,-2.2155091661225597,2.7705189937381274,0.40490977941977935,-0.9835335881770373,4.706898263060935,260.5632891130614,58.19780778884888
2.4299989395597006,-1.2659989447967002,4.139079499619673,0.4838546136713342,-2.724179927454749,3.6746461127770997,3.421004945858029,1.4758935856096187,2.5590937362037787,0.47921949687363874,0.37953619497740654,0.005391006659023034,241.54647740047466,59.58992052078247
0.40698459979249346,-3.605861039587092,-3.2756034058040977,3.939564663868002,-2.6050388101398934,0.9410553616790516,1.67427830949394,-0.8810216989849611,1.0427951407745732,3.4936070134933273,0.9129661304500738,-5.12,199.87688165789555,61.040361642837524
-2.9028938981031853,-5.12,-5.12,-3.8524536528406688,0.6542525931490193,-4.4881761192085,1.8937865620999101,3.380294787250455,5.12,-5.12,3.647655531120601,2.428074157222385,289.6272605054886,62.596153020858765
-1.8616302772589792,5.12,5.12,-0.9307757526402947,5.12,-3.03425713543209,1.1137803240102446,-2.1721978058817983,-5.12,5.12,3.340163962231684,2.578265587701055,228.56877378792174,64.17780637741089
-0.13870328884677718,-1.9237788724072296,-2.7513496288345234,4.795968678595915,-3.0855478098254605,-3.369320132961325,-4.589245130204368,4.901999306770796,3.2845492980152793,1.7109577131873683,-0.17895475278125872,0.9552322192394165,205.8582356320962,66.39434671401978
0.9764706836481594,-0.1750583188042505,0.21672621450275376,0.9055858504582455,-2.81051171456408,-1.633415745898172,0.7393666838979485,1.9286135645293863,3.0529087351854693,2.0621212757733245,-1.2604103753949532,-4.55000961014478,133.8505464266999,68.16596007347107
0.016680705965652187,-0.3595560875786479,0.28348695570255256,-3.7933131864004177,-2.8419481748426016,3.067802205784278,0.4492942154297701,4.034004269339255,3.1146696417278763,1.763170326063963,-1.0258390469925596,-4.200744212370569,159.78016249096774,70.07972836494446
-3.94728751328237,0.8802578996033228,-1.2287448801620138,2.003777700555746,-2.5262616714472212,-4.235690483518085,0.753650607648261,-1.2912893337039297,3.322244707976055,2.208136262704321,-4.301001526378935,-3.4034379478260908,210.80078348636854,71.57590699195862
3.599528019023041,5.12,3.660432808655801,-1.889545204009334,0.6121407785208293,-5.12,2.452601141571031,1.1124085177264478,1.7712585488011099,-5.12,3.3093084467207765,2.867526384333365,247.54328513193377,72.85566353797913
-0.4833336944094455,5.12,0.4448002444683459,-3.9492099760422814,-5.12,4.93192839018445,-2.239388984465409,-0.8196219959085207,-5.12,5.12,-3.990039071841239,-1.338775218434996,250.6155383914055,74.23407006263733
