-1.9009965227395829,-0.7972487320932897,1.9405093196811976,-0.7404180268499436,0.3424568717722076,-1.5795415378181308,-5.0448031577145445,-2.548462019861243,0.6961837614515574,-4.506198709818701,0.3620384987589125,4.34719846723745,0.2573112942304192,-0.4959880226744957,-4.009530912430896,1.4408322106977582,291.1504315431057,0.0
-0.18945939203062157,5.055021592738584,2.3319981722325274,1.7433744790104253,-4.14568908094075,-4.551608550539662,-4.235929202811677,3.9821012742203843,-3.1589926607666223,0.02284147786262647,3.6222614736214913,-1.0168981056722979,3.2603931023072326,3.243541022980165,2.96375460615858,-2.1807809960455864,277.6131655251519,0.0
-5.026189485265802,0.6004183692094864,0.8398856327551147,-0.9058007132693895,4.544636111048184,1.4028288674913494,-0.3673400875806081,3.0925143011043827,-1.7059344304854807,2.959774995753045,-3.984217843527871,-3.0045741016598058,-1.6752524551693178,-3.447942576892618,-1.32618846880499,4.703398535037869,289.93573358977994,0.015626192092895508
-1.477115958591849,3.8325551681512904,4.971226073649453,4.174546367363377,-3.8737125259231284,-3.1647857679977958,1.7326050204471573,-2.0805644905983565,4.95084440625653,3.61484727310138,-0.4715593125280346,-3.899919429175429,-4.989517514686839,4.886496794808578,4.486573482513806,4.236433802442558,353.2941548220125,0.015626192092895508
0.8580251269461394,1.2783243542461786,3.13303796502887,3.8312518382617595,0.33755174264782895,0.03941047359132366,4.03996598616956,0.5097880197523192,4.554208615295603,-3.778795570944255,-2.945088480778347,-3.9177789863885994,3.60840752492268,-2.2550398398242755,-4.104263046620151,0.9946219969680046,257.95384403533274,0.015626192092895508
0.8143712415605524,-1.253075047376306,3.1462472180632632,-2.1608586276787216,-4.380655286745812,-3.2280770692417535,2.4539797268074626,-0.748336454210552,-0.6957057963515911,-0.21899777751776028,3.682839336366345,-0.5476070868177194,3.1733744028620583,2.3586097596428584,1.2705344995842855,-1.4721943482024047,275.1888926478419,0.015626192092895508
-5.11307108423169,-4.837730936003472,-1.8858445919708804,0.23452819098246547,-0.4165664812825032,2.230463478879008,3.980201126073413,3.170822350451565,-3.4011398287222665,3.4723144983431036,-4.336712375619102,-0.6182457316818901,-2.0738680281351876,1.3991769998992325,1.7134577410972192,0.7382545824485849,300.8290815845575,0.015626192092895508
-1.2957455577782393,-2.85272885919212,-5.117822437263065,1.338443005174593,3.321044725480488,-1.0677679422665332,0.8121923900556949,4.223293663161107,4.635753444113264,-4.952799147809376,4.0007267920332525,1.9568087824226916,3.7178274361541783,4.799712568635726,-2.4725322470974964,3.474633318529764,329.84961915392324,0.015626192092895508
-0.6265393266460961,-1.2206297325519384,-3.383019529448253,-2.5431403421153647,2.225423037825391,-1.2878348864217974,-4.225461012744831,-1.0792900105222687,-1.1058852978478475,2.0652247844569427,-3.682220159565243,2.0577357052098284,1.633226313684914,-1.7669478545807844,-0.4144994200302623,-2.857543728615045,241.26345019057567,0.015626192092895508
0.05390951887910056,1.2553900208629116,-2.233604173717957,3.2926787204184835,-1.0526581524680356,3.9429314140649376,-2.601973785782373,-2.135739641869963,-4.5050162283151,1.1534943807191098,5.112786514666442,0.75281747300268,-0.9924586700137681,-1.5677373953774412,2.506195780183422,0.42057643575906667,253.19347802785532,0.03130173683166504
3.6051746885280815,0.6168544820060617,2.408320487382781,2.427878836577122,-4.047111110580411,-4.915688366155299,1.0345311033516547,2.1657037717384195,-0.761911975651758,3.6071929135736367,-2.6667266036312203,-3.7043916285412326,2.0310578449351055,-2.4597794297386812,-0.46157529585731627,-4.50218072657334,330.6169172447214,0.03130173683166504
0.903707147193904,0.5365821591886695,3.726724031541024,-0.7165765405960407,4.784078202998772,-3.232257666963031,-3.4617112084745925,3.8052505448154372,2.916462763359932,-3.640323055715447,-1.6946715223035476,3.60940341735527,0.7047548077053882,-2.5097210324533656,3.8780403338942184,3.3232978776832303,332.83371890581225,0.03130173683166504
3.467526911376102,0.6434562899072729,1.4013888556838472,2.2015298754533807,-3.6185635773254328,3.834312355147291,1.1477889785087925,-5.057386502138362,2.985843171139927,1.2649450274413319,-4.695218128188202,-4.6442229794568615,-2.613940128988282,-1.7783823535436802,-1.1662354088454427,-4.317771110246363,331.55619292160065,0.03130173683166504
4.753513052189827,1.9986570906520829,-4.475411349623045,-0.6810481186172401,-4.510445191618991,0.3862036803182036,1.838127995616242,-0.7614282763338185,-3.0966744688729246,3.4819866801243355,2.331223080143392,2.965078100661297,3.237508271392131,2.733393190339748,3.5291622665935867,-0.348231461865792,326.14343935443964,0.03130173683166504
4.541287484016569,-4.573376775876434,-1.84307163563855,0.4865790579494318,0.28968519924144953,-2.6990849677071793,1.0179770576811533,-4.897967298363135,3.091984270300986,-2.195394713265935,1.7571483745439629,-1.3815650419783316,-4.290209098282328,4.5576039154265855,-3.037586009786766,-1.6703060650619288,320.9641550150722,0.03130173683166504
3.3413562759821227,4.714034055055964,-4.610587403633051,2.837104578124002,-0.4673513182455453,-3.676323859207315,-0.28153610961402187,-1.7027333100982576,-2.2111988560207356,-3.0306862775143357,0.4614611464153846,-2.9275043856333283,-1.4986403405378876,4.238739764230064,-3.829810460111471,4.4004959902453065,346.9007945421059,0.03130173683166504
-1.2330884846895827,1.1373731962022031,-1.9792635622695713,-3.9911585890911647,-3.8341106855058795,1.0871738745019845,-1.4574116929244991,-3.099661792968637,-0.9123245089696885,-1.123628047474563,1.3432285572696196,2.1581536076506156,0.05128010088868695,-5.10053189192243,4.167330711461713,4.595661872998636,213.98586725269942,0.04692673683166504
-3.334245250636935,-2.118430290175317,-1.0061346199554766,-2.520926193957234,4.038312958102357,3.240176900056693,-3.9832564302087903,1.6501041797328435,-3.4234106085564235,4.575522215065473,4.63438874626696,-1.0883182888350547,0.06785886312020484,2.338368079424294,0.9644123310034116,0.012379112586254237,265.6490790248797,0.04692673683166504
-2.1519890453192496,-0.9173030203312171,-0.6349682406206121,-1.4046251898644737,-4.851159320186729,-2.345057902979746,3.762645966363608,-1.4274807211553608,3.7821628310193605,-1.5640738573272306,3.9932757592054307,4.599159738849839,-1.0821970245493473,1.7458690749754586,1.6527137488464847,1.5040093514529165,297.05121913037107,0.04692673683166504
-1.2995983979879866,4.365845331393582,-0.49633512105334443,-2.247769413145531,-3.1451570705038248,-1.2607970552735792,0.22077075848252825,-2.218080326422018,2.892812526322193,-0.2138777725587664,-0.09789849245101134,-0.5534466288602085,-0.30764086499667,-4.442586450214261,2.554748310712,4.242333119605207,278.9380133474311,0.04692673683166504
-1.8071188285936257,-0.3208479665515336,3.8623437638820244,-2.7708101051676564,-2.622484847909022,5.0152045177694715,4.7151262505808065,-4.163683055780278,3.562875891373406,2.7296756787961955,-2.093491403641363,1.2654759580929893,1.4452851018623107,4.945863485827382,-3.997496286974965,-1.4344319262359164,317.8247314504879,0.04692673683166504
1.1255775537577222,2.602777063141777,1.5103898530314313,0.18497797020581253,2.3819229975971608,4.946042132888025,1.6844349814759925,2.2460123136507413,-4.625636031001906,-1.4807665071364902,-0.36970193883616265,3.685399312578176,1.237390940028515,-2.4068193654814,4.944575312511948,0.7905178834489375,310.0979171550097,0.04692673683166504
-3.548530079305427,-1.6472462671599435,1.867691777186268,-0.5890577889821413,1.4774042241847232,-3.1396391682493174,-2.0508231111000153,2.585424381954679,-0.804984246424822,-3.3933482166754114,-0.43722833628764946,4.921800621197659,-2.949274982639665,-3.4247765524803135,-1.9785116212285012,2.969098248806561,276.2575996484547,0.04692673683166504
2.487663321700925,-0.13744707996971783,-3.948921002095783,-1.5958697768396628,-1.0827177658044302,-1.5894076789822789,4.965470244153496,0.7337988490432075,1.5357442974138724,-1.3464759321658883,-4.071970886893078,4.150833438046358,1.492217131123307,4.750830771289276,0.6751399385737908,-3.1050260396639895,286.5580149409472,0.0624997615814209
-2.065318284004101,-4.610816111376359,-4.404962890281748,3.0370648272724425,1.7632186143922706,-1.3091311024233523,-4.2768242400197884,5.020157465956983,-0.8222374580825926,4.962073935327489,1.6440611401693506,0.7627873881732441,-1.7492914658979823,2.4309870902723505,-4.237988850447829,0.6105201373289404,317.2755356149276,0.0624997615814209
4.97006895348419,3.3305088621466927,-1.6733966495386783,4.929236535480428,3.7759813917950575,-0.6515419217920959,-1.1009049070693067,-0.38066921225646855,1.4868123005943605,-4.923235137751643,3.083946520940022,-2.7516170295535423,-1.295061376985288,1.1802215881320715,2.9271557180977217,3.124477987293065,272.76939253817983,0.0624997615814209
2.7709522785196334,-1.0961728678015978,0.6716989041655905,-1.2709948419144887,4.6615065300597776,-4.706751879795328,1.3598316374487913,-0.7831139232337287,-3.48469328210765,2.7746708965565885,5.012615612676927,-0.580171908895025,-3.5369033788703823,-1.2507273515677824,-4.926618551327647,4.879571559870569,334.2625600647665,0.0624997615814209
-1.920891891653877,0.8926936419347342,-4.852930222220212,2.6842473992690037,1.386663110031738,-4.504030570632007,-1.420579783664695,-3.493515555448192,-2.4877883445524476,2.2048993350751838,-0.1604060527649347,0.11878589947696216,-4.334045345237226,-1.0574688645345107,4.290234087556686,-0.574759367031719,300.72770105877163,0.0624997615814209
1.8964323994784067,2.3265085137841988,-4.772114094369145,-1.953427436596773,-4.343918701605985,-3.9425592504259974,-2.625357675683236,-1.811551940401186,-2.315722459052059,0.5715004398714187,-2.747064024276728,-2.929581845024354,3.262628784792075,3.6326732988652575,0.3224020665581442,-4.345097075862001,311.73128549306637,0.0624997615814209
2.169156042107269,-0.32854099073483134,-1.394713274592763,-0.5624638764118641,4.644525695740511,-4.961818815637721,-4.4451182799755005,-0.44699737388654803,3.5460913098786877,-2.9783748256471414,-3.222271944577777,-2.854602659699918,-4.419260030766299,3.4993927912349614,0.197689061728191,-1.1189104805086476,338.5821461378479,0.0624997615814209
-3.6255121906928753,4.963940837722787,-4.371298626708359,3.14450561463707,-3.0079737929412063,-1.6096287281097572,-3.267243208785106,-2.00034885254092,-1.7902763240865744,-4.050907802343245,-0.2596608049621034,-2.2420162499734575,-0.13454032253672388,1.2027923849764761,4.808474397292621,0.24211907100928975,263.78319171123354,0.0624997615814209
-0.6607333096438728,-1.655675833647479,-3.8935013687003153,3.955968956253673,-1.0705143363071343,-1.5156629214581816,-0.42219640748162224,-4.8860320054144335,1.97940682201516,-4.124258479230682,2.1662292339582088,0.39933904366483564,2.9796605834948684,-2.919340060664549,0.3260715502748033,-1.6436437112315962,241.26989780099598,0.0781240463256836
1.7029034046555998,-3.287102183253979,-3.832035265218333,0.8472917090884255,-0.7627867644789843,-1.5626196800810277,1.4326810967970571,-4.728210950392708,1.3067076394699209,2.8751593769795862,-0.49822800856121674,1.823361771864219,-0.7435150690276453,-2.611635026996692,-3.3312666086189027,3.54343902810282,299.1127321263165,0.0781240463256836
-4.978872241680933,-0.4388440135556202,-1.501649245535038,1.1939365458089002,-0.7163961338491598,1.51452487475422,1.0348701468660462,-3.7292699983792916,-4.986945092404665,4.58021872552403,3.4433395356279375,-1.8256319562250956,2.0439625762449083,-2.27152869766915,-2.6531734846571595,2.716990430730995,303.83421704618104,0.0781240463256836
3.116708249363927,-4.858553893499859,-4.96356615999623,0.7966995266875836,0.4217019205905821,-0.6916171147183947,-0.9451853546739155,-0.3831768083920766,-3.708469400942199,-1.6041492557825956,3.74971545036584,-2.5077580532270503,2.9290400633700484,-2.6096467272896002,1.9844942300748176,2.8717215643602225,270.92546441149784,0.0781240463256836
-2.268606679812594,4.168696434618995,3.2686579716010344,-3.327214522697785,3.485097853612067,-0.009972976241783726,-0.9842728016869087,3.4939976081065263,-2.6943576565815506,-1.9020367964479528,4.546570235148599,0.6186955467453377,2.0447692317401316,3.0661700095823106,3.991884467955898,3.4951449943208788,298.829166374903,0.0781240463256836
4.218278577731165,2.500177219724949,-2.4738062628195414,-4.304895318337515,2.9861259435877754,-4.5545907951582425,0.8217118297488923,2.648950832864333,1.2475730922989383,-1.9004932889000945,-0.46561435132824514,2.5798532740502553,1.0447254069248864,4.739104371025051,-0.6724610684005725,4.490372172811596,340.56839605063254,0.0781240463256836
-3.8935685889669434,-4.02019815878666,1.305884972083529,1.2674789609875514,-2.736054808664008,3.5437993160244643,2.1874072826089774,-1.228178488332241,3.2151756887376584,-4.990425789138636,4.204588707096874,2.8980720233860024,2.3674713679179167,0.2321923115542992,-2.984478851606569,1.2959411018504907,266.1263983717632,0.0781240463256836
-3.524420697092988,-0.8625142583232188,2.402600996638248,5.1040110734582145,-4.254213171268788,2.840642162743113,2.4175432405953607,-4.011855325439958,0.7940558945311196,0.2884441659558936,4.5462553839523006,-3.641743871190582,-4.621679740031841,3.7485913144041616,-3.5177466288204537,-1.8899228516595903,361.3901069637076,0.09374880790710449
-3.5475614260298878,-3.0363522933181293,-2.59013174092851,-1.9694711737229724,-4.474596700632315,1.1291336453168617,0.4398362180120756,-0.39510144965250493,1.2957484013163025,3.64692553728539,3.366727559227251,-2.010662569205644,-1.5525395720729223,0.3284958215355527,2.182594275576461,-4.965153854256936,300.8643607552881,0.09374880790710449
3.9571747314946455,-4.317606145818254,1.157048954003499,3.485696576467311,-2.4965064328341255,3.4864193339944185,3.048492829581096,3.561008052060756,4.622013842047708,1.2116674473474625,0.4378128089085118,4.088460474616983,-0.21364298767154466,-5.038475698545204,-0.9337510188403195,-2.1084571334515947,313.94448592146193,0.09374880790710449
-1.5077841121028217,-3.731489389669973,-2.7025690278672365,-4.3623097332034835,-2.2990907520085964,1.5791188020216262,-1.2559213547793804,-3.9611245747366555,2.8286587500382803,-0.33267968946924853,2.5904817180090873,1.72431347320157,-4.721032493390353,-4.111374124558073,-2.1607918392175844,-2.53858930997953,327.5498557052955,0.09374880790710449
-4.644259435755069,-3.3754485505260616,2.8914743604309363,-4.951982601138574,-2.264170864070298,4.306752001345335,-3.903108336988398,2.8874717751039123,3.3893960344759266,2.5454096534223787,-2.900236413974753,-2.159883950830751,1.7787069193781075,-4.06288366836466,-1.0411729538633887,3.2383206264426248,302.284640088231,0.09374880790710449
1.824034930734963,-4.996463982989602,-4.65907935665847,-1.676149195245162,4.565961155801687,1.2901188145403246,-3.0715447360033896,4.173448102003365,1.466380113569711,0.2015712814583459,-1.5344690968120749,-1.0261365807829401,-0.7606553413893336,1.2429111070311167,-4.822070891174752,-0.276855477594002,289.5096752326034,0.09374880790710449
1.5859097053529885,2.360870241965893,-4.198931022133536,1.8004131229974272,-4.498351513715724,-0.9747699383455419,1.2847087541484026,2.6879100267447846,-0.6486329137134001,-0.7622670538301026,-0.26257595493644015,-3.2583452054383892,1.0263733289293882,-3.9736832339759367,-1.5876259510719768,1.025759500370767,251.35987636268365,0.09374880790710449
-0.5845256011520412,-4.99822040980461,1.7299608839454432,-4.71359705097657,3.8028329790745437,-3.955958450819064,3.385972250694061,1.2236245677109183,-4.9383634684498485,0.6746118934592822,1.6283766168552845,-0.054093235857375355,1.847885530045069,1.4890702372562394,-1.4913971439614357,1.6379001897287608,300.2644638325413,0.10937333106994629
0.8939299963939948,1.2270609808155974,3.862780628836764,2.590803295096608,4.80170624509597,-4.801880295957727,-0.2579669270340963,-4.2491327661733695,-0.7198060194879741,1.7681799127284714,3.4313197124597243,2.691983906122224,4.758906813172744,-1.8725555752777683,3.6578327475854797,-2.80592842465741,312.8134457439487,0.10937333106994629
2.688242770780862,5.116207702462986,2.434218695816022,-2.4016781570005303,2.418227642250181,5.058875685320754,-4.663555836806946,-0.6201758833000977,-2.1204932120698228,0.7686333938269536,-1.127054839953825,0.16554726435098566,3.4765263391467967,0.8655180324990122,2.8671795011141556,2.95598834487853,286.76850688933433,0.10937333106994629
-5.095951353266887,-2.079200827812654,2.6624891118820324,1.7638813471997512,-4.99672783222487,0.5903290241768184,1.0538944739345233,2.5748443086499817,3.351772047707393,4.261110922382572,-1.3218117122300161,0.1487858149465442,-0.9501718299634856,3.6059460533666323,3.034393944879171,1.6193407205673864,276.6793215700013,0.10937333106994629
-1.141382141212917,-1.8225508045333907,0.2994328244448772,2.4231034243791783,-2.1268773024744307,0.07454267172048468,-2.4200885769532903,-1.5282840627965362,-2.043209230144385,1.6211175561508204,3.7182385867378835,1.209782023815432,4.759226505392163,-3.0872254359102396,-0.8117383094296429,0.6253335347320252,233.77901523754684,0.10937333106994629
0.4810128333821435,0.5495313742624388,-1.9052368070400787,0.9970138291916859,-1.955367150943843,2.6598216059759716,-1.8585375511659952,1.660691026759821,2.091139552111798,1.0988233520698154,-3.095442639518769,-0.7461951157379527,4.331108001884844,-4.814864608574384,-2.995512912500429,0.011405011056483616,201.2390957255015,0.10937333106994629
-4.816684077330499,3.5411661479647103,1.583531292398856,-0.10005203914993999,-1.8639324648240931,2.781068583236279,-1.4545564939633988,-5.079610941729661,-2.7153446131155814,4.169309096828209,-0.7505706698536478,3.546910633532204,-4.415895302112128,0.05329268860117242,-3.8233589538100032,2.4499388992111992,324.9813208336167,0.10937333106994629
1.9494617841919846,-3.049021099119087,-1.707276702641221,4.218257770463965,-1.6069062441764008,2.9657401895585336,2.4316447591767396,-4.5027156996237965,-3.5102622344423375,2.618389647516328,-2.8108770310084408,-3.9197171800159514,-2.9550272776736857,5.0443317701904915,-0.8650389501391125,0.8149221069685249,283.2447451961479,0.1250009536743164
3.2353386589384305,-4.435005321214658,2.015675160998767,-1.7999765742806035,-1.2428962525841776,4.278957867926615,-0.8234895300819423,3.6476990575119794,1.561278771679154,-0.9969556209911259,1.8262508838285996,-3.995219505244182,-1.647849571354222,-4.139940190036408,-3.4263888818603023,-1.0653372094844116,268.9096909706045,0.1250009536743164
-2.7646806453428265,-4.693598154597927,-4.7286147150782165,-0.8879812554599802,1.652350410974825,3.5015705573066755,2.1959430180675756,-3.9390060410671786,-1.271715755010868,-4.433399915566252,2.8875461896676446,4.710475310995196,1.2480644472546034,-0.13320371095759054,-4.601781756142629,-5.048877521314072,344.63081990539393,0.1250009536743164
-2.242836070473007,-0.6937759151554195,-2.8921492218848717,3.0743261934782184,1.2157417750823951,-1.6510203344625012,2.6412171034602467,1.3776471003655733,2.850729514404626,4.193406021812707,-0.5418229804948114,-0.0646722970529332,-0.22188736007771404,0.2731937966880391,-1.3686064402441849,-2.618510899655741,239.65527676965868,0.1250009536743164
-2.570799122362134,-2.891052950514638,3.738159091695363,-1.2536882880965794,4.879666314631971,-0.18495036705376044,2.7273900018698773,4.340306936527816,3.201707647357746,4.828155336883936,2.442652648524448,-1.4646725724667244,-3.592884136875635,3.7171180509345296,5.071770202834004,3.7884206277571844,357.31907148534515,0.1250009536743164
-3.2618300668820757,-1.0078153937053758,3.2176242752855364,-0.0074999745096864245,-4.3720920433150186,-2.8090957449899903,-3.572049670692713,-0.23578958490547386,1.8881626650240477,-2.806842202412482,1.1923355435039875,3.9775233815057858,3.646045933187417,1.0146935100265253,1.9133834722916667,1.2955587401054967,226.1532515803576,0.1250009536743164
-3.5624855288007016,2.9296238024985017,-5.118932268714656,-2.461405650673016,-3.5748390330369473,-0.6038757618941686,-0.19831562586379547,4.634452727013387,4.787737858175132,-3.3607789372942407,-3.2907743660367226,-0.7971497519641719,-1.9270853583483842,2.917717987896471,-4.893016213025293,-4.6283397679194636,359.4620937499791,0.1250009536743164
0.03232862941188319,4.5050863052849754,4.696470346714988,-4.93600478061107,-0.8335621054452673,2.8391952134156933,1.612206649285893,1.8387086108932156,-5.002779600921206,-4.731379109607206,-2.8838088932291903,-1.3785886195835424,0.5742466597161009,2.4079318800320184,-2.753415014393548,4.218830104431748,322.97892162177254,0.1250009536743164
1.2935932179831209,4.171988005802118,-3.7182353297260975,0.9410455345345508,-2.458565426443799,-4.893011225449656,-0.14471518214468393,-1.671339254078553,2.4423193184099548,-4.403335851151881,-3.9863400407930794,-0.9769229231402612,-2.735202009064569,4.461047655202017,5.118160220172501,-0.8159136318030837,311.07220371880453,0.1406254768371582
-4.438266009247725,-4.945698291117947,-1.7460096797670106,-0.5328521706335554,3.4764661640587606,-2.959222420264816,1.4299385557337825,-4.533317573493139,-2.1877949503841134,1.495609338031917,1.6777392707291119,1.270284413975502,0.11172606077702163,-1.4636887090994124,-3.366148146783016,-2.3401338429980725,336.2416248255492,0.1406254768371582
-3.777468188603327,4.478177835747306,0.6110255690589925,-3.2222123529799465,4.861490254826973,0.8836152429448303,1.9048101338498524,1.2689010053996004,4.822065001111663,-3.618971057885436,1.4913303651121623,0.8246175195885259,-3.5327852292819895,1.4213984769637262,2.221180095363863,-4.849876570484403,329.435550481135,0.1406254768371582
-3.972874952750164,-2.7814169312045713,0.21558804234145512,1.223112964153299,4.1058449626793925,2.763008097865982,1.2750793997980328,1.5547184965678138,0.7316114535179041,-4.1022888671273074,1.697222335910241,-1.0355765796823153,-2.3337746757515068,1.2853232124001712,4.333360276380243,-0.3007580057324244,249.5520577996699,0.1406254768371582
3.8748421515241533,-2.147186106802855,-0.458889799012522,3.0761675309421426,-2.3454304961045107,3.7346484823202237,-1.3261356216091502,3.085896382650785,-3.077003941311501,-0.3294100843353318,0.8404009709282674,0.32847530403654535,0.5295584772481208,-4.564843345416142,-3.7478708960184064,-1.5128669374126598,282.60837679793,0.1406254768371582
-0.30478826956793004,3.116903992007958,-3.0002861302877055,-2.964645728210512,0.6936803715032749,5.063389491414912,-3.6759894534781177,1.2621883538247367,-1.833418834725939,1.4821528357048592,-1.408200805706131,2.1948229570339928,1.1604826584133283,2.225993720714647,-3.712609376883126,-0.7684294549699695,241.80876058608305,0.1406254768371582
-3.587008218263146,4.873887137445252,3.0133989472978593,0.25619945417449586,1.4464720495876007,-2.4216153960949245,-5.015256928385749,-2.2859329921982106,0.7868327470824363,-0.10684892615842756,1.9845652666029876,-3.2256622601514446,-4.521357414388726,2.7946105619678736,-4.879816381180632,3.804177382797934,303.0183593230621,0.1406254768371582
2.9667741576570945,-3.8293350131248847,1.3382182000766445,-2.8608282913653564,4.763619730292921,0.09335183498029753,-4.332815834620341,4.287739558756061,-2.9146716676220326,0.4926053915334121,-3.062412824032178,0.19640914954560973,2.5730224488949034,-3.0952526517144743,-0.5439673267074845,1.3390298334498905,276.64631423963846,0.15625548362731934
-3.860367070823628,-2.3277051582312716,-0.3547246334368168,-3.450172865711105,-0.123489627747702,4.391639697008272,-2.680433457891382,-5.0918717021839335,-4.599341892229614,3.5028221270237134,-2.87223012396788,-3.812400977386138,-1.0083668972217508,2.6211721369374033,-1.4375623402784727,3.3747866512183693,353.6282948490549,0.15625548362731934
0.15016392034600834,4.08645473383504,-0.8016239547538762,0.8028944626105385,-1.2564416578636965,3.067968080465918,3.823757715862354,-0.6694337624728144,-1.180956305297141,-3.3978641582327436,-2.4267392735715756,-3.7407046303084983,-3.247023097839377,1.718497671982493,3.0155120024315876,-2.593916862187841,250.49673211817216,0.15625548362731934
-3.8681315934473606,4.593069994048059,-1.8745208660525732,3.2275307382717164,-0.30977816084944987,-2.7399277434605547,-5.048646259479675,-0.22309036538306248,-4.82614007557218,-2.4663665590635784,3.239609450350051,-1.6132447383706183,4.966874700651503,0.7871184305935239,-0.039859973145096816,4.2722400787930335,307.0547100921333,0.15625548362731934
-0.5896848097945622,0.633708384140439,1.6227810029303393,-4.986951142818757,2.0809939532717117,-0.14688706148338504,-3.1292833635174495,3.9764174053445656,2.8130755838356123,4.333021105317614,-0.1996337083131534,-0.4501681058560294,-2.7035469950401407,0.9209016443287945,-4.476053603597587,4.039606947845017,272.2511831974409,0.15625548362731934
-0.3356818824937582,-5.019165768938961,0.43789747704749526,4.4677576175982034,-4.1591401756772655,-2.948384986396786,4.520167425812468,-1.208525408278779,-1.8711052264339636,1.502920811741947,-2.42175841700053,-1.723957693345049,-1.9607773748220763,0.003649060580579011,-1.6294097243949208,4.218498223878419,297.695506360207,0.15625548362731934
4.666714612206683,2.772466603922643,1.28369319190974,0.43461727193319,-0.2492179818252067,3.17091346679699,-2.042159780782335,0.8170188323713372,-2.9806781055282188,2.3502074376035287,2.7306586062747176,-0.32909600666097205,-0.8787121330516632,-3.5037300963110214,-2.7997940344528978,-0.8817976068932145,240.45902656711942,0.15625548362731934
2.9819433104142172,-4.180201911226484,1.0402565957876622,4.158574087417338,-4.575297306719036,-4.452281619256736,-3.9820338201668584,0.3462523752544957,-2.8272257083532084,-0.11066093139888977,2.5699209118771753,-4.208625053971817,4.288330729561632,4.723094640100952,0.7084304302899866,4.866504966407208,337.6899623241132,0.17187952995300293
-4.214670397348439,4.294849600702377,2.3587310968807937,-1.673582489054393,-4.544706417450648,4.3658266691709775,-2.4689643327222037,-2.0068576179421274,-2.792286179101655,2.9889589424515632,-3.070105239807983,-1.478547884021944,3.577369111625976,-3.18668045103881,-3.048913278649488,1.3713855848641083,335.08039170452497,0.17187952995300293
2.6242150013146173,4.945812214015558,-2.4258194951088745,0.885978996248185,-2.2647669017278016,3.1927801184436335,0.7091163978662385,-0.10355797100119979,-1.5696333091236276,0.33095125521082824,-3.598922710030937,4.918135350365691,0.4739407325758682,3.087117716640548,3.352436747549514,-1.9101501214545404,281.5050145997648,0.17187952995300293
0.05423742127775544,3.4231451657158365,-1.4888310419748843,-2.9315976972519975,-0.5336444324330971,-1.1862178372051728,-0.9936952703225952,2.0914115888595433,-3.0903567628650803,0.01683984768744029,0.1400537290341637,4.324110833107496,-2.807347447425346,-1.430035989648657,1.8763909432710566,-3.7474227734958685,211.44443675169026,0.17187952995300293
3.8883989487535873,3.7023086852097586,1.6928209948370752,-4.810479028252277,4.372609100754244,-0.8872395063268206,-0.9058466350146865,-1.9574506808800543,4.463567944727722,2.5234453991484376,4.351954055166224,-3.8011957444230218,0.6457369047643473,1.0357333453211117,3.9811950469883675,-2.7844560900480313,307.41911426591787,0.17187952995300293
-0.2546029711691622,4.843022475792398,4.1327742349592915,-3.9941373753221656,-4.713928281618573,-4.8766536546494965,-1.2677984198653673,-4.447953836533989,1.1149794488009857,-0.9965258470164642,-4.046648994657237,1.9007044260354817,1.6727272047154411,2.8424018480880457,-3.469485304197325,3.6965661805140426,303.60431825841295,0.17187952995300293
-0.1593488792820974,4.759577989091684,-5.000452047185738,2.0040158871650444,5.006627613979366,-3.837284343572154,-2.130709042269295,1.4472971860345867,1.4512431637463745,-2.7689418487034727,-2.4585673908516976,-0.4727259330147877,-0.4583992767490592,2.3809421726517703,4.000895044185714,-1.0180216506106348,283.4552587824974,0.17187952995300293
-2.787190312671905,-3.6396183425754485,-4.485533956901076,-3.2227409231903925,-5.035266585308405,-1.3947314466308902,-2.468507428401586,2.527335723607016,0.062386829120326226,-5.081878084195962,1.0486573966839865,1.5838051821988097,-0.6145719309436917,4.032418272200062,-1.4108619893776604,2.130105591607471,314.5490018142963,0.17187952995300293
2.674801539165017,-2.8305153278136297,3.3989351551620013,0.1385193799185096,-2.427186460669828,2.3211935000597395,-0.9138043676017276,4.5104227919207025,2.292027855867519,-3.7278695631359198,-2.432774882022022,-4.596195977071387,-3.540579986918718,-4.4802195022173255,-1.3359902113857882,4.162012606947411,373.96040198050537,0.1875009536743164
-0.6006168642526228,4.891144749849013,-4.223523521613256,-1.6935545666248304,-3.606882589456154,2.217575423906668,2.8387066975730484,0.7319602357579598,2.60433407485164,-4.013384161543096,-0.5540755914882913,2.5401917347472818,-1.432668347290341,2.5311700349899207,2.3618671739566084,-1.9015069436865764,316.9141956195094,0.1875009536743164
4.924446983674492,2.87077724929084,-4.376354764411635,-4.693488760105774,-3.156377475867324,0.7463621607510245,-5.031320702005216,-2.193285465624642,-1.8872225463123522,-3.0522232599318597,2.509870206582449,-3.198908890222675,0.8524440541215448,0.41079895782341236,1.736042819804462,2.8528768708338195,279.0796314825074,0.1875009536743164
-0.8116823655407632,-2.710813352074542,-4.134783933450556,-0.31462576629474714,-2.032238083818591,0.8538009520211913,-0.34230566362572556,-3.374617889607287,0.9870430307592502,1.7687063025156977,0.09186551948401434,4.485184825773872,1.0497949914039886,2.6089685101086992,-3.49029146545972,0.02914789748215707,227.3580932451685,0.1875009536743164
-4.31234015540816,2.8561062153621135,-0.7199879292966651,4.189717248395282,3.5956739776840676,-2.9393368776269684,3.020671182654655,-4.242474732888582,-4.402575134973209,1.216896472194282,-1.6075607855856555,3.692413994703032,-0.7985897486976832,-4.144244685878006,4.485947067983951,-2.2930934365577818,339.10458944844737,0.1875009536743164
1.6415423199582708,-0.6339112066295316,-3.1252827964053047,-1.053017735570764,-2.166535708908297,-3.706889688766732,1.3819966872880984,-2.067529892189445,4.7662229131220615,-1.3273617228645689,-4.147092673821989,-3.950450541321974,-5.085906686094898,-0.855193075524431,1.514386354271915,4.943166445285605,275.56984021924814,0.1875009536743164
-1.3487851886233617,-3.9045600072541005,2.802693272199164,-5.0908334376259905,-1.449234503794567,-5.071856589837263,-3.0570140997371125,0.44365473408604394,-1.0543820916681188,4.2879596379782745,-0.3363244194954511,1.7165490540796817,-4.461579813197512,-2.050207480878924,2.6406930879833332,-0.9374224228867005,286.62494079255754,0.1875009536743164
1.831775446614377,-1.7174879042289133,2.300633162646159,4.522346901340311,4.486400502954285,3.7928442138988077,-3.3378733117431416,-3.1999014320046784,3.488910003611937,-4.827119522596199,4.703496591026853,-3.106679029008138,-0.582694026620076,4.923320754355971,-4.0031754996321025,-1.225879709378884,365.567167199893,0.20317697525024414
-0.22840072644970633,3.9626780908554418,5.107302826128369,2.8140666701373647,-2.219310193208192,0.6892997799262703,4.972784623988278,-0.1890613052788659,1.4099191072021027,0.3375096127072412,2.381060221889345,1.2357231636162567,1.8609834609327418,2.355972224511624,-4.255965289002109,-5.106693832090581,280.2333320391826,0.20317697525024414
-0.7565340186852882,-2.6350868452681886,-4.760119566536988,0.4156122211416591,-4.331379429633416,-5.114122855098544,-3.9881776641803732,3.8690686737780284,4.488306592100572,3.2225596445531446,4.525545998425998,-5.1095224492308,5.085774318305083,0.6844773598202778,-2.293736459236779,-3.5238783790550756,400.46380091700075,0.20317697525024414
3.774805036522527,0.14174374267803902,1.0804878689473707,0.7865738934668798,-3.579966540633224,3.518501510790771,1.3033677276875473,-0.48675620299733247,0.38533020138101026,-4.759798597323253,0.5839254946940988,2.5491692196323346,-3.2506251104288024,-0.06199903010103203,-4.262942741640195,4.946083231597924,306.35910227894044,0.20317697525024414
2.5997411731754134,-1.7579316609234472,-2.1521002118917893,0.3579989818996303,-3.4112166749140664,3.881840510306131,-3.101312171119282,1.1732001239841212,4.02364312382612,3.0778340325186173,0.5310804446653146,2.3635513593861726,4.765400090120232,-0.5795153768634176,-2.867596086604435,-3.986887679712769,276.29214286154655,0.20317697525024414
3.536984588749399,-4.849133059061623,-0.8728094554808825,3.22358504516395,1.6317208649080612,-1.8606259031009547,-4.844259918969722,4.113207577209217,0.8254938471223987,-5.070753661464687,2.829209731189904,-3.392711848868813,3.202994054621324,-2.3135923165657855,-5.082204248239844,-2.197884143677372,306.85509064529157,0.20317697525024414
-3.19942420102908,3.4006970387918463,-0.06774348296092647,-1.3347096826052605,4.415636775172362,-2.938068820911455,-4.776436237437301,3.6606750070548246,4.777467499999349,-0.6256279398373037,3.0522993705270496,-4.330656538470631,-2.1385521408270707,3.766199417013264,0.40019288330531033,-3.185406472351734,329.68964954729336,0.20317697525024414
2.804118871994298,-0.5849599601213242,-4.370733260010649,4.793808133680801,3.5962835688191452,5.0494946991685525,2.254451506390966,-4.646003412216778,4.6055298924601145,-1.4582386011202417,2.10472133368712,3.3943062354365656,4.616307516382798,1.9636209943609968,-0.7579404997807133,4.449132522467708,398.9126084731922,0.21880245208740234
-0.7568132097195948,-4.929291993188537,1.6563881454045895,4.218305999795512,-3.5441519158389827,0.7482286489866814,0.6150234558669876,2.397988853169225,-0.7421851729322446,5.089173871733984,-1.5837114674069372,0.5657564110052675,0.3138510602277753,-2.4349547862587504,-1.9064539205300552,4.911675392306335,313.1679157359242,0.21880245208740234
-2.2209552145543077,3.382022336927018,-3.790903927826364,0.5615951976260973,4.536492218987822,5.1197193728418915,-2.5581567279327904,-1.1950574589600618,-4.092377360723344,2.289660100209149,-0.1749361478021676,3.575102171927772,4.145396325900209,-4.4755349366220285,2.32183286673526,1.8301678795589957,349.02521393770536,0.21880245208740234
-4.874016886559978,-3.9004577467269756,-1.7071249866168894,-4.156772914838977,1.6327895382853423,1.526444048106284,2.1447828655141814,4.054291167254417,-4.68983237372946,-0.40082808578375495,5.007763383164865,3.0976824092078887,4.420166596468074,-1.3878451122826818,-1.2551780494469362,-3.3017056455145006,332.53149278879533,0.21880245208740234
