-3.5042945561708105,-3.9825353454124444,-0.8136328077159698,-0.9759469847532243,0.9547133479530103,0.40676773952349077,-4.954237419336499,0.9261024303527652,-2.223457265482999,3.799030997929237,3.6673304617775804,-1.4194722108734998,5.1059618818578825,-2.9310576210912718,0.16171717563684318,-4.227912058432801,255.54792561477362,0.0
4.137040634550602,4.92844508076048,-1.6677935015700172,1.5352858899535553,-3.494358980376016,-1.4763594953825936,1.7101547564568467,4.722546106450031,3.9297536984425916,4.909752283563521,0.5781181958032171,0.3964724948360354,3.300127300225273,0.9518174311877621,-1.7094417717868948,-4.424043084818803,347.9971673099896,0.0
-1.666618644207262,-4.534657988980398,-0.5008134756346392,-1.5158544190416232,5.118515866553875,2.991022910887563,3.696496151340196,-3.9539337507449295,3.1943165777379603,-3.142653614879335,0.6304976053183768,-3.5076180161392174,-2.2751134516563907,-4.497662662202312,2.029272879953461,-0.21945721956998732,330.748946957672,0.0
-0.5378912969485672,1.0202288698395128,-3.109819525494955,1.5594965138332713,-4.968541401772373,-2.0007231973261486,-4.820877806994617,0.07013423087853088,-2.1029883418728166,-4.217656995567927,0.14368509050404743,3.756774819939385,2.403247175225686,-4.15240020410185,-0.5995528284799985,2.504891940518627,263.5424177733743,0.0
1.9877785096577316,3.4667413280185118,-2.0911885930580416,-0.8390560600804857,4.283231276519721,1.28044496225872,4.421568954923539,1.1620883751583575,4.902203830511412,4.0562907786832225,4.447301574829161,-0.33271189618460006,-4.465003519958589,1.38707290967211,1.5187711817492913,-0.7939345822002037,322.16443356865653,0.015625
-4.356877350117234,2.321966713260241,-2.555716140291217,-5.087879359720252,4.674065651859192,-3.2147977494512108,-4.983112566760436,1.1421685292748842,-0.20568545161275154,0.4764871222789111,-2.907630599138298,1.576608523977109,-1.1097321372083098,-0.6314488116263597,1.3475673526214997,3.1652539664987627,304.8243063571806,0.015625
-3.4581820729905415,1.7435596870193066,-3.2155334840875898,-1.2625343189508778,-1.4412157237370575,-4.2903796448789695,-2.826656614898396,1.7524149259041915,-2.9368159821443234,2.3692219382723128,-4.961364477498631,-1.5799143713318888,0.9423068131778267,-4.519783390247271,-2.1824834184954858,1.6764212800406542,302.0314200922038,0.015625
-2.195309904783449,0.01821110376235069,2.940030716949976,3.368684468156455,1.820634049652626,4.013022801847277,3.633394387347688,-1.460896003357239,-1.910826782866764,3.525361552773126,0.46685015630057247,-0.5826536902214547,0.7638461235301612,4.092269851777874,-1.5963125603337112,0.6631152989625448,266.88090065743575,0.015625
-3.326771568828919,2.7068164770046135,-0.9984451953647477,-4.973119939300564,1.8900054307479683,-0.4353718413826746,1.6585703640542242,-1.014782282457519,-1.8841113139108048,-4.216673753599223,-3.1804302388598353,-0.3577753082086579,-1.1195067211269842,1.43654478729988,4.792361858698503,-3.1006265238264334,247.25377021943785,0.015625
-4.920214926136798,4.6562413549821295,-1.2163294312222108,1.700727903308235,1.5016191474175296,1.2673628882513075,2.0107588631338187,1.0850129423099943,-4.739343925808157,-2.8251920494171676,-0.5764197743842772,4.388801581886731,3.8547250571358544,-3.294171376573539,1.5547527320368584,-1.9388995488454208,300.9149317746739,0.015625
3.615697560062878,-1.363239143222756,2.3624102260387216,0.125726614729734,3.452725281213577,2.263629258637158,2.0569183016955144,-2.994290840634926,-4.129516534696645,-3.0396352171904413,1.802197145815346,2.3330631082682007,0.7068836317651099,-1.6902943601674139,5.041943565210954,-2.8894069531778017,261.59938924801554,0.015625
-4.093533089030793,4.907794533542119,3.8326125231903463,-4.852780967863155,-2.766917383107727,0.4232300094989059,3.298312411219915,-4.072942795835617,-1.9058856352037417,-0.5455370246129911,0.42809085341370956,0.883658824670988,0.11912849051417496,-4.191240423370289,2.0483127434776387,-2.0531989385301808,252.33816510614142,0.031197786331176758
0.030607577040884237,-1.0219487430388314,-2.5448886435283993,1.0371063496292132,-1.5500507787706699,-3.7452585612809286,-3.9182285189914774,2.1899582736080525,4.148157158299813,-2.1150944788717236,-4.334010677046295,2.6864498268432158,0.892981667494106,0.4176662462770455,0.09029003858438678,1.7932986079103062,219.82634800514472,0.031197786331176758
-3.916569821395253,-1.7613454490292515,3.918912108288457,2.26705743950881,-4.143466297570305,-3.6303837869377182,-4.971329468643338,-0.008531161152201427,-3.245759733413119,-0.5955686939823037,-1.7524563137175568,4.841524263419514,4.434860321963913,1.303619804284092,3.427504233492898,-2.3040487594623036,320.778110608898,0.031197786331176758
-0.29046867094502105,4.738073552015883,-3.5085088514150176,-0.9279376067182667,3.229498200401866,-1.95913061557316,4.378852446718832,-2.438828969343186,0.6874348978859537,-0.2570982623802811,-2.851404402007896,-1.7677242048151238,-4.159287609973188,-0.9793042438352169,0.42861451201093015,-2.502715968611237,282.3197679408208,0.031197786331176758
1.5389989735762244,3.295339082921955,0.8120485919080158,4.034036046144133,5.096410249445623,-2.21140206515662,-4.6881759626597015,-0.8026476606035704,-0.3172032770464961,2.400170769975423,-1.5334562466981647,-0.6441110667833758,-0.2407434478364543,2.5289259801288395,0.47496908637812396,4.710025728583809,319.7585540261089,0.031197786331176758
-3.2323592683936564,4.4755799130450145,-2.0591504489604673,-3.1286779965831464,-0.5602086162188042,2.9129959206619604,-2.326176331969993,-4.271765263577646,1.2018868019581443,-4.000944217955058,4.296578990193315,-1.743221821590724,-3.4379786377264416,5.088983470159429,-3.2101870293672308,-0.7226786612151308,314.07461365157184,0.031197786331176758
4.4717575057922625,-1.9479505908006054,-1.7465376374553632,-4.211216068729804,3.5629710792975358,-4.897363556760872,0.9123042029444619,1.787179985099729,-2.147878956623427,1.2446773245201985,-3.415724948188998,1.8148932698354772,-4.9877988856926025,1.175953840895061,0.7500097793708447,-2.438313093053683,280.8984076210627,0.04682207107543945
3.8243784175913165,2.647438989513301,-4.537149399065182,-0.5697372366248512,4.400590596145512,-4.993083721938722,2.2703467067699954,-3.610434524174551,-3.2232794294671248,-2.6028662881536158,-1.0457888731114107,-4.207954603323466,-1.6189544769006985,-4.239883551562149,0.5430464632651786,-3.1030810370102615,361.36056616500633,0.04682207107543945
-0.24726678989775053,2.4493203130757015,2.448977624498008,0.04870250599275483,-0.4548862090862684,4.731493266622167,-2.8370027408184417,2.8620242215675216,1.169817245650563,-3.066170930600856,2.741282876156226,-4.670493104637306,0.8662988829636227,-4.2494454574646525,1.2296885530907868,-2.959907543842647,262.1411198621692,0.04682207107543945
-1.301249546717575,-0.13347739949430615,3.173644059161174,-1.7054253498602376,-1.9923621352407843,-1.3439285665000575,2.6243841573647764,-4.883637123636646,4.186455641235827,-1.3213291921907437,2.468623746247159,1.3587670885510583,3.644552036453457,4.586117733668309,3.1730618453174566,-0.753456166803514,299.6519344148632,0.04682207107543945
-5.109844038025302,3.398287607847675,4.133542028507061,2.887088575874329,-1.86542745655189,2.7115974545510166,0.15934967990410076,-3.877361208789324,1.7333081024036225,-3.8180152844281006,3.2979479961273936,-3.1396566647860444,3.521150530815901,3.559035214338862,2.6138064548472197,-0.4653242713114176,318.6606523738416,0.04682207107543945
-2.9460101293422607,-5.011995036831247,3.747757145536897,-1.816835624800587,1.806878591776366,-3.9021849444734276,4.638911958125898,4.9432114107486145,-4.241664266558706,4.941625548220238,-0.552213671378003,-0.09050396113985837,-0.48222917794041376,-3.7601821875516848,-4.684034672065276,-4.930366957825348,336.43693112983556,0.04682207107543945
-1.4217579814266315,4.990264094508322,-2.7968109417985394,-0.5054528947296619,1.676971416641444,-3.9156282633028545,2.2699698931093906,-2.3037161444166516,4.063090375405248,-4.328302084952388,-1.9977519707520988,3.358011436956418,4.930281277024807,2.85536070265627,4.21602060045205,1.15411006292579,300.76705475132746,0.04682207107543945
2.408680717686102,0.7726619546008324,-1.9457077695705922,-2.453875338051947,0.27232328647462367,-3.2697180829145873,-5.094459231186601,-2.463639648842281,-1.8348474396152907,-2.144979525690492,2.5009458360100725,1.591355688717857,-1.2739753735962873,-1.8223619819429717,-4.284042166844758,2.99013008530044,275.6456312241092,0.06244683265686035
2.978894734608695,4.773728035168205,3.6648478547326837,0.6513031871608446,-0.42632366517545783,-4.457952950581502,-4.578375635825898,4.646563996507543,-1.811665187724122,-4.713970469802722,-3.7475477764571368,-4.186430699441361,0.8865081775479835,4.664966218283362,-4.241422446980339,-1.9009227419434316,385.92312577001223,0.06244683265686035
4.999871950303738,-2.598394406651897,-4.874509210126469,3.8800388919212034,-5.067393533313367,0.6352881311080241,-3.362715559294677,-2.5345061201244103,-0.8897236429687894,-3.936418418520848,4.137699042413359,-3.268031820989298,3.609816820528427,-4.544215672162834,-3.9102641373267306,0.3246684507458051,356.24243285969067,0.06244683265686035
-1.2268758609024841,3.134457133402427,2.6425687334302195,-0.14146702028660219,0.6307180854274588,-0.9990083183677783,-3.33101693933585,-0.7987382908797489,-1.4565223137332661,-3.1451794566417686,-3.801396373337277,2.233118806782106,-1.4688223978908757,1.9653968056720865,-1.5071273024447809,-1.6393874539172026,240.1389042829244,0.06244683265686035
-4.082141091553957,4.443235618522425,3.2211354617643417,2.8433480456711004,-1.252650764831023,-3.612836647202581,-4.4697278254123525,2.5799951195852486,-1.4157180789995976,4.120402180077396,0.583721901158416,-5.11801976657417,-3.1276064025081833,-4.726755966492432,1.1213287250725363,-1.2034068180695776,343.1586596564696,0.06244683265686035
-0.7093579713125218,2.1874799251737356,-4.126003138777241,-0.4941286243779013,-0.6261517357964346,3.5087792079189013,-4.928336342009555,2.4000891429998026,0.7783318609925898,0.20859715653253108,3.6204192868902174,-2.1925839653708508,-0.1687692733256725,1.7155219939556572,1.0414427238509356,2.400507614849224,266.560165301712,0.06244683265686035
1.07982613395858,-4.672967466676439,1.5233688146823008,-2.85821885724608,-3.107890360057523,2.7341470537509567,3.9561543122237977,-2.8896645385808606,-0.5953768289634631,-4.352154394847098,-3.5521530440160003,-0.7420463717453085,-3.6261019689938347,-4.496748271127128,-0.2607483860303468,3.144061955784694,321.52672786208524,0.06244683265686035
1.0066756161139754,-2.2307268358331185,5.071889388076065,-4.082735567207768,-1.739648399754706,4.0641549260298495,0.9959213977603083,2.8611543212538306,-4.008684725950349,-0.3322541509829229,2.5580997037257296,1.0051866296086844,0.9300759065938644,2.847495709609155,0.017428001028212847,3.1945404097977077,192.31414918391278,0.06244683265686035
-2.022682776754866,-4.757487996682889,1.8688476960288396,-3.4201931494432776,3.762428080519622,0.12543829274491713,1.8716300416692215,-4.193979822153978,3.5996719377057778,4.25689661188249,-1.24349186253278,2.630256524067958,-3.7209005505218,2.4581890045029944,-1.4163828336072988,4.2878788206557426,327.85530214906026,0.07807230949401855
1.1391466509982457,4.292261213689081,-0.0332782176358446,4.237346326246999,-2.5614978526889134,-1.9610528493894237,0.1915906621520147,-4.210668723465688,-2.6301128715509066,1.1441450468016718,0.6289634065246252,-2.4748978298512903,-1.3386349505906359,1.4257541141732295,1.9049382021038967,0.22363454670877658,248.99734739851883,0.07807230949401855
2.3956246575345004,3.1663688776187433,-0.973687687498832,0.36996064465656353,-3.560673281707087,-4.12131316320716,1.373041125192282,-0.2555125950587289,1.1907455033044947,2.4942820274673254,-3.8418713939474842,4.162652697349906,-1.5747103076692626,-3.003696536556286,-1.3187433658134404,-0.11725330518471822,262.0964356799583,0.07807230949401855
-2.8603336608566527,1.8145901443252752,3.4727409387832884,-4.597834531291741,0.21753767496613108,3.3884289658364652,4.500236141486851,-2.299756637443234,-4.76065077810042,1.2242081643549287,2.624493942803033,1.8878340620108718,3.6509864879560956,-3.5885268875663994,2.7416672018258295,-0.17780197184022484,344.1455016903616,0.07807230949401855
0.36554717227675937,0.9572623816149983,-4.480806629551301,2.3901137536421206,-0.6803741616200147,5.1007678014690905,2.0081877404936703,-2.0382857661394436,-2.221171432458752,-4.320636450216488,1.5440816676404907,-4.872757279673311,-2.07392543899495,0.6438068797921019,-1.6709753996241528,2.842971028753742,279.5754787276126,0.07807230949401855
-3.486342387486788,4.894285299870501,-0.6972605404648107,1.6803499506522144,3.7420837109757885,4.705739197393982,-0.14387657732762182,-0.4948019635927272,-2.3060153356149007,-3.507845364099928,1.866941560361056,3.6033552386074286,2.6069992324635205,3.6464619198173134,-0.7335326174635819,-1.967381830804729,330.8759757389858,0.07807230949401855
2.9014051824214446,1.4342014874062095,-1.8795685968058735,3.2239865097147495,-2.3389057574080216,-0.5827397136275865,2.736519464413375,3.5106508138154853,2.727359903945863,-4.545492200116277,3.206542298960655,-0.04500969834304147,2.461168834864327,-0.6467894441131241,1.9193928331732826,1.7319312996903014,285.3328950828698,0.07807230949401855
0.13956198389867147,1.5289273672598727,0.3649843779295905,0.5147488715430137,-2.878724617776981,2.9796301342880733,0.4996093751404045,-1.5784520335112662,4.496072458249823,-3.0469890421047463,-2.1212628963539744,3.5228035670554805,3.950458359316891,1.78901104893594,0.8626118597500358,3.1718335218486837,260.27751925111465,0.09369635581970215
-2.590199379707254,-1.2324653473532425,2.31422168167056,-2.4709977314613636,0.6930805643742302,1.695693154482905,2.356082163243017,4.168525218871797,3.1536904108591086,0.9973551399402822,0.8911473747009468,1.533633816225124,-4.469874095567577,3.3435058670822047,1.1002989695927328,-4.21291328060749,290.7222510162497,0.09369635581970215
2.3962408180574837,3.902895034824316,-1.1035322745518208,-4.2384217804875615,1.0676076683098552,4.774429553822272,-4.234115951620173,1.692253896492006,1.5586582719448554,1.2798944124577254,2.661629276872244,-1.957026705425116,-5.045053863273169,2.5850198331230354,2.3482373105893686,-4.602492936881482,321.29768065015134,0.09369635581970215
3.039649380734395,1.9498628315057625,-1.5731909823740553,1.724825143017945,-1.4220267022642958,-0.17239351465785102,2.91681569268738,-1.053991407167838,-1.722776002463716,0.13710413095765084,4.119556717909965,-0.43542232282795723,-1.930067988973272,4.658469146057766,1.6265014826642696,0.024659811904102824,206.34340161950922,0.09369635581970215
-3.738202451891146,-1.4032926449683343,-4.067507654403614,-4.695131968336748,-0.16327405560645225,-0.30260767236789476,3.7247495574084057,4.913995690215168,-1.099486319496033,-1.0653807878719546,-3.376124399925354,-2.8924555833103542,-4.244417408145394,1.9814397933359862,-4.701940853415466,-3.6761606450272355,305.8340271435535,0.09369635581970215
1.5853790965589143,2.5009184649163503,-0.7087134645377322,1.0122929733295738,1.1694851774574007,3.5323831554893816,3.7100204336809854,1.155199578111315,3.020099353874362,0.07492098385581425,-1.2466810823484518,-1.7628153017470565,-0.24584116693048141,-2.6807483778917782,2.045619736592104,4.647404479584339,239.59578773920452,0.09369635581970215
3.2443048664616976,-2.0937784668693866,-4.734185434992378,-2.698265593285597,1.0233623291561864,-1.0187235650098083,1.873065525325404,1.2705717118168982,-0.4449004975679829,-3.025223387977995,-0.8353697563141536,3.0818611301170877,4.957225833524318,-2.00208625889727,-2.647094223315666,2.31785087944339,218.54830362519124,0.10932207107543945
4.587236513471676,2.865430431882605,-4.536247980322513,0.5633916215449677,-3.9384608621606363,-2.1257056772115273,4.999833280489933,3.33874476100262,0.6822722429271133,-1.9073501399994979,4.8662441095182425,-3.315604517014135,1.2924667074676632,-2.4777336843678377,-1.0289479349816233,-1.0134577023970808,300.6970472946563,0.10932207107543945
2.528374700213675,-1.373145941479692,1.6079985411137487,-0.8676173567196441,4.838244733518029,3.088179363442266,2.125444130911033,4.963202285774819,3.554755537178136,-2.0182770773661987,2.7455529984137117,3.0821838547998075,1.4282744615347518,-4.674888494646154,-3.6524202387410662,4.109123351750536,311.52985597680356,0.10932207107543945
-3.2375386284737258,5.035092189274526,-3.212337732872604,-3.8770594784006094,4.484274883127287,-2.1087787896514527,4.229008113413021,-0.2837190839338337,2.4057590697081075,4.062046639294789,0.35711321335148316,-2.9039552688878003,-2.910804472155987,-3.731865829853154,-2.5277576102057795,-4.997417184394899,320.81946689462984,0.10932207107543945
2.6760383497303613,0.8305001699276158,-1.04766386472218,4.278732358916584,-3.017265567971703,2.0610608471705962,4.807870174149325,-1.2556166035375194,-2.090258978430465,-0.7684017110978099,4.327088242451173,-2.6407751619454505,3.1333143044980973,-1.1493539782714781,-3.2533285321075205,-1.4289531746511814,247.2124138988745,0.10932207107543945
3.849907024099834,3.6126719055279777,-3.392961718251944,-2.904282493975755,-1.2959509134367688,3.32151196076775,0.1375262930782739,1.5365904009916278,4.5012171229121565,-2.5303194789036314,3.647160783990299,-2.6053430023723294,-1.6866962652502893,-3.9356315161719873,-2.9586489953980353,0.87334294797677,320.998240549197,0.10932207107543945
3.8513135901025626,3.7767641360023694,3.449574583096891,0.23026765141368344,-0.6584313349481548,-4.317890203333924,-1.2793107040181355,2.810205344689235,-1.0145573352151818,4.563683039928276,2.3729994366544576,4.039320606155534,1.8160771432469165,1.9677358400731109,2.6326945423024144,-4.212954786177655,300.8017601831416,0.10932207107543945
-2.330512299990506,-0.5090338404705195,-3.732213133884578,2.51067361840638,2.8251649338209335,0.7960822047499674,4.1253227456008,2.2504624840316945,-2.1047401173699,2.7211929267346653,-4.357039915944939,0.4811490258300877,-0.13310701427697325,-4.284616474947472,4.2227494075136365,-0.45483084838618204,308.9767128518063,0.12494683265686035
-3.4575959567427113,-3.095299310993723,4.873336250842828,-3.484977498570304,2.416411042928627,-0.023992015005167566,-4.1162099751384655,2.401545891922762,0.9391098940570677,-1.2515426080042928,5.1161667583421595,0.4848365700181443,-1.068238707135607,2.958299176089306,2.9984930412947763,-3.1273941341006113,264.9159496998549,0.12494683265686035
-1.316519243680721,-2.217686604895135,2.760994949213474,-0.15466381068226287,-0.4914183733426638,0.7201023517924785,2.210495403343523,-1.3600029753178995,-1.7736990884950563,2.84957105526936,1.0362820845876852,1.7703921860447966,1.763481249475797,0.9644744901896853,-4.607464787043606,-1.027398595274553,204.07435013001805,0.12494683265686035
4.988531235560649,-4.684082546733199,-1.052452279982866,-4.56212340348642,2.7998928451406178,3.346768836680467,-0.7373952320249471,-0.41798926128971114,4.0641730982153055,1.1410953751461497,-0.3402693542936177,0.920670643349899,-3.458027141891555,3.1668161554296086,1.1821638017777865,3.2751345166216206,290.52755555203925,0.12494683265686035
-1.2286134161204556,-3.9807396514697677,-2.6212399850161314,-2.244502081114104,4.886543301624022,5.027307720776077,2.172580952884612,4.525836795935189,3.7391372427681384,1.406215803617239,2.789155977336348,1.9205264637854986,-4.7153428989585064,-4.614012080867687,-0.17778029479586444,-4.294449262818241,342.30017713020186,0.12494683265686035
1.4225166351492726,1.444460166048466,3.7127985334386873,-4.723834260563763,-4.569934844564846,2.917931815914323,1.2723067323887998,2.165770645994516,-3.8407443533964853,-4.822278050373551,3.2070038069976627,5.074971329128458,2.5686076033795047,-1.516245415805494,2.3488242663784797,-1.747123982888192,349.9838915148495,0.12494683265686035
2.4511063818773833,4.078698905216929,0.9381007105404571,1.9395437483197986,3.0288340094503186,-4.525671903406983,-0.4521879833187361,-3.0092754075539343,1.0433078149002402,3.3730423502811027,-2.3859962630774643,-0.8228433302970224,0.7129315364634756,1.929493414211879,0.976637838959701,-0.6755749452089566,220.83475610723735,0.12494683265686035
-2.772534272241025,-2.8895959948872525,4.496089641525804,-0.4519524088508824,0.7645483017974257,2.4906337701619057,0.5472670844286167,-2.5732920935904984,3.2970106250747166,2.0091435723483784,-1.9037027247157274,-0.7252909184229628,-3.638548314571517,2.186312478739713,0.29730919792011434,0.20348386152299902,274.25114857785366,0.14057135581970215
4.397508243285432,4.73270421032536,-4.374874394045616,-3.3860953891210337,-1.8136882737720277,-1.3272267746036386,-4.188958420250206,-0.508072375262163,-5.085651919404139,4.827944995089529,0.974841509206648,-2.070873482459121,-3.949567628850037,2.4267055019827994,-3.2945584993587875,-0.07843441888454539,333.88417671825204,0.14057135581970215
1.6438573333642976,-4.722221502149357,-1.3250288959863465,3.6952797961121027,-4.236389173205165,4.205646646294741,4.155143941822829,-0.15228191127263813,1.2841178213477278,-4.867487943701199,1.7005140560337217,-2.3219588917473786,4.775629847524502,4.5252117191681736,2.0584462677118145,1.4090416049395706,347.4966019625483,0.14057135581970215
2.3381181015252928,-4.23359143068676,-2.5035881581166755,-0.8506331313310325,-0.12460374656514794,4.489346571566252,-0.671582822441982,4.71525979720277,3.06129958167839,-4.622368290059836,-3.721308286248119,1.325575445618754,-3.517394800821107,-0.4476804002555248,-5.038520272706509,3.7776635035018744,362.16172471479376,0.14057135581970215
-1.9122503752555877,-2.730536250191544,5.036209129828271,2.9226303424703106,1.1321187743072345,-4.224820879385857,5.0325399393857735,-2.6198111669027657,2.3126737721394184,3.5468464840370997,-4.223296503270564,-3.4298531572839517,4.262446023152214,-3.4345835490022587,3.833447421254111,1.2489981917052226,339.04830286143385,0.14057135581970215
0.09975515633241017,4.44204416148692,-2.6175416527689817,-3.5584466720631323,-4.194424069755733,-1.3783125523119595,-3.908191998994864,1.8299653766906152,-3.8247765314944386,-0.1507532716409834,3.955487305249682,0.871593455421853,3.6996292032163334,-4.484204286298169,-3.8914401194913646,-2.600167095387337,319.18701855800197,0.14057135581970215
-0.14274715360645285,-2.98439423773563,-4.530651669704005,2.786018258810514,-2.0033144303116894,4.474841305475736,4.522381043604896,1.6941966219364506,2.329979405931385,0.6541588389021422,-2.76960680121326,-4.374544830068097,0.5866178062174221,3.3551767412256774,1.4337999853659689,2.2893883738552976,343.3234713131158,0.14057135581970215
0.7579555898107921,2.1799075370642846,2.475674613635489,4.029362451634852,-1.0463741569247729,2.8841404133421653,1.219498980612724,-0.39801876285169246,-1.4240323925145484,4.53258460104536,-2.3284518072739226,2.864902734798564,-4.837237865837459,0.6889067851309285,0.34670293177715106,-0.0743335725922023,255.4200929061025,0.14057135581970215
-3.0113885640404052,3.282088061970062,3.2659618044588923,-3.3459932197358633,4.526291746176697,-1.3910121692941781,-3.938429071820884,-1.5497684678038222,3.965334651640247,-2.710246252936416,-2.182591904541983,-2.5099247762071943,-4.093781350334976,-4.537935598181828,-2.179323077879428,4.221943893860298,346.59460664447914,0.15619611740112305
3.3134250411476023,3.7591685674646778,4.136044561186222,-0.6980158180095692,0.4720122538696492,2.334124435710663,-3.1182665079645946,-1.3790264229334097,-3.5246346603949994,3.8405875212491756,-3.230679704772203,0.7833303765184327,4.16829069932018,3.1671327864100816,-1.9133301923320638,1.198692251443429,285.04309736769073,0.15619611740112305
-4.745892429382462,-1.323745316579454,2.4427007257000177,1.2661601651399685,-1.5825393348977927,1.0236174948645589,2.7075964566710873,-2.433117903458244,-0.24211604005262544,-2.737592337625544,4.420559022258318,-1.8445015011773633,-1.5680698733044829,-2.606481420621071,3.1779231215825314,-0.6547911755782048,306.2523786695638,0.15619611740112305
-0.5672373619025404,0.165469360487279,4.716996396293294,-4.496636676271779,2.8682822905979073,3.3069282084297926,-4.4862576153766565,0.009920563320981124,-4.606553943376239,-5.008898913911696,4.541886248690193,3.1181175500988525,0.9055035352063694,3.9840908692255708,4.293565749281933,3.6944638149481532,368.40132857660547,0.15619611740112305
-4.694983631545305,-4.4906140249304585,-4.559507500769894,0.10963925269398445,-0.1077310794847488,1.056554013243864,-0.5713620007547586,2.6528480952356395,-1.1653230514260708,-1.1590509179369501,4.40250265624361,-0.3667600995183893,-3.839546001880632,-1.2533339484921115,-3.7357894427784686,-3.3694853012528276,314.8603345672916,0.15619611740112305
-1.801625599235667,0.6165469135548811,3.4554094397440496,1.6732152766538277,1.4898695699357392,0.04258907911110654,-1.7022565982241127,0.6351662192210759,-3.4163611532717684,4.8900468230511125,3.113072813315637,4.468252918078957,0.7350557941666285,-3.5579445580195372,-3.6004511536102983,-4.314374776483245,347.7556730000667,0.15619611740112305
0.29838583486646897,-4.2380410093542835,-2.2894555290607386,-0.7219698855433796,-2.0607213801120685,-0.888535825688197,-2.0473591665105646,-2.65877796071623,4.056074127830596,-4.688091835704724,-0.7412696440703694,-0.9312093331660405,-4.293678346658909,2.065182609525481,-4.688898811794534,-1.4482102181673353,264.75641052133426,0.15619611740112305
1.4276085179484594,0.5394829973403246,1.1074960088396049,1.72285276689479,0.8326935786739211,0.9864189128232628,-3.25201423746032,-1.3813490312308834,-3.437488447011145,3.4808468942885247,3.3430066885318146,-3.4538582808216414,1.0063681291441062,1.2039971747019562,4.9323609146392675,-2.960671619179153,270.9996092983148,0.17182278633117676
4.523510238426339,3.726303711223518,0.8105093060993802,3.046694335004797,-4.32107323068018,-4.52933390971138,1.5238940922437276,0.8845894280608819,-0.059063239190694006,-1.9939833569571914,-2.751104175685326,4.901588175003719,3.126433085207501,-1.601549565128451,-3.339225426789355,-4.435129803849792,327.94905023263453,0.17182278633117676
0.9867324481226856,0.7701767659898451,-3.4119592518132897,4.511154954755507,4.41130758226035,-3.39381196351569,-3.21383373091313,-1.7052473702726085,-2.675270821030317,0.2978098347568352,1.531113986403537,-1.6952232227216388,-0.25545024380314896,1.1891854641234936,0.2557221923004942,2.3426385950710857,304.52672529981555,0.17182278633117676
-2.6889172489881386,-1.8836195066680688,1.1234318444471567,4.386432549014834,-1.2111226267764441,-3.4030619747952207,-4.1000020923102,2.6899412573382513,0.40979978723543553,2.988965011146658,-4.23888713450792,-4.148874153751904,1.7437335029361467,3.121347470000889,4.015316401671506,-3.514636477820759,297.00948625823565,0.17182278633117676
1.9266486744715303,4.647341874101897,-2.3247419954029755,3.027731923914893,-3.1364385035456652,2.233819267491513,-0.633983611225263,4.134089341466303,1.7941285360946564,2.663024333875158,-3.942170591758612,-0.6645661704220416,-5.036583369363611,-2.3742134811810995,1.0195494734992234,-0.39606814043088256,268.415173561316,0.17182278633117676
0.9641214026962848,5.001711686049908,2.6124862381152694,-2.0680771488797514,-1.1223843844467334,-1.7555201348519627,-0.6875258790880663,2.213756171457357,-1.1744371890950065,-2.453969107893807,0.3602061028586627,-3.5775273294108647,-4.951525546402936,0.7727845133485403,-1.7945754809351362,-2.211583488399329,237.22677934398538,0.17182278633117676
1.3680892042909507,-0.4736768358535812,-3.683533827815963,0.06902693481257849,3.079480663791247,-2.103309417651025,-1.0134598545105478,3.517081902354012,2.24857688792986,1.5564956038834445,4.670627558169326,3.0051798311359166,1.7061811279492112,1.0469803924685843,0.7847145929077337,-2.0977957477442404,232.04941197995672,0.17182278633117676
-5.052829282881723,-4.089225293695753,1.7695368882776057,2.2339332964505383,-3.6916312328832896,-4.150169717946817,-4.261030105347145,0.6551260029468118,-0.8908804422163854,-1.2740850608421401,0.3827809916407565,-0.15617790338775084,-0.1595406631018328,4.130814641132621,0.4198722134480972,-0.9424356256900941,247.25276616900896,0.1874525547027588
-4.6499584649468355,1.9547274185840662,-0.9487878330882351,1.3457721732360453,-0.923240520686667,3.8615957954762186,0.23510604441163974,2.0868307997587587,-1.6302038781141386,-1.9297725782518178,2.9577355041291176,4.756809608113348,-0.44191783599388135,-2.592402821604565,3.991624211520681,-4.9924754494852825,246.96690002255923,0.1874525547027588
-3.210760444345251,-0.9711461863425361,-1.9085949682962617,4.9076200282758125,4.220579703112578,0.7602131013095681,1.127253760123832,0.451316139416849,-4.46866923863882,1.003867674163267,2.2492579391160774,-1.9727255694918022,-1.5659114397017486,3.250974566681049,-0.9548524545761827,1.9384390567554908,217.778652210413,0.1874525547027588
-0.5994164027537545,1.903816245275478,1.3924105599436176,2.4071774138071538,-0.22308803966420054,-1.2208462639875441,3.1328663792711664,-2.205257784783685,-0.4310926219974176,-2.143858174175045,-3.5514480595889664,4.533007061892918,-1.8349667296529182,2.163624993585757,-0.4066638522555337,-4.3422110556273115,281.6959898534644,0.1874525547027588
-2.5313379501380653,3.4814500857274853,4.130068249060904,1.0658002667827686,4.7403460590046995,-0.9791735875810845,-4.2818917601727655,-0.038987990008638285,-2.1733763048310957,3.1788018406070995,2.865806496515477,3.752528892452882,-2.570409216192241,-0.8592090845218756,2.504554004484082,0.8633587345723148,267.08885928038364,0.1874525547027588
-3.6131457484835448,-4.116218087396187,-3.0988554681559353,-2.408456830275264,-1.4446417309366613,2.301283622706408,-4.20039537905069,-2.275346045953899,0.1682041711195561,3.0100109676528133,-2.4168953493144962,2.624823468199943,4.382249959964343,-2.3215007866874267,2.5104334569512092,1.4292099926021455,333.42048415038676,0.1874525547027588
-0.5806089968042265,-3.7448376518264976,1.2079687924145652,2.760231789196009,-3.7583247902049264,1.6468251485188432,0.26415485539134664,-0.23862716153312657,1.2375626958509693,-2.427724918776217,4.324384132801458,2.546053718189482,-3.350639699630511,1.1881937903247817,4.646920029363447,-2.999177441902718,308.1966579433151,0.1874525547027588
4.500305083928482,0.5294934212129645,4.174981278925476,2.877424451378321,-3.4690030384710835,-3.733820038970365,2.659541894044003,-2.3203497985308146,1.5873944596316782,-0.4518267343793889,1.2216603938444006,0.8702198447023521,0.40541541323046193,3.3368944978081094,-0.13423418715559166,1.2540711909062994,307.6683549247071,0.1874525547027588
-1.819582453103397,4.071345178769511,-1.2090070447698569,-4.991228259223082,1.0806856709418744,-1.5953520382869844,-0.5245806098878889,3.2011147775345803,0.6739244639817024,-3.0969163633607524,4.2741673661770845,3.453919691796421,-1.7461790817206935,0.4624531340427751,-1.2837702056629476,-1.1141008888381343,259.51166945400576,0.20307207107543945
0.4568622415345054,-3.0165279475205806,1.3395512336628634,0.847385867844455,0.21699877578521054,3.9698443632525278,0.6523669771792742,1.461787274678363,1.6686771742588213,1.3709867311393191,-1.0880385922185285,-0.5408762481213678,1.0336075847110218,-1.4916302327513624,0.5856964684369359,1.8242330218551297,223.40427265211252,0.20307207107543945
1.6206752755141203,3.8209285777006743,-0.7783469236893694,2.6237924260055587,-4.904931065604272,4.658069950802502,-2.8616563792545637,-1.252045037297909,4.8867118646635435,2.5180004570374788,-1.5444694555428868,4.945375696770369,-2.282521224143978,-3.953831415819453,1.9604082768037587,2.652844192027536,319.23077890544675,0.20307207107543945
3.9013770973937865,0.17279212428517443,-3.4808858329835193,3.611113081506761,-3.368001787672549,2.666773187524858,-2.0738416276615927,-1.2567870264382504,1.9751953086946674,-3.3541290228854197,0.15349479375558772,2.1496078333514372,2.50649406286614,2.1460854229606916,-0.151733146346392,-2.2719764568171747,252.74143189407624,0.20307207107543945
0.3635325366370852,-2.650865612604054,3.184651723174368,-3.2780213797657356,-2.6548995879341053,-4.077801162251282,4.401647741953638,2.5372043317015542,3.388086957108583,-0.14874186882866436,-2.820116109244464,1.5983107868579092,2.6519296202491116,-2.6938748975517712,4.811260125259726,2.082379788777594,328.4943707378845,0.20307207107543945
-5.101170241621253,-3.3039064007861154,-0.4027236545674615,-4.114935172877532,0.13025208173231917,-0.36003743026408763,3.440925327261623,0.3423495272083734,-1.221009643800151,4.891755909503522,-0.13145552492236323,-0.9096210153456674,3.895342647024102,-0.5084598072910369,4.175095163240107,-4.364135114146818,293.9290462632342,0.20307207107543945
-2.677758755911036,-0.6146055825280419,-3.53741394829369,1.993736841404223,4.006792209267457,4.4320225621517695,-3.6530280864350515,-4.30134927461201,1.8523749495345534,3.5520533762787183,-4.3102867133087,1.7325065501860228,4.505857054165868,-4.987227944961756,-1.7980367618130568,-1.0992686984959734,355.66677484001787,0.20307207107543945
-0.8686467681535879,-0.39298574327592295,-2.983840147360812,-2.0040893473327337,3.7206088132577166,4.692783808394879,-3.352502833362206,0.7397640022703502,-4.685265921504278,-3.3954818353633014,-4.598323666971234,3.076604199787698,2.99598792734258,1.444895473112413,-3.5587630283357017,-0.6563036947350191,328.279599577887,0.21870183944702148
-4.119461787707983,0.22191452908267095,-1.2276960790137403,-4.510231428561833,-0.9613639837303998,-4.282289312896857,-2.5560407382840555,-2.8381624878207012,-0.42957647002474975,0.07443189064755362,1.878612896457219,-4.414499895437145,-1.4139034278162188,4.828679062935927,1.971635587668997,-3.720151787991564,292.2396083836239,0.21870183944702148
-4.503050240435582,-4.973112380250305,-4.244554693990846,-1.4172369522052741,1.7314320509082037,1.8446590311027071,2.999614623029669,3.874207271127493,5.103946011910412,0.2706279940104519,-4.3556946726880525,4.566741067630219,1.9516681463200705,2.926043753756745,-1.1156509505295586,5.091299071042468,322.22332287946244,0.21870183944702148
-4.462716948291343,2.320360185346841,1.3354324653975969,-5.02227094140462,-1.9359314538770351,2.1172294341643827,-1.3904040125771897,3.911384335218721,-4.719311323794921,-4.3855669046476615,-0.9190728920918767,-1.172378104469888,3.0321350249384578,2.203332558544921,2.117929195937304,-0.22994954853053517,266.618600063941,0.21870183944702148
