4.847343950399906,3.589181954231523,0.19640753739883898,-4.629485641170271,-3.434820200572055,-2.282712243572333,1.9110188224806697,3.172694140697078,4.594015287729621,-2.2828144832491586,-4.427060305097485,-1.948196830629442,-0.5500826190466519,-0.9937413736297644,-4.058837902186207,0.9480243557896246,311.87831455567516,0.40569210052490234
0.7955694781686597,1.4942068742544254,0.5675196084231899,-1.8005716111746572,-3.0553029078090503,1.5785390672691726,3.261855273869476,-3.0412947631705483,2.3263718669970412,0.23084791373251878,-0.5128305582352874,-3.6334360513133444,-1.0333111159667867,1.2740736700044932,-3.133826764663912,3.3291150644001766,254.20809413968664,0.7506616115570068
-0.7452984504757572,1.7299293591407539,4.533892360000137,0.48243058941500294,-2.466473705371703,0.43325468933397016,0.6790532817073043,4.5463828786270275,4.8727520050319475,-4.079497750331855,-4.423437917057752,2.762986052282308,3.5868380970989238,1.129160372875953,-4.840569403024704,2.3288984968310285,369.72365241722935,0.9422228336334229
-1.116223117903803,0.08443790731820666,-0.022015266847592585,-2.2563638772115433,-1.9216386289608391,1.3330615981541216,-4.501339304909617,1.4194398310253584,1.3535409868825345,1.8737370785035354,1.3228207922346487,1.5475713099885366,3.5158472047616494,-3.900813261871442,4.136040875700952,2.8477239430508625,248.23223632657366,1.3707594871520996
1.0964932514288241,4.637958863291957,2.9933714457575062,-5.06443023235097,-1.976393031874737,1.0089798755028356,-0.2389200846721682,-1.3593975397174232,0.216127186932499,-2.964151331737545,0.7395260945659743,3.911547136121718,-0.41125286542449313,1.3192027151895012,0.9275778786152511,-0.28735796822094795,202.87418257881714,1.7806546688079834
1.0313642844397206,3.0701297935421445,-1.453729139389623,2.9641054996182303,-2.624242143189169,4.906831752712557,-1.0064070025081948,3.817277348585084,-2.0357280080686415,1.4349234029167874,1.080921934856966,2.999022590468223,0.45758666861361874,1.5129983409644119,-0.8474055896014621,-0.9301153442939123,199.55087300628753,2.2157318592071533
0.09303658749197474,-2.937908295581029,3.741741150973456,-4.276143578957374,-1.2540409782118274,1.3074424709472137,0.7504923299037376,-0.7637699644578717,2.307877920023917,-3.0974309120296186,0.9590015896381523,4.9141626671079495,-4.676148409362382,1.6133741067563294,0.7185758318871089,2.125774245843351,246.39553823322095,2.8658859729766846
5.12,5.02561641315494,-5.12,4.514089930128223,2.836971234801066,4.388850871856978,0.3934723564667273,4.910732206155575,-4.353068428490386,5.12,1.0053481028434623,-4.434112647947617,-5.12,5.12,2.8677981690947183,-5.12,418.9847353443763,3.246026039123535
5.12,-2.4913326699955873,-2.3599588067562167,-1.2694349096478477,-1.827361451977775,2.801491961557123,-1.7470738410813271,0.6499755432193384,0.08766804636236625,-4.798223389672884,1.029922873884158,-4.904707210700768,-0.16766839873019013,1.5142277697994446,-4.2187918432442135,-2.0965360591763225,260.6857809968629,3.6258816719055176
-4.997092921691785,1.46738855285676,-0.7110548623834925,2.378251433425654,-1.4794431562152552,4.896269309639291,2.5274541622542737,1.8749764153791126,-3.05564521504042,3.1671642901874746,1.0048161483285716,-0.02260364276533,1.4799738745040463,1.386661562385048,0.7764203117987343,4.097046360277429,258.78646831008746,4.036020755767822
-1.013843682230565,3.290923731347319,-2.954931897958134,-0.16911171052454588,2.068868448937976,3.931961621195181,3.7877872643514463,-1.2758132114479919,2.8443857217131434,3.8935841094590815,0.35808558278970626,2.777622401796208,3.9220366129604853,0.5020889772386168,0.7541660832899799,0.6050975845167645,223.12419700635778,4.245895624160767
0.9694513440067416,-0.2763455904282921,0.8184113439711407,3.3245248973179935,-4.050881903715717,2.7578336687308775,-0.8089684654425309,4.827519510919413,-3.686097564513627,3.774781419576544,-4.018343850977021,2.7024471759976176,4.127735250826862,1.6947543672327434,-2.027827347927089,2.7596927447772917,258.89343679254864,4.765829086303711
1.9940727840715553,0.40284198776489255,-3.4901379825347005,5.108971682675674,0.23990192936598564,-3.275948532130929,-2.6867892056461806,-2.978520628504754,1.4715863726500586,3.095643398442376,0.8409723571146177,-3.1201388931541,3.5381649344385275,0.3360270081731578,1.4740615810684616,-4.588558903910345,304.85317523611377,5.375885009765625
0.6582156968948176,2.4743583673092644,-0.44760949025041263,1.7504907907801677,-1.3749262262515733,5.12,-1.2391454309443075,-4.273185254026418,2.534941567340873,3.337711489880948,0.8773752907422683,4.371828204720482,-1.5569410027959747,1.2065649558408653,1.2544582058218339,-0.37466226278892023,314.8238709342555,6.036083221435547
3.7422689660879582,2.655887983415811,0.8672404252872443,3.132424984239024,2.510888188663041,0.07932249994657337,4.1610497543164895,2.996142758735007,-0.5042840253933711,-3.8951004610524667,1.1522502354495963,-0.5549477121175439,-4.507966611754764,2.2310879858459227,-0.22897829280443016,-4.691756221889847,283.9543569233635,6.456199884414673
-1.0562933258619314,-0.9855871488596755,-3.6298779313835228,-5.12,-3.5065614437543933,3.9761903324873566,-1.1154981238139872,3.116573657986657,-2.8386086522828258,1.052131789260251,5.12,0.623907156470084,-1.6867829409675044,-0.459990328064551,2.080841418882069,4.874009183966197,255.72776704876196,6.856233358383179
-2.1062644745262946,2.292984312817935,1.7702262013936334,-5.12,-3.234994400435637,-1.7854593067262705,-3.193984389636455,1.1513358492959211,-1.2859112267191528,4.497353879055706,5.12,1.9942542338228852,-1.7664081562034282,-0.12742531239185784,3.4311312226457185,5.12,280.0170417721014,7.576107978820801
1.3340297717619682,-3.7235286342343628,-3.0423556235248763,-3.2345548396218677,3.7885587135656733,2.090485176541553,2.4121276227359365,4.423004901870278,-3.366677322440383,-0.26314588701812713,2.5483431404336736,3.516188079273081,3.0539470921087384,-1.9163667031857763,-2.699377171806574,1.0820391442713735,297.1545635416721,8.046142816543579
2.6155517241457957,4.35102684495956,-4.53240690599274,-2.1200729466879005,-0.4418938772891696,-1.2469831974333268,-4.7383420915924255,2.7234451729815783,3.1629836556820132,-2.0019026794145316,3.1687122337494698,0.5009008079621262,4.38387273801673,1.3043206931542173,-2.543789689047475,1.4038644044951143,342.1220101797684,8.496297836303711
1.017584682357339,0.7747603682065369,1.327768412540328,1.1781883149739727,0.7309288750740279,-1.8084659052779468,-3.779857355277289,0.8701549979396308,4.659302085491617,-1.847385696425314,-1.7540892816082487,-2.3759998316543585,-5.061528264134428,-2.7721421898628944,-1.844200347490251,0.37381398001703214,229.35621672691602,8.736184358596802
0.9431774035684377,-0.8431393334005861,0.12215187503062452,-4.782817252995723,4.366718750174264,-3.1845022911193857,-4.593427005753044,-1.4935619675353546,-0.15121384137038607,-2.794435603120498,1.8354026913914243,4.295964500905899,-4.684117752273994,1.1027634083761795,0.944248425737487,-1.1412154978441698,258.40296326119693,9.241223573684692
1.0934743583090611,-1.9893936567341983,-3.3369801986202976,1.1066398561826976,-4.891633751675307,2.6761561668196876,-4.5331535835666115,-3.5753528005602986,3.725031114543838,0.3659838206783581,2.331797242087168,-2.9921900658030207,-0.40792064478605017,1.019809538672786,-3.193881125442391,-3.523329441384255,296.64235219639284,9.966270923614502
1.108398178771794,3.1673124696023676,1.1759379040551927,4.20975758776216,-2.6690164421570914,2.9255939280308825,-2.4680666654180605,1.525795714591749,-1.9582864295343105,2.6837273454222474,-0.45639518304938687,-5.12,5.12,2.887800499521906,3.274337784233338,-1.1465422122946762,271.69597316616307,10.456048727035522
-1.245079568485465,-2.7325158341525464,-4.567317664549986,0.7564346167073204,-1.5214868490578493,2.864338843282362,-1.9623980804764614,-3.488143286695694,2.5163852820088506,2.0471606816985606,-4.119183475510697,4.2577860329304285,-0.21960008782837903,4.181817357325008,-0.5822075703408798,4.374684804472083,315.9449975814373,11.026380062103271
-0.857097539820356,3.3965900874965067,0.7257762584095016,3.0804699805187328,1.7920707537458522,-5.001418643836419,0.018667706930392214,1.887764388694043,1.7999779530178062,2.0648427077313984,0.25222407578071593,2.8328485510420807,5.105828571556468,1.6525455490895808,3.770552958987756,4.732932265268389,239.9826253116542,11.836348056793213
-3.0776242584312246,-0.4720184182019951,0.17412854437390557,-2.593520734005769,2.9152793539071995,-4.363641185864227,-0.7883339295640637,1.4852120601742085,-4.445585388139775,-4.170986916825693,-0.042654097199299024,-3.5075084369702747,-0.9748632458607469,0.07361403810846667,-1.4760106175051488,1.815029884116285,265.0547767873123,12.456323862075806
-0.65018357765718,4.2208567897039275,2.3672626234088714,-1.135823161793116,-0.8602260506710389,-3.6148318263526886,1.4968667606281763,-2.075638966612579,-1.9896014565670193,-3.196597024742083,2.5660151429581637,-0.31470257903880405,-4.571896745975382,1.0056619057868543,5.12,-3.085846737992151,273.38882025286176,13.076505899429321
-0.11459056727892136,2.1544491787690605,-3.6075161914878433,-4.54923074375615,0.8488406517057898,0.26759930519408304,-4.2836658665914635,-1.7819402939722342,-4.3787792581892315,1.0154706122620611,3.853214076099218,4.757020883866599,-4.009466310426822,-1.1062988000763632,3.8344783135196776,2.346227746296446,289.01512876862716,13.596166849136353
-0.8438267216818245,-2.5958051593733575,-2.2937922109155324,4.13558080759485,3.0489788034383656,1.4006947859313401,-0.6358258635534177,-2.1482588495592245,-2.2367606403946265,-3.0341441890505547,4.457554388970169,-0.3656307334089295,-4.798063499990466,-0.3569568624507795,1.2866714774956174,-3.9147146069717342,281.06636060171263,14.096684455871582
-1.2256623070701647,-2.3065405203268097,0.8776701292005873,2.4788966491959945,-2.596845807193874,3.9694036469385514,5.073260391373837,5.12,4.594822792998742,5.12,4.198433016389669,-3.4683462051312954,-4.121676856092662,-5.12,0.904780569159378,5.12,359.77449568316297,14.72658109664917
1.0593361400724302,3.990834379617495,2.189330876927033,-1.9841040471894633,-3.735444765175262,2.471230625766812,2.4033970707987384,-4.228181054772989,-3.9762941098729354,0.5797827520381977,2.1128687259580685,3.7427514476132684,-5.12,0.7996935386346733,0.43543684921673087,-0.11320674842520617,258.7978656271756,15.236400842666626
-0.9630709946518765,0.4015911443942297,-0.4190643121839077,0.32984172645418663,3.943101898567794,-4.385624303466631,3.610178495050378,-4.291938967811749,4.1930801041525365,-4.105825553325258,-3.686347423695455,4.655878187927667,-2.1283232738834728,-3.5745472571049963,5.12,-3.9841190149725905,359.99136402231704,15.871735572814941
1.0714031342109127,0.1204208880000337,4.091518621408029,-0.1412947103898592,5.0574533242773265,-1.7683079016588956,4.834955371356586,-4.618760811746226,1.189319452453157,-4.230725641006171,-5.12,-1.5942731309634115,5.12,0.9728944182808847,0.016779085292562,1.9625745910246133,250.44973198972025,16.486575841903687
-3.792706688103675,4.168416745143145,2.718935123181504,-0.6224542672913378,1.786728490797124,-0.9911691848904205,1.5631050668904685,4.263686510575083,-4.853855113611879,3.9328265936231306,-3.10407943717045,4.287539278868565,1.575462151324671,3.438581069454666,-1.0030308967107109,4.620503234606171,322.05878557545736,17.286551237106323
4.3926440163868135,3.267959355915205,0.5366614222523136,0.7733068714020908,-1.340252478624099,-2.6792820881757073,4.1579677492427125,2.2870978433846503,1.7324376761989768,-2.548841765393426,-1.2222231016873217,1.3494589620964623,-1.8203003802080566,-1.5887167526704586,-4.148039627790724,1.9536016138253363,289.15962279878545,17.906654834747314
1.0258023900056878,4.630231195488951,4.644149275872208,-3.76696763179316,0.5164885294975923,-3.089070545823055,-3.2702877062211986,2.766824240612941,-1.698386000281658,-1.237941630431322,2.0630626939114984,-3.3593366566546035,0.44480624604882824,-2.4284799080094577,5.12,5.12,332.0313598074888,18.51644730567932
-0.8976172376909988,-2.8241237610368732,3.5429314576889857,2.327072813927998,4.799650065912879,-2.749876320918423,0.01501604048323113,-1.4861950158081259,1.6181066948195566,2.5540782295897513,2.4609261944241485,-2.740300246885942,4.386397126187506,2.447922176688487,1.7595954625793029,2.3093028968420075,321.846951149964,19.171591997146606
1.0489132217116364,4.04495937788312,-5.12,-5.060940469564373,2.9779179571372323,1.4917170051180877,-0.9926478961480392,-4.839109482237754,2.885474071283979,-4.833559545047828,-1.66122844998441,-5.016665060856686,4.424894905516875,4.6106916460115555,-0.35808250142916354,0.44608083068092963,329.75948108930424,19.896748542785645
-3.8790443809620525,-2.871314384169812,3.683995601915881,2.648904096254955,-4.948149470542721,-0.4522594298213516,-5.12,-3.857242478280525,-2.3918284351090224,-0.6192785457024179,2.3825824426515654,0.5805379120479905,-2.780271098877232,-3.3277444954467468,-1.8667469462093829,2.7659971552885967,320.4264459654402,20.551832914352417
-0.8542719995859036,1.462023866365234,-0.5852634981025515,4.70413847960923,0.5374541892304112,4.32298024499837,0.9048089749142187,2.6591637090588485,-0.44795625584243925,1.529912550459561,0.7241550968791719,-4.2525969044166585,2.7586084061628027,0.7460925122758173,-0.7097490726967104,-4.118940040645996,301.2916845687468,21.156433820724487
1.4791046751880321,4.824333524043552,0.525665482048896,-3.406552562437694,-3.724908247463583,-0.538062481215615,3.641205450644068,1.4013137127070001,-2.8549610738393674,-4.952510801141099,-2.91817105539752,4.219662999247205,1.7937853103855081,1.4800300285737293,1.7558020076276337,1.0074504707180783,315.1455205342587,21.886781930923462
1.057509903078648,2.0046059735381023,-4.5313957140147725,-3.716796118966248,4.843170300365661,4.197914051297091,0.1314658048885864,4.150080945234051,-2.116838274066668,3.3222119758800384,-3.344294162033378,1.9366599587823252,-2.4377808337110487,1.8232881929230151,0.5144389800998805,0.3199099229421085,281.3646060987105,22.766705989837646
1.0760493661732857,-2.6453832193874858,2.144339184502826,0.7482044069682665,4.985659389266764,-0.7860307210435016,-3.888701376369393,5.12,1.8987802110428849,0.40103804492273376,-2.7187153240970114,3.0876112783444585,-2.365084888200528,-0.42505505908522156,-1.0810974181256219,-1.6186428722715887,242.07416354836377,23.62711811065674
1.0588143940383699,-2.9492566139029535,2.51364284603531,0.9605739784353728,0.9798874736912824,-1.558410729875951,-3.98670616607504,4.4715464630133175,1.274765809303708,3.079991115142465,2.6459950621590442,5.12,-1.3027103639024937,-3.7227307108290684,-3.17777660070875,-0.16738449618872853,254.27202986006589,24.38706374168396
4.452593205396332,1.1881183290565218,4.691489054473528,-0.872208041362347,-1.3019975664548902,0.11374333551990823,-4.312477546445225,4.397116522255907,-2.03982611192182,4.039667080889688,2.110713527295503,1.4600251279449932,4.7153424922022085,1.1458681040587315,-1.1338891019661843,-0.21574139379659307,275.37901355837107,25.09721851348877
-0.8772690462459121,-4.175700569047991,-4.415696277683114,-3.527728338542653,1.1416856321752267,3.661289511877613,4.9809305411011655,-3.097781554782643,-4.448059699014077,-1.2795664802092288,0.9411415200545559,3.0746546020763796,2.3911682995835246,0.4111012079565226,2.644584004029303,2.6219379592374796,321.1475584666037,25.867310523986816
1.083897673390151,1.588720200088333,2.6871019208394085,-0.7852947145031743,-3.5349621139598786,1.7716334499955426,2.19238525943019,0.6399470957303013,3.124755974896817,-5.12,-1.575950671711472,2.2304339958227652,2.062943146339861,-1.282142484900242,-1.0587455678252269,-1.392061359070794,242.03936166437236,26.717033624649048
1.0612081937180893,3.6687541453754404,0.5019566833744173,-2.7495229914489894,1.8223611066347267,4.858371969034141,4.953959736379528,5.12,4.037979754540131,-1.6675602938523522,-4.8570572790259074,-1.8401160786509645,2.4212656009661524,-2.37686939720079,-0.0811321150511306,0.36204428945020606,293.21463495118877,27.22706627845764
0.5349841970739666,2.3927293050466076,1.8711849362082953,0.08245014493741998,-0.20456869590488314,-2.0711888851610034,-4.854091224118212,1.2112112155488255,0.47592116303692666,3.498179676094039,-3.6215217521267142,3.097457812947959,-4.303072978964422,-0.7198938946070612,-0.40002755746779517,3.4485263695986754,288.44933466616834,28.142375707626343
1.0938557467652608,-3.1036452218249293,3.3102411374277123,-0.04119252593853151,4.825464673981002,4.381653670648061,-3.1939067480044585,-2.8439814423058585,-0.45680464486470207,-2.3900461795109766,-0.10699380136177261,3.163571764234301,4.718684651638955,-1.6541098396460394,-0.39756811673172354,-0.1658043031431049,270.15263643756424,28.89737558364868
1.0269227777399372,-2.8264103598864128,-0.44173428001798154,4.803201003768051,-0.9051092501043145,-3.5826391738626557,-5.12,2.2575522890253525,-1.7475448718150401,-0.8591026603959531,0.01653308694307576,5.004547416979487,1.6799602548520127,3.1167790104623423,-0.7789625602484724,1.7722688661724488,235.0795813620607,29.70748805999756
1.0465172972416097,-2.862623055786507,-0.0015689235221172382,-3.512462097296599,-3.5035331432730317,1.4397111784037318,-1.8526558869007066,-4.248788268009685,2.8176327769144836,-0.24481278752763647,2.7357533899726842,2.2038355665825007,-2.8058224989955116,-0.4067401625163818,-1.1511429281307972,-2.415220333985855,251.36590148084053,30.527684450149536
0.9844922231107969,-2.61241971296942,0.11909057170345516,3.1108091163326757,-1.593207359336064,2.4866653116566395,1.9524180889819718,0.5859439255194054,-2.082379752245859,-1.0103298384251778,-3.6473703599902842,0.5563134485068142,-0.13817140405742556,1.2376209412662904,-0.6892562038002747,3.704202322728295,221.0973929964451,31.21770477294922
1.3006797819288067,-1.568577222561685,-1.9502446342320132,3.0198489036726253,-2.6104835178765557,3.000843457432066,-4.018860589933741,5.12,1.6762734919493187,-0.5346789053957561,-1.0778036210534712,-2.8969443407138455,4.304357871369606,0.3594398878650047,-0.6229656650517166,1.701017837389271,260.40794776812015,31.86776828765869
1.7528034355982678,-1.8858066841795647,5.12,2.4620753106507767,-0.05253695748163434,-5.12,0.4458714952057381,1.26487355499982,0.6041654212533611,-1.8232185487099253,-0.00920489844319139,-0.04589140961854277,3.3226065076312983,-5.12,-0.12135666788990651,5.12,248.94113135955502,32.93288993835449
1.0104678604950337,0.28124363008074393,1.613488391324581,-1.4458069693991904,-4.69130082622313,0.16446795933317038,0.22889564310193844,1.015621097863983,-0.2785571764556831,-1.2041271769849682,-3.038364554720558,3.3003346183752322,0.380738093318322,4.615046088099644,2.7747881555606027,-3.0153018643164327,240.63007555866233,34.08779311180115
1.0082613538026148,-2.5092454581879013,2.298443571175392,2.8958690755093626,-0.6907542967892679,3.922238293045152,2.0377240958864524,2.318805361919072,1.5949370418445241,-2.0171649834344767,0.17616076005794756,2.7387679570070373,0.36003203789364235,3.102332810980033,-4.8548141973368635,2.1553203603964413,224.03081583914414,35.147499084472656
0.9906825912416366,0.8787133104894904,-3.8785844331326325,4.036850073883271,2.2616280534459285,-2.238503331042641,-3.190593993161567,0.20408905834839164,2.990699740418406,2.8881365331720152,0.20593208811589836,1.1318426191009179,-5.109343996738757,1.0667537113180785,2.6756357592949485,-1.287822076126405,190.335465302803,36.00794315338135
0.964496369460278,-1.0050459169411567,-0.6443449446036906,3.8460972190815967,2.1913447310788987,-2.1238553220184038,-1.0681180230229286,-3.0497157598945575,1.705676439212854,5.046123704302119,2.3246933210528757,-0.374815417685344,-3.7050114331826673,-3.9518443479740206,-4.5840272256974846,-1.063629097565709,231.12897373055372,36.747846603393555
-2.62950886045036,-1.7022005747196216,-5.12,5.12,-0.1556389925336168,5.12,1.6223053774666676,5.12,1.545399094871195,5.12,-5.12,-5.0562935359757875,0.3820657728888328,0.5957948808273077,1.132600174591036,-5.12,355.2175163566071,37.818028688430786
1.0271028603780898,-0.1500611199494326,2.920492556394122,5.12,3.5211951020142154,-3.14843121129545,2.3967102586845916,1.1964186541680863,1.9663342238912014,-1.652042039528483,-3.797692549213143,2.3471885322017263,1.6215374844795738,2.716100656760802,-0.8921113277868411,-2.3433505278641222,250.81086302846043,38.70791745185852
0.9886506216240534,-2.216075962657917,-5.12,3.8260954862194803,-1.4422673223804408,-2.7481672808905073,-1.492755299089704,-3.0427053942676294,-1.2631888717066113,5.08867039418005,0.38953610214439127,0.5235658359630921,-4.0371963957810655,-4.2750866800869085,3.830824777829485,0.02441719994344549,277.872303488927,39.817903995513916
0.9124509710466988,2.9987989645379747,2.461700034775342,5.12,-0.06094413096427331,-2.6960565928448688,4.550652903133403,4.245667587081566,4.122510391286631,0.45606482412763594,-0.8995295179324492,-0.3220349253707555,-4.290700093943442,-2.8583377783829857,-2.5762297937117733,-4.314655449575567,313.0313488400731,40.917985916137695
1.0663732893621134,-1.0393581145604518,-0.4819490970122162,4.895286603639554,1.9705113629938147,2.3564528409699186,1.6044828173230137,-0.036455478460585056,2.074925288283602,4.7463191228538895,-1.3610229353305265,2.2880382004028705,-5.12,-0.34508099636591893,2.518155223648625,2.790362277254392,256.41668347666194,42.048015832901
1.0738103125316476,0.4340748955984495,-5.12,-4.648965940295097,0.27345853972695444,-4.200539084874313,-3.423707729631994,-2.416753467154253,3.538031595623356,-0.06922978436705574,-5.035081987136835,4.905579645727275,-5.12,-0.533749819054548,-1.3378167420291711,-0.9965598213345315,330.79808307474127,42.8181791305542
1.3000796212540386,2.2311234520586662,3.262204203109671,2.8343685210435767,3.253320137651026,-5.12,4.1784562293218945,4.611786727269236,4.5223139478822665,-5.12,2.0442637517651345,-1.2239399903321324,-5.12,5.12,-2.7876089498253704,5.12,360.61136314926375,43.87801480293274
0.9629829060359842,-3.9107586687345792,1.4093276932609786,5.12,4.965522325674354,3.766075476028292,3.431357489430453,1.2524220926111234,-0.4487597807574799,3.279805963311852,-1.3973172508916214,-2.5963677180348226,-4.873942353830788,0.2449841270201425,2.6349961995843243,0.11905289451429013,307.9267305416325,44.91825532913208
0.9924382372044933,1.9450382155192782,-1.9234872224676733,2.8568130573853123,-4.224569114372914,0.28789067066269247,2.591903555925823,1.1212344487592096,-1.6448564194043862,-4.310447628984784,-5.100770244960131,-3.9516504312555916,-1.2740114583687392,-1.5715816278881802,-3.427719145501567,-0.26867241080566373,261.69872463654434,46.018304109573364
0.9823882252401495,3.6843706404832686,-3.370966493736721,3.079606418739746,1.126386330821588,-1.5045225494762495,0.7865393236864131,-4.208065608858386,3.675755003851184,0.8742911709848746,-3.399782306421546,2.802440435062744,2.3533136327283213,1.1767425969484542,4.856185983600393,-1.841974400985448,267.3791161128958,47.0884907245636
0.9719132287289236,-3.6581486456614276,-1.8583531780803075,5.12,1.6884034603617275,-0.6622756526468416,-4.056959778926974,0.18572980583098353,-1.719283455551941,2.2109372186957215,-4.167798394926084,0.9197720889477914,3.732134281296301,3.2099031120461925,-0.1386235056397691,-0.5326025965958046,239.88773935358915,47.84845566749573
1.4041844504551442,1.8291069652528442,-5.01461199617347,1.2280005308342155,0.8475705929611408,5.12,1.4766646375717487,3.5868390060979136,-3.0476139590905724,5.12,-4.2805119998625045,0.9358787202508294,2.911342319537602,-5.12,5.12,5.12,318.80907832872117,49.07833218574524
1.0221605166690892,-3.2293471623570467,-2.5722545223660247,5.12,-0.37687499925529,-4.268616874301597,0.6721800122318982,2.1644513844865196,-3.651226989046062,4.066353802403579,-3.0557314171791763,5.1049881117919655,4.568673198172507,4.57783815527342,-5.12,1.832718768534427,347.9016544614223,50.6137330532074
0.9997174931185722,-2.1043546181878283,-1.8232659381305116,3.5094494217510848,-1.326456436676232,4.320750692150653,-5.12,-1.4905787836772881,-2.7101272532243246,0.816238873146772,1.1194773378982017,-0.27875159892253887,-2.924810688155382,0.16550897481335003,2.1253580971000323,-1.4288510923801265,234.5590616372686,51.73877692222595
1.0303310851541516,1.022318830703722,-2.5251678408969473,4.2939457337193785,-2.309108829923787,-1.2013972601043155,4.860067557079208,4.497838922538343,1.923156359571201,-2.3475111200561725,5.108170661989358,-2.9190869167078235,2.791745999041173,5.12,1.3564063511037805,-3.916234218010504,297.7308156956172,52.988863468170166
1.0478124621227813,5.081115753000412,2.853375966546219,-2.857135385093906,0.6573181681949105,4.050511181446423,-4.246457304924154,0.7671900154368849,-4.682991923021755,-2.1582697963793356,5.069315265474324,2.1856829004822256,-5.050705190274142,2.7415045660927717,4.002547342860891,1.6293162771285328,285.1327040780881,54.09877848625183
1.0602119087181556,4.287377512821217,4.137176842622689,-5.12,-0.3931662395043336,4.906811671073499,-1.04471582319555,-0.3270374016097204,-1.9684414813520816,4.008778684887644,2.8984747040314796,-2.7426901189909825,-4.243317744179926,-0.8237307355281684,1.292539979357107,-1.3587429675008686,256.8148327707948,55.448869466781616
1.0649426501559915,4.528325962006934,-3.065762890646378,5.12,-3.433192891927539,-0.7872304860068429,-2.791951433184184,-2.09201885451718,-3.1427662520296114,-4.338580848737045,-4.566408770271944,5.001010677642985,-4.839852776473366,2.894998786138548,-2.1557722298222437,-0.9869011410251449,303.2558450979933,56.85895109176636
1.0095218480676706,3.0706416714687057,-3.6402838896206053,2.6994465832130796,4.063923547711757,0.9772734502575373,-2.0519245742599175,4.788588386125311,3.9036099889555276,0.5970570330995546,5.12,-0.9901968605014666,4.087373207256754,-4.198012572234254,-3.860045524025284,-1.2529128186640217,253.454786954775,58.378976821899414
1.012918987452255,-0.23683057654874062,1.4655225138965626,-3.199090704234934,-0.7967239987990835,-4.230159620184397,-0.4766270563168451,-1.58217116481516,-3.010090695667389,-5.12,4.797905615607752,2.563132284170603,3.3007122215835265,-3.2304392564069335,-3.1821607327907406,1.9771195086786442,282.09816929671774,59.77925753593445
1.1094917946101557,-2.0960299020260784,5.12,-5.12,-2.4152561483381088,3.7776326880389997,0.6893065405136554,-2.134481870469485,-3.706213386221508,-4.7683541511701,-3.1491511337474476,-0.01014893943166495,-3.535197116884528,0.9424069277976548,-1.095175795825659,-1.1612758939153576,251.46011350035334,61.219332456588745
-1.0741914879810688,-0.2013487359499928,-3.8081037452312425,0.09431756592837015,-0.8082988197693348,1.3035488025778879,-1.342102561312215,3.6827740051793567,-4.138759452720055,-2.75840131973144,3.1870884032395006,2.4239183397658337,-5.08206867962263,3.9372259984035862,3.259472074740656,1.021222345551223,243.48816212376698,62.79941654205322
-1.1271505209897668,4.299563126819957,-2.7220416766065076,-2.0666218961022573,-1.893719786968854,-1.7669866179734495,3.7373994842743885,-0.484369348847828,2.9134024016270734,5.12,2.626534004911491,-4.471104309547166,-3.174911793086756,3.0550031291950797,-4.268535368915168,0.7430251673345705,291.29049347742176,64.53924655914307
0.9850631347189411,-2.091732593187363,2.6106356923825116,5.12,-4.3989052530741635,4.450889818785677,-1.2651124842503783,3.8174279991532734,3.1218517900764864,-5.12,4.518240516062483,-1.1714722283804555,-3.6266134096186557,-3.9941871390867156,4.55075774204433,3.0258781090984934,354.2240127248757,66.26948547363281
0.9858143374406403,4.100036677236264,1.0999636279487648,2.463869669346642,3.686805187767294,-3.2408056357374804,-3.286142732754574,-0.32251898758659436,-4.639259099460632,3.6082432564337017,-1.7169063894961987,2.1862772773781494,1.6547463515789689,-1.6469486997051614,2.3310140914990063,-0.6441576216261868,302.2358788646016,68.07967829704285
0.9271907165302098,-0.9906469690550903,-3.747964353839048,4.412839699970182,-3.608653433216943,-0.414905661556106,-5.12,-0.14589704099707568,5.055223675307995,2.893447099598432,-2.3074510243698727,1.4851358006734117,0.7946002961013736,0.3515941797680897,0.8886408115805766,-2.130092339624911,259.97501191703145,70.02481341362
1.0851653597039634,4.6555532577713175,2.6778833929311983,-0.7201691923725777,1.8554799830698316,-2.6807825344808336,-4.714973054244828,-2.779737465356452,3.687809809639181,-1.5254399704475077,4.567974602128664,-4.685226979719524,-4.981946941122381,3.337957127484832,-2.7221408762957537,-2.5131616688749268,374.94063802259626,71.71968626976013
0.9708500429084657,0.7341297497632704,-3.1780874495538844,-1.8814218889873682,-0.06425196156958535,2.8907545164758366,1.6979487774545419,-0.9808331062862399,1.6371131602828406,-4.77930377598985,0.7777481871034375,4.311890060717391,-5.12,1.9987505874427827,2.7657439510847777,-1.1418582614570933,209.1864656261324,73.57979726791382
0.9774491013607802,-1.6014251304397762,-3.6446010698834366,2.831595011372217,3.952619175807235,2.816170731828513,-1.2776249680641065,-1.994739352783589,0.7284627927228682,-1.9420006909458256,1.2747315653918907,-4.089998552495111,-0.312879572245496,-0.9837967260918861,2.596921288417649,1.4181884347751268,219.89785437720712,75.41018056869507
0.9730234283628922,-3.508116088889307,-3.907268821197664,-3.8307690936531626,-3.3098974149223883,1.805983674614251,-1.1135354637751433,0.41603003040428366,-3.401939934989713,1.352672370534763,-3.577689097166707,3.571149787381006,-2.2965005045654636,3.636947485020092,2.5630138841770496,4.782247044401731,342.58874668049384,77.26225256919861
0.9626231109213981,3.022584084509103,-3.4981537105842455,3.450173516935217,1.8700198951018558,2.8077022148659623,3.5978128851652764,1.870919822723745,-0.9071463193621518,-3.274278779829796,1.9220886392837748,2.721073616365051,-4.8423307894587655,-0.049692404075178054,2.775621971850467,-2.9781026834536255,235.12183539056187,79.1404128074646
0.990855268166273,3.5821570724907597,-2.551465429081608,3.2795225097525327,-4.200118442440174,2.145048923854411,-2.0878686931186974,-1.6797580505106406,2.235918548185184,2.6133334570453135,1.1344429879655813,0.565673498649164,-3.842442391469841,-0.04545516850605935,0.08674426236231092,0.24445068128153835,230.584276676554,81.29019451141357
