-4.920214926136798,4.6562413549821295,-1.2163294312222108,1.700727903308235,1.5016191474175296,1.2673628882513075,2.0107588631338187,1.0850129423099943,-4.739343925808157,-2.8251920494171676,-0.5764197743842772,4.388801581886731,3.8547250571358544,-3.294171376573539,1.5547527320368584,-1.9388995488454208,300.9149317746739,0.34051942825317383
-3.3144173617668606,5.06208332775983,-0.472879257509792,-4.064982096310884,1.6875955233074391,-0.4377586313557327,2.755321743460877,-2.962581393502247,-1.3096425437827488,-4.308418817650457,-3.174402724379755,-4.495221921445886,-1.464823410441555,1.4493990885854577,4.822340987618026,-3.0907332624455313,337.87281039804617,0.6605660915374756
3.889462262433164,-2.2030870039836445,1.1865037765343711,-2.1654260095328954,2.183331955763782,4.844365703285226,-0.9706728345915527,3.369680735880844,-0.7121445085018197,0.5840256991317823,1.616196351960209,1.3304098994651348,-4.392807826174264,1.5353025642091742,0.35702698426508395,3.4799065963479796,290.5426845163336,0.9007432460784912
4.314254923928051,0.7130381378099813,4.0879797835033065,2.437134756089854,-3.340109132952146,-2.650163329753038,3.7038776689129813,0.48446863444166866,4.420874048164081,-0.09796670564304844,-2.234040652796019,1.2151532630909712,-2.1675611410657125,-2.7229238299193224,0.8832409749260286,-0.39444201337633533,298.61406102538683,1.2253894805908203
-1.8429483482596956,-0.16394829929566068,-3.8585938401469067,-0.4781961127608225,-2.4881250420537477,4.823081395387523,0.7869176377208529,4.965251310591101,2.369759724462864,-2.184492518152346,2.4466848207550553,-1.7320994456713579,3.506335765390765,1.567321294691209,0.12375766553869294,-3.19686843796842,286.1531948950265,1.590498685836792
-4.1324116072377475,2.190801754880927,-4.64284936154737,-0.6500676548908109,-4.768125629270616,2.9337244502685893,-2.5269762359832018,2.429175887673739,-0.0343264084385444,4.081916621581553,-0.18867270476207842,-1.0654338355850417,-0.31119224314249117,-2.5162476063502557,-0.7085060193587811,3.9925123528566315,273.41928841047473,1.870725393295288
3.924300921499019,2.3832437519035325,-1.2023367328226264,3.7672983560699853,-2.448889075536103,1.3806063493860758,-4.058706853756614,-4.718058633808425,-4.753983113423346,-1.2546863810408162,-1.0613162355248287,0.6014841931092745,-1.0668818001810614,3.0709720419335893,-4.114679366716909,-0.5617270776208088,283.2087142899123,2.1706748008728027
0.8596536587150991,-3.478090319739764,-3.491164022630402,4.412239056682611,-0.3433510203319976,1.406821442555355,-4.092831510236064,2.5502539079686457,5.103361248155722,-5.084406045800364,2.7470570410670074,0.3008401083100498,-3.5356270710678643,3.8706951337176774,5.078236462801679,2.5652748037734554,376.2701062237954,2.6508357524871826
-1.9044815515122302,4.580501989163662,-2.7483896760949365,4.3027476423847775,3.4755718000012417,3.3925575717688075,-1.5427467640145318,1.7412915312378194,-2.5894263528660035,5.040782513164829,1.4580949661556755,0.5237832828178135,0.6243789226156187,4.117312169883541,3.4969195815791236,4.575849811041334,393.3394818805922,3.047419309616089
-2.154182215044894,3.1071013904967453,-4.641441684842564,-0.6860122361083985,-4.7710277557602145,-3.321024598835746,-2.542067900389077,-0.6637376603057659,5.0987065592284635,4.304509504613361,2.9707069724416053,-1.5745255643258402,-1.2647076708480087,4.28409241464771,-1.6291756983926415,0.475861584735342,344.34003502123994,3.525632858276367
-0.35056903064210676,-0.5923033241261999,-5.067602646701757,-5.038707266758434,1.986007854854912,5.112031113011246,1.7193002716387733,-2.139981176334663,2.8067409881772765,-2.788277330527223,1.4642130723445055,-1.558126595121864,-1.1412723815685366,-3.257044821435211,3.4945005479497384,2.4055099917725764,298.3296675744345,3.980699062347412
0.15054983205989814,-2.147822014335067,1.2765583433608523,-3.003732643102079,2.293258043607735,3.034397388034214,-0.9106048324500051,0.15751357578143477,2.5843642072386377,0.8801366461227396,1.6142223988791509,1.1457061143562886,2.802899994543967,3.5270720639419286,-4.144880589934464,1.8453605112040803,199.2419659317626,4.422309160232544
0.9909802114460389,-0.0027246889366550064,2.9952253084783633,2.8614150674541046,1.9593196247084643,4.737927533404991,3.680882161534595,-0.42867665061422766,0.3181521976549213,3.856476267452037,0.3087473054212184,5.091080974553564,1.476783520145486,-2.948286922427315,-1.4062789701507956,-1.951446231295896,236.03624152051634,5.1008522510528564
2.06158839571151,-1.9052244450762474,3.295253926866377,-4.611087737400744,3.5022524949671565,5.12,-0.5971850969663954,-0.8766512910052278,4.029728551329121,2.5513490657608546,1.0923190384235717,5.12,4.753507092267577,0.9350182777525422,-5.12,2.257836991885589,309.03776196020203,5.755772590637207
2.278301703146708,-1.4428049275424826,-0.06302150837354148,0.8150570151827035,-2.200805702017326,0.09104075935529732,-3.196329795472001,-1.8714542938400198,-2.739705546680882,2.6998935457953284,-2.871227339630019,2.0065772266908377,2.3928020546925586,1.7527095798539465,-2.4569961147120774,-3.4917512623421985,230.98193621189026,6.27097487449646
-1.234621896751118,-2.830069296941264,4.303998825000201,-2.4211492331843956,-1.5383074541007398,3.0321491592553,-0.4636349142826557,4.487557174108724,0.6017012180153856,3.7733379809651355,-0.5547309741183089,-0.671847580240108,1.7816968425462258,1.18713944839957,-1.5789842497694941,1.0367734217063989,289.23769839574373,6.921077251434326
-2.3871869722833483,-1.0813606824315647,0.6515947168897176,-4.693618166164883,2.215364941080497,4.217803819065613,-3.319818053342125,3.67019102994118,-1.5951211818279245,-2.1156015503936545,4.4620219874129985,1.6525165660943317,2.6955919660618646,2.0147915169586135,-3.3358855658192006,-0.3358301247232687,321.68565809094844,7.550811290740967
-1.5478854719010298,-5.12,-2.4797444468473246,4.036806236788659,-4.7464284233777585,4.391320304262371,4.294947558914095,2.649586037490775,-2.1139896204615263,5.12,-3.528464439100625,-2.4619111284248145,-4.4199251196579965,2.4560915687525453,-4.738869637426339,4.231427764930417,435.21304049454926,8.271008491516113
-0.5517823963804531,-1.8453494218188218,-0.8333516733844748,4.6447985112872034,-2.6898287033389456,-2.6154154009574446,-1.4613994031009607,-5.12,4.100336938964047,3.3802228058810018,1.7587791292151618,1.1760909386142693,3.7694711117507085,3.050408173331145,0.603524068797543,-3.1548917110542964,299.318009939865,8.95085072517395
0.08963838492380205,-5.12,2.5013045859711847,-2.803967884319046,-4.712073978112715,-3.7108091841902024,1.2983401182451084,-3.6722878067309925,-5.0642937944075,-4.334325375702463,1.7176659100682619,-0.2981575341237903,3.376817927303141,-4.548332156359124,0.44439100731734715,4.904967753870047,377.38994942719154,9.605915784835815
4.249738468596777,0.047290029763891184,4.06645722429987,5.12,0.6844478333128583,3.95799617653545,-5.1185340707673115,-4.756487415828552,2.5375460411752337,-2.66177817485979,2.539642779914357,5.12,5.12,-0.8950875487633354,-4.709803788658997,1.1667172544975033,342.7944086220866,10.311140775680542
-0.631863929830561,-4.539098779244192,1.917355091338031,2.6346754159248302,0.967387351716086,-1.9617786642688895,2.365186901503276,-2.471172474747703,4.490490697235429,1.075852545115814,2.2093300524936526,1.4005139567757654,1.6081789449905806,4.189217131605775,-4.467464578190877,4.111513401453592,317.5054994054931,11.001305103302002
-3.6815016719838725,-0.4618928220655256,4.195880126388611,1.2169197426552953,5.011106256845102,-3.3997506764130936,3.8111096928025914,3.0407141787677157,1.4426372164850356,4.775671023088706,-4.655385498480654,3.254946861469695,-4.227157991080195,-2.097460917632757,-0.9788725756714278,-4.093070396178195,329.40058523225963,11.89152455329895
-2.254953937145312,-3.2734295393783857,4.8770356360353455,-1.25015305726617,2.410697013467934,2.1906405823024917,0.6732081871174751,-1.4529940402481136,4.713051317081944,0.6588899462494053,-2.4653707038123334,1.2664402680377158,3.8124273852285677,4.74891241164945,4.061490562844797,-0.6234919242285137,324.9136680851769,12.501345872879028
1.6737387557383245,-0.7014620739540227,-2.6927748458477265,-0.9405321387635182,-2.795234332343274,-0.9342106845826628,-0.24155026453702622,5.12,-1.2829449944053142,-5.12,-5.12,-3.2977238079763396,1.6282646083106602,-5.089931811302129,-2.7133972969752986,3.690266819857963,297.77030575560997,13.241366147994995
-4.323125380194254,-1.5418215674218971,1.6025782232641452,-0.8904677881761272,0.16694134301026597,-1.8222801912720157,-1.5376697065904983,-4.568292625515877,1.7442932890608338,0.2889549897499899,-5.12,3.724953754315181,1.0434556288871057,1.334832991302192,2.2340159618471125,-1.0069840383737452,268.4234059471459,14.531383037567139
-2.4797129821165043,-0.6958398218205044,-4.916866320190133,1.1659776644418995,0.6528176460703969,1.6904247578423783,-2.85018961898708,1.605020315367037,2.4811070368784485,1.1116167373952424,-1.1030526753419352,-1.5190494767953449,-4.20298823492925,-5.107463763187463,-3.6058301662653953,4.7147452492010045,310.5974524959277,15.71122932434082
-1.3783660244847833,0.7014232668462173,3.11471937603316,-3.5579381003701656,0.57666692324569,3.8797158999828634,3.4104370288878423,1.7354391929206123,-3.5517421374086755,3.4416688798281294,3.1548480319794523,1.9526618276715126,-5.076078015494412,-4.552470499134513,-2.185342704314209,-4.091218152443337,335.87418709760755,16.411688804626465
4.876159393126092,-1.2580447672087565,2.9071756265555075,3.54113834132541,2.8654362060538707,-2.8618555778327806,3.8108632862318936,-3.384950688620407,3.4515983912658177,5.12,-1.0958967281448437,3.835668546669452,0.7217408212384102,3.8546220398847906,-3.3410388546817975,-3.7816225299483612,316.97117972893534,17.14144730567932
0.2781659160649568,-0.8613616687723997,1.301004582038523,3.4053866740072314,-1.9702871482804203,3.785872885624056,-0.89375704149254,3.8197405195790095,-0.9763329068708133,4.657357068716194,1.6139975164645186,-0.04432980756934146,4.852642769608717,-3.0011425235781597,-1.6216324061952583,-2.0882316189172485,231.34852683286852,17.921672105789185
-0.8949198899519546,1.2062235756611601,0.3609660778464452,-4.925182870974576,-3.410506603591342,-0.8588521843396499,-3.5376523769100467,2.7497104083225885,0.2993492148285224,2.2315674242209127,-3.680915996938353,-2.2705630071924707,5.12,-3.312993659859578,-0.8302902305563284,-4.872470251385347,295.4202717666261,18.81181836128235
3.0568370842611357,-1.390201768129169,0.14184097864341894,0.6947160031122177,-4.690423235616215,5.12,1.494214451663975,5.12,-5.12,3.315878442651271,3.9982138104573854,-1.9431918812322122,2.289473151609884,-0.2965807244513501,-3.966961763900861,-4.295068825388549,315.1725632329941,20.516497373580933
-2.956865886707497,2.3815222299445598,3.4509740646673004,3.2874391362625053,1.094713731067583,-2.5647393858962797,-4.869965682114316,-0.6469547813299128,-3.7330357812063593,0.34487829965971084,-0.106364968722648,0.4356861360252857,2.883808481893012,-2.595787310489248,0.3143626107625854,4.0448641269618415,287.62825958497547,21.393343448638916
-0.2190560354392126,-0.7552315202074551,0.4785061235061274,4.5396053576749145,4.169280955704255,-3.0610606661257505,2.3474033051359253,-0.27387462808319096,2.254360141032331,1.8650523526819196,-1.0128271781142457,-3.7904654986663155,2.69164687567251,1.0517722879198654,3.2695763483939624,0.9017263209644275,236.41008234698367,22.20670986175537
-3.8094672041573006,-1.8609432493988356,0.988496201291408,-0.4050344263279122,3.1015486047510743,2.2848303202231612,-3.895944127668171,3.408569980130463,2.254803274224275,3.2665527564790517,-1.3543613236646745,1.4948887298526063,4.44794879366994,-1.723838003446906,-4.695007186142897,-3.97344247182082,306.05179510828924,23.052119970321655
-3.0560956258514724,1.7711982775603303,0.4447114258396869,4.468815673986557,2.7261686736007134,-0.2601755333959934,-3.2951522812145337,-4.77474778545082,-4.359703520078189,-5.12,-3.8024673123786656,-4.745210540425039,-5.12,-1.454078923230596,-3.6405994518928795,-3.4977380605088824,396.469050757873,23.812025785446167
4.304690172205123,2.230866673148218,1.8892941276244999,-5.060850130481294,-2.2844343064181323,4.431786507827286,-0.5984506189463454,1.3805759280502672,0.9479513894527107,-3.681105770862167,4.675066508982382,2.97982780053247,5.118711910806753,4.575551651688577,-1.6013760255822462,-3.2848531588675858,358.5093629604433,24.40208601951599
0.5247924904432679,-2.1235682492366346,1.3160650625801926,-3.876623153231538,-2.252792755229033,1.382154082375167,-1.642833241336941,0.9463028033932162,1.201962440880762,-0.8792187012135022,-4.385028700357416,2.064399076867536,-0.2085808423121609,-4.123455470250093,-4.1154146119929855,4.08370374545552,234.7203117688794,25.221982955932617
3.042321024997004,-2.151891311892743,-0.056533847469869336,0.9882595957746121,1.7734892924354515,2.1530787792880206,0.4857306300655573,0.7819331895762396,0.5468187276619139,-1.80324274056873,-2.301986920647327,-0.04226453939592467,5.12,-0.02689167133896131,-3.0383484748018548,1.4660940048651172,178.70187710458657,26.142013549804688
-2.6956774931033243,0.7517578683080854,-0.08049595581699975,-0.4369645289307851,-1.3249340057193626,4.199947860158571,3.2816255415848756,0.3911926888731294,2.108489750804149,-1.425871288601722,3.786993240804798,1.3796778482492664,0.39731861724862494,-1.1881456406666984,-3.616236869940047,-0.4840806738916106,278.57745170767197,28.752196788787842
-0.36617941962123624,2.5640226654611977,-0.028387309349385603,-3.9725231024205674,-1.2975196059109426,-3.535402655676429,3.451692290442449,2.952178399315323,-2.9079966485129054,-3.2374405043195678,2.7335973774289,2.7422554895656486,-3.522131812723877,-2.498218894410749,-3.1105321187733814,-3.937213915212122,299.25834572754553,31.522389888763428
0.46033354616749644,-4.04048432231467,-3.369731280490274,4.071385723591386,-4.768131028432505,-3.14861037309909,0.6298409385958452,2.929817108395077,4.481128684425882,-3.6291407158658853,-3.3809018545137173,3.8262681797333924,0.5597088224517837,4.352914429803186,2.406420261120399,1.7946995180679313,362.6629215226598,32.302602767944336
4.1945805984139755,-2.4989918825618163,-1.5467018067494513,1.0572808984501672,-1.4362023553292778,4.028934045419031,2.712311331779664,-4.59925197360673,-2.3057957000397087,4.103404585657093,-2.587422728564433,3.627350147207564,2.700537624013373,3.2874117369100793,1.3194478637261806,-4.342289801369699,357.5537100163181,33.012669801712036
-4.296230217784698,1.2314984362364036,0.20546916492246048,0.5387057099043986,-2.760291926800142,-1.63446078177429,3.067534082647721,-1.178949936423186,-2.467081193630897,1.2814226740764214,0.030143492513587944,4.3225335851752495,-0.17942135722818442,4.989810896482058,-3.670749540603799,-0.5414211094870351,274.21649784634764,33.97250175476074
3.623202337664279,-1.9104290472816507,-0.02681291682540543,2.8796747567356737,4.762290662073318,2.2906691797066845,3.1862579003766145,3.041890332747525,-4.780138011792527,0.2498861105301886,-1.9913663777788373,3.9486236148487057,5.12,-3.358556487134214,-4.880597067129759,1.1597299266519823,272.25994688258794,35.122777223587036
-4.528217637286147,-4.083220170067657,-0.03236488744403587,2.4576478743542216,3.2049085898259664,0.19072063910498205,3.432854452766997,-4.217597677793374,2.820807570425419,-1.5586657507635406,-1.717894230832595,-2.41838116754381,5.12,4.936422112228853,2.87905813312105,3.3137651275351407,329.728668611342,36.105202436447144
2.8706704559894813,-3.2030854782183154,-0.15230972121515052,0.4542717637628826,-0.5104666886420812,-3.010256854007621,-4.41872787712109,-0.9931763805182126,4.617982960169701,-1.9133965752592381,4.546066714154475,-3.872736163894521,2.1863471282629394,4.068920283200897,0.23192627752490846,-2.5852054784463987,286.0017913808079,36.982675075531006
0.672751259766196,-1.4845900867510209,-0.09882466011926017,1.4034595280320605,1.1254773770834605,3.426767803640277,2.0752544407124995,1.8617092643259765,2.139150964189384,-0.7571165997531368,-2.5205145698252656,-1.1119144366567753,5.12,5.092434398783067,-0.7533329766545087,0.5504493107903112,241.49560485174874,38.03277111053467
2.306857769496169,-1.5816278658624405,0.08518134392834398,-1.1383550085688672,-2.7443706815479074,-0.3774301368098083,3.6519431254359462,0.23024429373908362,-3.31500285456387,4.915558030550504,-4.523781161998821,-4.843576847478123,5.12,1.1620581997453652,3.162279263065801,4.50550238352587,328.26587886175236,39.20937943458557
-1.6558451974693638,3.9980066490801613,1.259510579097407,2.4453660704188254,3.436978972892695,5.12,2.815512561935556,-4.2657138749623105,-4.01205526020612,4.658582737970819,-0.9670694350483089,1.875802673812216,5.12,-3.4748086623580177,-4.717034720378282,-4.430896960303964,369.66265168104474,40.13292956352234
1.889642525610797,3.5675955811742055,-0.10882537019168836,1.9701887914762146,1.5664172661551978,-1.8278396790245894,0.48697063035226495,1.0229773785327545,-2.4996805076831867,-0.6153396859227538,-2.3913243549204317,3.0894754811499174,5.1176790463174635,-4.757188631968345,3.217651115575703,-1.6707637482959048,271.185297757762,41.282894134521484
-2.316412277787256,-2.155262321480267,0.8528651934149654,4.3636990771026385,3.5766149253534154,-0.9120762667053288,-3.8843025888312477,0.6118860853932366,2.1017337483154996,-5.12,-2.9063356561569704,4.145374874345131,4.57766066371576,-4.434425467375934,0.7366285294790291,1.9428074610713058,299.2784799421294,42.3881618976593
2.0562772368327566,-2.5652884307316306,-0.11276068120295157,4.352390523344508,2.264572429606666,3.502916020636447,-4.696562808759793,-1.8868722073360185,-3.7283969910961483,3.9062098832870804,2.6695935433286353,-4.995932836881436,3.0111084205228957,-4.785355286553536,-3.485277239645911,-2.1976527718255614,330.2251781701653,43.58330798149109
-2.4967402894302206,-1.7395765576427529,1.1658895162937588,-3.7375492869052467,4.690392539173515,2.462214687697874,-1.998975562903,-4.069446769689264,-1.5126313963819307,-1.4237092495631174,0.9329087564007725,-3.057087576361036,5.12,-1.9317552884474845,-1.0171641237356646,-1.330170232060086,260.04875667442855,44.553274154663086
0.41890791998445476,-2.123826295280182,-0.10165314099106748,0.7370437528049987,-0.002025971059619991,2.7943324894618753,-0.1534578849933652,-0.4919380641084068,0.9274860353181369,-3.704824888782806,-2.9070619907247885,2.094006014159378,-3.8411773258486037,-4.793247903966041,-5.12,2.0904246188273694,208.32710170106404,45.823057889938354
3.214497818236672,-2.2697001054084125,-0.03785184401333286,1.1244082127968742,2.606706259952025,-4.175206408382529,1.1251751449687273,-3.1892395168978354,1.9011595269796313,-2.717993997904685,0.18985202696025816,-4.625238241187516,-2.8961022417000404,4.229345200542462,-1.4224162738093797,-4.344577992638237,269.1750956555948,47.25317692756653
-3.814484898515608,-2.162965999785736,-0.1014555238559236,0.9802023206988721,-1.5800578934849563,-2.9960327248939453,-4.0934588183451925,2.090761290972286,3.5686154209448935,-2.908118212588913,2.709783460224359,5.12,3.7106811584623385,4.992711031947446,-3.352317040975448,-1.447814879249977,278.33593477202174,49.213481187820435
-1.9283319104747383,-1.8193343528882857,0.4596284071566199,-0.5828523644416279,1.6307155706240204,1.5063531146666636,2.3229108527353777,-0.031352585290086665,1.6586227710330421,1.4415309899602198,3.5787620415527472,0.7816799225604676,2.332347628256019,0.6437562758169166,1.7309147248874952,-4.093170819851019,263.89460931376806,50.793692111968994
-1.9935598871949036,-1.5350845954425045,0.5154968195377512,0.7542948798756468,-2.3518598175824286,3.4736402354727725,-0.5067202061412717,0.1340139000041587,1.7929954083022492,0.07964283825450025,-1.400492669479969,-2.0505087097975747,3.0221450505014245,3.781879469548609,-2.96753935824411,1.1103127043383179,214.30230965448155,52.50375843048096
-4.543088601536637,-1.4384395505367982,0.4151138420723761,1.0941957503976756,-1.812571875230657,-3.7433170515694667,0.2716957913282867,0.35869262289198467,3.423850512974888,2.149171480353896,-0.5892705154829097,1.8791254246040445,1.6246406248056031,0.7157522413375519,-5.12,-2.0695879246162776,275.96175709380975,54.16370630264282
3.853784368444713,-1.5396826920358073,0.8756135721436191,4.982555856230008,-4.077232653907946,5.094992775011767,0.9857935797720145,-2.2518313470092512,0.11253126489997367,-2.95705237835784,0.9157565927817579,-2.065225506405335,-1.7192431342920975,2.23227055466326,-5.12,3.536660618163741,239.79490027356064,55.5885534286499
2.776141273734348,-0.6799947936439681,-0.27209223095169843,4.165477470133216,-4.652713336357801,-2.4664357905744323,-0.1615647534086495,-2.81702600388845,0.23156966360526887,-1.945866793699806,-4.424681182996351,-2.278819422803159,-0.4011245093335498,4.775533764774965,-4.523135706046354,3.766849279917923,328.10051661566087,57.183777809143066
1.3546790499944708,-2.427658063179706,0.41815543142574274,0.5538187592703654,2.154622093623882,5.12,0.8481088876367266,1.2200100937080762,1.870530401530866,2.3292976500073914,-0.09265886305685544,2.8223234795841767,3.8589204962300885,-1.7763674621869825,-4.930689776164488,4.0770675357035016,249.08686672457597,58.738487243652344
1.3461185508759828,-2.593311453795381,-0.11101520158282163,-4.605720317736057,-0.6215548900460313,4.341934110038324,-2.71255403727877,3.704792243560484,-0.4381630046191285,1.9621418409807667,-3.5850688225555944,1.4783797624147033,4.859519346570413,2.8734164637182706,0.13019250924114445,4.348327597248693,335.64974030152473,60.70386099815369
4.083232459311875,-1.717377239434207,0.6910538512587765,-0.17021814797610713,1.0919434127450316,5.12,4.676130660640898,-0.3055613117356595,-0.637957399366706,3.3429643168630436,-2.2933794305100923,0.8081119819322202,-0.9725426119634166,2.275686650974027,-3.9465344585033124,1.6914433672903115,252.98657290880826,62.34488797187805
-4.467964870828123,-1.5503496270443748,-0.008520798563016463,1.4990885076397387,-4.006919831484741,5.12,3.662676129290058,-0.12306070805072888,2.749129932713344,-2.315023382605609,-3.8147018608203282,3.220104164713937,4.608863770989816,-2.459095204152383,-0.8573625190279612,4.2973455895067145,337.05076735548727,64.32418155670166
3.0487167268196655,-3.4186518200278853,0.33349677134009337,1.102612353043443,-0.7496827176418819,-3.360281876894661,1.5588560422840052,0.09539342955092511,-1.3018486370478017,3.693605811054291,-1.441340716266172,3.540584432326086,-0.11723713379388112,0.5220226372461267,-4.918021578299886,4.744439415415415,297.0320568318076,66.33459377288818
4.251850159950522,-2.0444817692433697,0.4278608025027335,-5.12,-2.5632785644796856,1.9832786648745984,-0.981950026871921,-0.8544149739688152,-3.2532607001494487,1.0867587348104033,4.822293767794487,-4.671948084825487,-0.00839804351375495,-4.28007527723441,3.8244191385166664,2.9574868842445463,264.55225894310144,68.54442501068115
-5.12,-1.0574900263596216,0.22387624249363647,-1.1044450506759809,4.037072034064967,-3.447192790638291,0.6546071858413738,2.661055297142987,-1.8852066960643445,-3.1991683912701303,4.4844291845699695,1.822446062639533,3.3432938083072328,-0.6815621768895985,-5.12,5.12,300.0787993206254,70.00450921058655
4.706275684232112,-1.9655153651446926,1.3795430699581264,1.0886326570648723,-1.0642530615528356,4.97636972717041,-0.44322905165596893,-0.5756116384609964,1.012632089539645,1.9286115122185583,4.647963239299492,-1.6342975038424026,-1.1944078811137921,-1.9040988450346203,-1.3720607467014094,3.1057476313812087,233.08295273654107,71.87464594841003
-2.0314001226917315,-0.3269829316163477,0.9981765169173977,4.259767841729805,0.6252544438163845,-3.6976176655413484,-0.4487877975405805,4.356495936583751,-4.1774535225076015,0.2584251739935839,1.1710941163752118,-3.6672963046571168,-1.5602574710814245,-1.4263883161199975,3.323843129386341,-1.6708931414131936,302.52686430195246,73.62477922439575
4.504565423373044,-1.9596386634251708,-0.600679438841003,1.078475708977459,-0.9641137724488109,-2.406986772797922,-0.1623120803173812,-4.715288138644594,0.6101017538051998,-2.9773930796901547,1.6201542570139713,-2.97440789490996,0.8893453574100043,-4.5213681154733045,-3.608462858039125,0.8915381693062603,262.9362833364016,76.27002120018005
-0.1914132003133444,-1.5930569096264642,0.5764431156002976,1.7959402686768753,1.4176192663064766,2.042098194112598,0.16592334356990968,0.01361306288416042,3.6139495003668296,4.127824178719259,-0.01753336179219378,-2.8420265160349323,4.058084562317535,-3.476757286362167,-5.12,-0.9374108171365387,230.1831078583376,78.11482667922974
2.871376700622176,-1.8616553668354077,0.9107713743297277,-1.0423499125061264,3.7824340976366093,2.0465331813098135,0.19899022167533342,1.1663890456799093,0.9174583283821711,-3.5308393252704042,-0.4823236313568673,-4.136982582481419,-2.088463442495056,-2.969201264950482,-4.390752212129704,3.1547320994650194,203.68144793885511,79.19506311416626
1.2228519034548047,5.12,5.12,4.271397366709405,4.742621090616924,3.700085949032185,-5.12,3.0414902421103642,-2.1274951601394725,-0.29265067422848823,-1.8414997470408143,-0.6716536424928439,3.0527471242935915,-3.172214454426144,1.9072880384824034,-4.728049590305907,303.1561433753407,81.26530838012695
4.257746944936975,-1.4978674971981358,0.6821911196079951,2.318239585036853,4.970090465610803,2.2170983006799156,0.2067537141668696,4.754433966908656,0.8078504354151645,4.9302037344034995,5.10827734235568,0.9132247229431822,-1.1706166208705713,3.646579850521138,-0.5741887463174828,-4.749129774460584,313.1748306054374,83.75531530380249
-3.853046396797657,-1.721360603380134,0.2994312852281258,-1.4129320440099118,3.6383106558896854,5.12,0.026793338185386872,-0.7375306551651848,1.1180218848223866,-3.402445890011758,-4.83910220680274,1.5566951521153838,-3.5232077060818154,3.34156450049075,-4.045306217072433,1.9074976952880824,301.83157896321757,86.55553674697876
2.3519139801246824,-1.726832490911792,0.6070799206657069,0.8667288571250262,-2.2998195810251008,1.6301863319118786,-0.3964722751096845,0.15216713683652294,2.4489644474699164,-1.478313693929881,0.18022280665105317,-2.998947259907409,4.575067384941481,1.0489048097735658,-5.12,-0.3477002094453079,266.99472161990326,89.0867087841034
0.3336829235662613,-1.617817523402123,1.5193293189465589,-4.308247792153083,1.467370641663849,4.734934049465562,0.36810066037009737,0.6453795005735925,4.044264776293555,0.07070572969316125,-3.4116823378930263,1.5933993147673542,4.902649200228956,-2.2806805276629847,4.8032669204032485,1.8331972976414557,328.0756623188294,91.70575833320618
-1.5320782953355612,-1.9090890569394068,-2.8335467880738103,1.9853955373262862,1.2088955677051487,1.5816045443958293,0.541596512285258,-4.130142508198009,-2.244147954042842,3.0751297165785187,1.4385911617705052,-3.4634868745330136,-4.568458893009251,4.895803742182065,-3.9830107228849436,4.6059545975713325,313.95786762408653,94.24095702171326
0.722652897769283,-1.8795254244494108,4.7360671827059475,-1.9630758815492664,0.06882782162460899,2.4535103682120996,1.4806581906895273,2.3718159761395246,0.6389432473431622,-1.5475154725627425,2.1232926993612216,-3.268077415847585,1.3969632141707464,-3.8837328039925643,1.3117767492094652,3.2500267604053485,268.71011151626203,96.96636605262756
-0.553832247551977,-1.7655351284904675,1.3087190906609019,3.3559953513261602,0.7051206284900138,1.7574557317770143,0.6516877632792841,-4.772769971491912,5.015667646661348,0.36581116797552227,-2.3216494027938195,2.094727234672227,-3.095274336970079,-2.8056534203564367,-4.2346609582500365,3.927566668165686,285.13128567245724,100.08637499809265
5.12,4.008110644405293,-0.15215335530038754,0.6983705316203483,2.331745790660279,-1.2711493176156115,2.244597569361418,2.547730488525308,0.3370382613224079,-3.3095894297116777,1.0399150554051788,-5.12,-4.32114785472652,-3.6916790225188088,2.2715976867474748,-4.263125526486925,312.92880181585724,103.44630122184753
-3.77153763940317,1.1094133400149442,-5.12,1.0591852407635933,3.722161452152773,-0.3191724151629929,3.186154370660163,-3.092218915496048,4.399901580328678,3.494293911922404,2.7489260673812614,5.12,2.9667717156211486,-2.4158797072823983,5.12,-0.10035364406494107,305.00240919279275,106.9867172241211
0.8067839191739585,-1.9294136660700514,2.190592826467893,-1.4914163593014527,1.1371135174648304,2.001816279320601,-0.13594518874928418,0.7580822235587865,1.8071587681372288,-5.0331815548450916,2.1177646833598294,-3.909904821826336,-4.528247717413596,-0.03213859872196423,-3.625069645386281,0.08863232070110794,199.0432220912354,110.92702054977417
-0.5338150222673042,-2.177530808923172,2.516154910071517,-1.8912143031462176,1.5827841315165276,2.128126454350327,1.291572158471225,4.339641020812386,3.198904921564398,4.514501655650286,4.281556709986661,-5.12,4.149050295692242,-4.217944187902901,-5.12,0.743761983901928,343.3016794156275,115.50237679481506
0.2737213272685519,-2.1209489166454425,-0.07066287399766935,-1.7971985549941638,0.6899914279243786,3.4870315638937983,-0.9947329527740552,0.5308841112235507,2.1326478943522957,3.1942299517754877,-0.708053272173748,4.831267005012314,-4.089017604534624,-4.994685109926635,-3.3760220576563373,5.118828676417862,264.1932942471009,119.73051571846008
3.067673309423456,-2.307337691566999,3.6686518243979753,1.1203123659109258,-4.009231734534494,2.7445591570404115,-0.021204548372149468,2.421849246928433,3.2019397056339995,-5.12,2.192989361030661,-0.47978541830319354,-1.1939591589670773,3.1743931508122367,-5.12,1.9941572589889196,254.2612949315219,123.80757880210876
-3.219200098392051,-2.3956600389692686,-1.0076977074769466,-3.5684126063325925,-1.909438028313248,-2.9026380484754792,-2.0903068295427865,3.7728966511641575,-4.467892489451569,-5.12,0.5792543376738424,-5.12,2.2822412325247843,-3.859442670919475,-5.12,4.726663740884564,334.3806674602784,129.4780855178833
1.1524165384564728,-1.7407588241930485,3.589763270634797,2.3307238668065464,-1.4259114278529426,-3.868748512278453,4.573941623320084,-4.433043728186715,0.5842398656515284,-2.9746668764444233,2.8408561981302505,4.151221395326812,-2.6017249317591213,-3.650083611386564,-5.12,0.1871906875645868,339.7394368096915,133.55857729911804
0.7683541204204491,-5.12,5.12,5.12,-4.828514172053873,2.9629494334927786,-5.12,0.9760046931005464,-1.096072972960779,4.612347968487737,-1.933680553613864,5.0088236801168575,4.845351091510021,2.9627290779004687,-4.603186317973839,-3.0835072366040266,322.2860962811687,138.19850158691406
