-1.8613060045800212,0.6336386810723909,4.7654506816657305,-4.50530081964253,-5.0900243557286045,-4.336471353354032,-2.917092398281811,2.240941158647461,-2.7775409949379943,-0.02037823587261567,3.3986111383408355,4.154292112084073,-3.6959419088606706,0.06757669735483507,0.7049847310632069,-4.7235994375129895,324.26804846388046,0.21978354454040527
4.989557672595368,-3.933451635246425,0.3193660233548572,2.481167347055429,3.956457166474121,1.8414108137612857,-1.4297273937107802,0.20997784464755664,2.96951565933911,-1.1841377405816251,-1.505689601877335,-3.3747297671556415,3.0408917271780096,2.4156385278476318,2.8948838537815407,2.902987542279585,256.1254447774132,0.46978139877319336
-4.206577395368747,3.3070725846751268,1.808030478873179,-3.5821363012570524,-2.845993012426186,-0.24792918469606828,-2.920720024734147,1.711675420680045,-2.7854531656542147,-0.14262268266727762,-4.14658644024296,-4.486191677457519,0.3983230845033381,4.4782261539893105,1.3026520168784694,-0.533051071324345,311.81646573339515,0.6416585445404053
2.9528982560570425,-4.00004823443495,2.7653053697504504,1.875371299167961,4.931726717566186,-4.567325242772987,-2.5774435233278865,0.632205358780535,4.2942008949192685,-0.28904076468003304,-1.7572973284206315,-3.7263633345214564,-0.09097512456179668,-4.357192239665351,-1.2435743327743012,-0.1297176588373956,288.9147403295102,0.8604092597961426
0.4581938757261881,2.800842638123437,2.7311643931799425,4.075850234582869,-0.9293958524377208,2.8741171160024086,-4.1170170565027275,-1.0185091087315152,4.1116126931539805,2.1039083542675625,2.8143210192284434,-5.100910759660163,-4.063492548094404,-4.474969713839064,1.0558181516249157,-2.5912338224564637,256.37446170169346,1.0479605197906494
4.176213980544412,3.3997849063155376,-3.9949213165982673,3.4824729637688856,-0.28188695827293486,4.338789801649004,4.9795852642394065,-1.0461365829813563,3.8966549829328043,2.1892523487965665,3.568174441943941,-3.067834638715794,-0.8484736110625768,-4.833295083842944,-0.15123105310025053,-1.5056978833680925,303.39276523036807,1.2856874465942383
4.863999303892972,2.8325583399332706,-0.7849914489237495,-0.43341242692742377,1.5462779033886527,-0.9790500832114049,-1.1617699439993818,1.6682499915845188,-5.099011818762496,1.3766556228781823,-3.9624661100564538,-0.708330371826631,-1.8967935631035227,-1.9613207603289373,0.9574481294362318,-2.7753877726636853,217.8530719876304,1.5825629234313965
2.65367531764615,1.6318659339766173,1.4851204393459163,-1.910751695986722,3.490403786255441,-0.963797170253935,-1.2173987201997467,2.4227309845057245,-4.134804878011968,1.0876509201078193,-4.212702467112503,-1.4310043530912702,4.618212881148868,-1.574751116487218,-4.239238585302229,-4.918090737289292,319.56445784249587,1.7700657844543457
-1.919347963662803,-3.851743163108913,4.370917150366748,4.002256918904783,2.75422336538107,1.4288364018022408,-4.295976244203829,-3.042166436102535,-4.987036624797639,0.5055743785891549,-0.23623280976419814,-2.724995631336238,-1.077493079905313,-2.48480727164956,-4.06391235209553,3.81035577901348,295.02337837139413,2.1138644218444824
-0.5983372462426466,1.378378921451982,-2.182204925068127,2.395681656351506,-0.10085847332613174,-3.7685352078434864,-2.052509040319946,3.2613785806257765,0.9777641892170514,-2.2943471793865076,-1.8225345645312343,2.518469267993396,-2.942494262334148,-1.7347678085772835,-4.135416232025201,-4.947864620042703,246.07441068967415,2.3185741901397705
-4.572783532256588,-1.7088673054109011,2.7776154695868547,2.1330999155143777,2.931830755968188,-3.803792746377149,0.01800112846319024,-3.3267564659079722,-0.2835634444252353,-2.641011989156959,4.141452437192512,4.7064595554639554,-3.937824182021064,0.03234611885301675,1.5469846377788574,3.1975884946326305,282.20895463268386,2.521697998046875
-0.8855758912687772,-3.1492604611685815,-3.572008468235342,-2.670974288641914,-4.021867433187193,4.51233723044743,3.573528683585395,2.53056652832435,-0.47290424825393096,-2.4291321826098393,3.5103711348011677,-1.652150044542298,4.096314772450149,1.8856106301372257,3.5982254094772967,-2.378914023667989,359.84822242462286,2.912323236465454
0.7830519532812854,0.6924319250209763,-3.7475116638341275,-0.2959998343336254,4.213311650623241,-1.3993214098126083,-2.0852447862750108,1.2379978984322557,0.14647686131801496,4.862995730523131,-1.6592162981172414,-4.388448864912226,-0.29053256176934195,-3.8835017539992043,-5.047078194985443,1.9053704754601135,269.376854700273,3.3498218059539795
-2.7287411410849263,-5.072568252016372,3.532615940992362,-4.444776631420677,-3.9729743143919176,4.712114136283671,5.0768374368582725,0.04044922079646529,-0.48199411490203303,-2.0337237067986216,4.8544418887282434,-2.0623650623846896,4.007094856500699,2.6968940997594704,-4.630722160928009,-0.9714720463863902,327.669740097169,3.5655670166015625
-0.5537783233862106,1.478368572595886,3.4765345141646806,4.5798023994991786,-2.158507640589076,2.022654107214956,4.571610676111713,0.14278567316368296,-1.2626059520681996,3.9407478577450723,-1.4785050749925022,3.870320564300118,-2.0054486577076345,2.1781022650010584,3.8007795049660578,-3.928539513473349,291.6108645955406,3.784369945526123
1.7662247864807004,-3.5942809468074763,0.3310242683019906,3.646133314756873,-1.5765324077147187,-1.6608171796085291,3.556223759468943,-1.7933998085699563,-0.30154246059453005,-2.9528433695193104,-0.3681276303416441,3.2141201462825864,3.7710907109327936,-2.974446196971684,0.6226757595063077,0.19213431708029027,282.9799242274813,4.003066539764404
-4.555692491645902,-2.9003133605508795,-2.914085323768191,2.02659520659979,-4.835964347881152,2.4206763148262693,3.5367039164428844,-2.0121940854952807,-2.5543602931606237,-0.9503763260795886,-4.907713592446454,3.2980473549303957,-0.11519634104417609,-0.5664261648040974,0.6521694403846645,4.128524272550215,289.037775470452,4.237443447113037
2.673990170889497,4.580840087004879,0.7550338760696169,-0.39853662971185244,2.453980322038432,2.9688839010957357,1.9941128819932805,-4.198369253048419,0.022988890342938717,-3.2529064286390224,0.7420865037031295,1.576826867096469,-4.4879620088837155,-1.1076399580335874,1.3608970350027292,3.3259735188242656,293.6779161373314,4.471817255020142
-0.5544801100244241,-4.43175642330347,3.5727814271858067,2.0141094281671785,4.488874900084849,4.573976776766934,1.0386496537149856,-1.0695775275853387,3.7601587213144123,-2.131067142456333,-3.4790360334454613,4.969842560928622,4.246575687848927,-0.0015665452784130451,-3.564743144089516,4.012413119433956,341.71945293001056,4.693877458572388
-4.036166473997031,-2.1200706980945125,4.910358641788963,-3.068212742799239,1.3431221044123802,-3.5847577486774513,-1.6870114581557534,0.17697741095309727,-0.10690243229303142,0.05676179673867754,1.9458495268228573,1.3478776986807093,4.5395154897599115,-5.069308631515541,-3.8921556699288735,3.5636546511795872,271.7889143414581,4.943877220153809
3.7929248016537693,0.8017586958958312,1.8020256078483037,-0.40327751569211845,-3.7731889172705846,0.6348051742912286,-1.151564208930405,0.35366121062855616,3.43859929946174,1.3587177055387887,3.9734244556705116,4.986601517290633,2.8199659556923686,0.8245714550635102,-4.473623543685124,0.6061108048386803,287.1423502688057,5.193824291229248
-3.16033136898921,4.856734308398029,-4.988932735996868,4.885718953996915,-3.573305097828505,4.739514543548499,1.8468374434767147,-3.7637108066127403,4.8307693348148435,-1.263227906023542,-2.650518125942702,-2.35176792427968,4.805087840785169,1.0556845317454249,2.1435963262404627,3.6240054469081775,344.4597149725547,5.428200006484985
2.706905345024965,-4.540366969200317,3.9538521559645323,4.065075780106386,2.623474737867432,4.24577945808536,1.4851489302372434,5.0880236493694335,2.208523694234713,3.921296697902556,-1.0414532844690383,-0.8751213460922589,-4.127534028725401,3.697414129417818,4.3075422674505655,3.7215552479898557,333.7209866187651,5.725074529647827
-0.5944159663981994,-4.954498168493278,2.083268027737531,-3.9570059095742875,-1.4403736354054635,-1.2026356983789754,4.906709793308932,-4.308548947826471,-2.749975782356549,-1.6527464506928862,-3.3472547430762605,-1.8343928609804374,2.2992562403090258,-3.931064980176654,4.047149285533268,2.5946765373159417,300.9164888946998,5.992302656173706
0.8987723542813368,-2.9888903725413862,4.7624767576681135,-2.8156424118546095,2.8557163915156165,2.908428641644737,2.8732938595727093,-3.140879005238905,-0.5208061176117438,0.36203254239203364,-0.7574834809608602,4.696804106603872,1.1913891189269377,2.2419128943425424,2.052502757954568,4.174520920715763,236.5753798789737,6.257917642593384
3.84517111266086,3.7930011183257486,2.7963061424980875,0.7378645778823003,-0.8638809494937956,-4.052952575450815,3.4111990566803714,3.6584459531364297,3.383757658576532,-2.835244340660848,4.515922796140582,-4.496762772752221,-3.0946178009933267,1.148899739155338,-1.937228500748649,-0.9503215872506061,292.2176111231078,6.507864236831665
-2.101494821055324,1.2224816849453157,4.471175036449716,-2.584698014221785,3.9279900297194343,4.0072045787656405,-2.781176654250715,1.5410084258325867,1.2727475171305391,-1.9417594670569867,4.83383423233071,-1.6174272180136318,-0.41190446750368626,3.054469042444297,1.2349524128492408,-2.7511666099733367,274.11154848244826,6.789117097854614
1.4096709375247398,-2.8336390215249803,-2.574203719376872,0.15452992146586642,3.401337651665721,-0.9259900617968189,-0.6966304689172009,-4.268935174891765,-2.5068822956161245,2.572956597277554,4.04289172876634,-2.0629853015616284,2.6999990757006733,-4.8250829363332635,2.2040266088775073,0.9893292662781237,273.9096873628673,7.0570948123931885
3.544316972095749,1.099569048371884,-2.6773738102449474,3.2831329028702045,0.20158648224841702,0.14993762521385712,-2.749495879250803,1.6690774648211457,-0.04751396198965452,2.714752421422455,-1.0987239090410696,-4.050382700578325,4.516578316744213,-3.1406461019394607,3.992752889924012,-2.9654165616431674,244.96399977026016,7.3383331298828125
1.1563516366437536,-0.29963112370138667,-0.06994304969131893,3.331734271055292,-2.435182851232415,-2.027238828588258,-3.2768492259069735,3.5350361835886597,-0.4811289321038217,0.458474823158034,-3.5283788829361606,4.164981391987495,-2.6663664207860616,2.294145780296308,4.719478048050848,-1.8393604098559995,306.89814825487036,7.603957891464233
-4.8819801662895985,2.174381815768892,2.5695152838843853,-2.6759158076768617,4.297920875115371,-5.009846870619867,2.0439340475185217,3.003222333293123,-4.858542075682317,3.382204191740535,1.2766907462803454,2.483415729608174,-4.835589323136443,3.042615654608606,-2.289213539730409,-2.1885788981881826,316.1758918438095,7.885155200958252
-0.32472336815709824,-4.136295747243497,1.2420552193561596,1.3633938029162778,3.007349391089641,-0.1972931117336909,-2.558272864864005,-2.08265295083515,-1.3988165362460387,-4.420553423750356,-4.85474571575999,-3.153956173785743,-3.544396321847066,-3.31824611759484,-0.507530594466397,-0.9921436634431657,290.6429882411639,8.204912424087524
4.531836099773838,0.41338785873239914,4.030497927202801,-3.177545935396616,-4.8798084212109565,-2.2466837879146833,-3.672349177325744,-2.4421086645814825,-4.959225327424133,-2.1749691026546585,0.5160119447282261,-1.8641038894261333,-1.7007663440668277,-0.1951973895410335,1.7035637125693688,-2.231701049677657,300.4863187403531,8.501787662506104
-2.8842011350263266,-4.027629342849923,-2.7826459467505793,3.516816611140885,-4.161561721913648,1.0075639040059068,3.9943020602391295,2.5663252692351763,-3.506012676302598,-0.14377068854892183,-4.971160759196409,3.6084452972976377,-3.7538500651019024,-2.285959053669563,-1.5542463618053755,0.9277355126018332,296.81181501464886,8.798663139343262
-4.889426600894211,-0.9713517933048994,0.658670733361947,-4.743345436710829,3.81694419512415,-4.372568616313851,4.568925389519669,-4.662780790675658,-0.5375364383139001,0.6534503731694761,-4.852153569187609,-2.2088176964669803,3.0298492029021356,5.113130843734226,-1.361006549509014,-4.92478813672649,367.1427442494625,9.079964876174927
-4.951601069401447,3.8639250174593824,0.30648637791707856,-2.7118625008544854,2.2612667166745792,1.8204569289156325,4.009479950669241,2.7970125273375084,3.819401049076025,-0.13314982344876736,-2.362555040567085,-4.746718308078727,-4.643960877828065,-2.6272658050483035,4.579083898475809,-1.0847857160425818,314.93672823955353,9.393800020217896
4.422127742356856,-2.2593403371374614,-4.399320625538127,-1.283660323416878,-4.7715169640510045,1.5768605527353179,4.72716516245264,-0.7009243264390514,0.13636853283186579,-4.431815118298982,-4.364362993860599,0.3888919326843192,3.8547973400711113,4.949058124085075,3.7014214949594537,-4.314590026396659,403.96421288385676,9.690674543380737
2.4498702679688487,3.6245154692177364,4.115545417055489,3.7692335621186244,3.1684510142840994,4.056653653851204,-4.837937582670244,2.918794151720621,-4.506595176707493,-4.810866354585004,-2.6907324315539696,-3.9244822142055966,2.196523929942626,-0.8652813862904623,3.379044196601048,4.068230108867261,337.24053528013155,10.003122329711914
2.9451126049230494,3.143377498425912,-0.7707502775912083,1.3341970411647415,-4.399351866711012,4.568665892145096,-3.6175810665001062,2.289120773973992,0.7861185863268529,4.600781268619676,1.4808972668206888,1.8362453509217005,-0.2186410722419998,-0.8471572132597736,2.8328753290284725,-4.465070429482214,318.339274293368,10.33124828338623
1.3725974009625608,-0.9660937196892441,-0.6356870792346623,4.089766634678591,-1.1847163962416571,4.092747381043854,0.6477823899259754,3.5962150410412486,-4.190909502553934,0.9813928882946872,-2.4572364580578285,1.6143801906652735,2.104331884540355,-2.2092748667669704,-4.981198680433515,-2.3170514686324366,262.62401103334037,10.636079788208008
0.23314661751328192,1.0364202201569528,-0.5623620805504537,-0.6712556863917198,2.2587066435529355,-4.018737310660991,-4.2284861705886385,4.19014222651822,-3.350724107241482,0.34646957616562535,-0.35799650304638675,-3.2257508788676654,3.8353748712525038,2.1239949843257957,0.8126485110143902,-2.833636459214685,252.4590284984316,10.964207410812378
-0.11549099852399003,3.5046978839707803,-3.890323899015515,-2.6418439638180082,4.459903283046217,-4.977475852827383,-3.9419787360288785,2.4235995530070946,1.9503880611571596,4.561701133927271,-2.801896606033269,0.46547847486488525,2.97930831717341,-0.5801315716481996,0.677361070993312,4.544675954517733,343.0495892747512,11.323581218719482
-1.7445677614985557,-3.3716557077114153,1.7142933924784653,1.4247795864440995,-4.800778729362797,-0.9469346620215084,3.8489874760845604,-0.7296808482389494,1.5110159558298077,-0.4839733942822919,1.8607484714747633,0.2635277801069593,3.943265087754779,-3.74311467850631,4.207451264682425,3.545958795846439,298.17870025725495,11.636085033416748
-1.557637932996176,0.9302200051959248,0.12600131880155097,-3.2236538241383776,0.03414868870350496,3.9732587273159377,-3.733134257034727,5.094967784838137,-0.33566122782865726,-3.664825180205721,-3.344663242678889,-4.752308074185603,2.3162342619087397,-3.7333699023232176,1.337446439806996,1.0994423806197293,281.65774667138174,11.980873346328735
-2.7853346553902254,-2.2718647966223644,-3.6184022548053747,-4.769370991628915,-4.260835762055811,1.5603418426460784,-1.21369301434871,-3.195062389148223,2.6610193280059455,3.100097099192678,3.568531024312308,-1.220159397495221,1.3194062170792487,2.9706075334755804,-3.384827957301261,-2.871346752175439,311.2701445744857,12.340248107910156
1.381275962017619,-4.919160291214602,4.678990589634471,1.9336312773113882,1.2075930063355313,2.2872281792394276,1.2269570514328203,2.3567066254885276,1.2549310513928882,-2.438026280711321,-2.966257261410139,-0.7208110227087552,-4.728379699148965,3.913275104161378,2.138987363042415,1.680390863723483,277.8525029031153,12.683998107910156
-2.564890023400115,-4.864835627087163,-4.813056507368121,-4.5735586780547575,-0.16880117819791263,3.2016894115665897,1.8382984390582102,-4.7168050340724745,4.343414952130499,4.313185287700587,-2.205243730213984,3.200416246402166,-3.3887633342939805,-2.139606668190408,4.938418224793019,1.3277991742879518,361.88103545681554,13.023164510726929
-1.3820755480351665,-2.056375588272778,-4.145923459857542,4.872087738803521,4.176810064432693,-3.2670310633316397,4.782161475836699,0.42378721837793165,-0.5821920444256339,-1.5198632501677465,-3.5293601255515803,4.591919896154319,1.3494900396363976,-3.085074430347658,4.05470748225033,3.2832955373574135,348.1917423254872,13.39816689491272
-0.09537242910185562,1.0622285365563826,-1.8376141286439243,3.200079965761552,-0.801304392477773,3.4925504811555763,-0.05074467322798348,0.03814668853625758,1.2219359246935486,3.572139634612081,0.3513739136405727,0.4369175011644062,-0.7752239544046002,-3.1570056350714353,0.4979491366194768,-5.090675534796508,217.5810428177916,13.74191427230835
3.0425961354339064,-1.9226097361520424,-1.58660419986062,-4.365596698778684,-2.034787374587716,1.2070210242716106,-4.367739324926696,-2.3170487055834252,0.7263232760898122,-1.0308727889037197,-4.930005295714247,3.1617409280856323,0.30737218933009647,2.90404810090111,-4.4918240587021945,-3.4948728136073837,289.1233292985322,14.092182874679565
1.3592439827300211,2.685646543345272,-0.32337419130366385,-2.0784791089823984,-1.317194967461833,-1.9452023776138554,-0.6293423127213069,-2.3531790985195102,4.195655689524972,0.4097390025315022,2.6167417343916908,-3.618614772254136,1.8831959602081758,0.0037099145903285446,4.059798347088086,4.073647192216918,256.97286754813007,14.498382568359375
-0.9567652413711301,-2.8333763389850692,-2.3126077378203256,-5.101170608554736,-1.2562895855242324,1.281046481902778,-3.3608059027585737,1.7648196398438438,0.7226209558014833,3.060617993417707,-0.734678637819238,4.518532656133327,-4.930831303724706,-0.9597124556584413,-2.6743162731360774,-0.6483936464388398,265.67050671187326,14.857753276824951
5.079441228701502,-4.990472537552671,-2.325528135372211,3.2166152848972667,-2.42161488090387,-3.3408821137387905,-3.2193888303933136,2.2605590247507266,3.9615857027669845,-0.8660394529019744,3.1936511323408086,1.9648863618281496,2.320218674989772,-0.3286283857712444,-4.64860029741166,2.160093897854477,297.9357302551467,15.248589515686035
-3.555249251534966,-4.050046461633597,2.402944408996058,5.063704454115125,-4.649607129025306,-2.10610588081072,-4.204877308691076,-0.2028912798951037,-4.496212754396419,-2.575389997098883,4.484788363343854,2.357424417644098,0.7368225794842838,-2.5101593901250605,-3.5370178803273706,1.1002481281443703,376.08093715114256,15.62358832359314
-1.8449690759211608,3.5871604132442263,-4.985207326148573,0.6819510127131165,1.5801608454497265,-0.01762058328480265,-1.225598618608609,-0.2617457124107174,-0.23819736710765405,4.934077763721173,2.6570445989245925,1.2879979650574045,4.422457528278801,-0.9602737419964305,-0.5624358116206167,4.208761396095151,276.23349821309745,16.0455162525177
-0.433348904517314,-3.4113325477777594,0.7556457673676338,-4.1735137092596775,-1.7388919238493425,-1.919773671339363,3.6252387509886086,4.605251329312362,1.9929076996374322,-2.221103767855338,-1.1829791747801086,1.3402288525835466,0.0585224970415803,-3.750472915866892,-3.6354255820167767,3.921572174409909,283.08748939629714,16.449634313583374
1.8465082737399046,-1.7361042443989452,4.4734002165207505,-2.4168581508567404,0.05928605091229322,0.603237270088032,0.9851567236456846,2.510462837382348,3.216069300487539,-3.216423279889984,0.7201908567443294,-1.2539787330305034,-1.0597467800374591,3.2678611980165515,4.94322922095484,2.0271207108221283,245.91212931351998,16.87150526046753
-3.1520372252656483,-0.488684086735633,-4.136847351277447,1.5050828090133077,-0.24203516466117225,2.8416769442601826,1.1530113485597075,2.414269040440801,4.369063451000023,2.7322106665103787,-1.138945960721513,-3.5291444110991503,-4.643381998443607,4.653754819512209,-1.2469952246498544,-1.3116549576898144,323.0365760213322,17.277806758880615
1.0676954717297438,3.6853136307663616,2.190302197932449,0.22927896999651942,-4.437161192490611,3.842897627333426,2.6337812330614465,2.1138595034385235,-1.7963963361086752,1.600100326308386,4.9481351623363645,2.286945768263921,-1.2681059032112114,-1.7585404450468882,0.4248106611318807,-3.615361935001099,286.6393282542924,17.685163974761963
-3.284000599836906,2.039848309836226,-1.2083815834768665,-2.604027762452751,3.417576927000021,1.6073227851533929,-0.6623410930302018,0.776539017282726,-1.5582351988762042,-2.1357379311089817,-1.7805069112158463,-4.717170156707641,1.4259415188310118,3.484443288961166,3.956251569739547,-4.476747072811227,320.6909426341855,18.122663736343384
-4.87595739366092,3.9687242890843395,-1.3042356790825074,2.362867288193563,-2.730784750359606,-0.29048647552536977,-0.9285700231765892,1.5337303949251302,2.537935517952522,-1.46450627009721,-4.8799919212484015,5.106583163517345,-3.7439577437759577,1.4259702732683452,4.6113405340816085,-0.6578534854937432,337.992000609227,18.575737237930298
0.3255055855549811,-0.36079585546260073,-0.2453373505833305,1.3957129835047635,4.242151277913217,4.919643194995058,-1.5768591030698422,-3.0842494275107772,4.066932990817334,0.46554929256925526,1.6544990929931398,-1.1535622943030468,1.400612737499224,-3.0091170372800975,-1.781439733661105,-3.203659558801511,265.2025317778864,19.02197003364563
4.998479327522188,5.113460209973256,-3.5994884708649963,-1.3496893058356019,3.860740935246178,1.1764862491481054,4.070549979996472,0.8262369736726995,-3.266453425027761,-0.44222559330933375,2.807471028957117,4.039439591401908,1.8784990202693086,2.723595686080168,-4.8135931125780065,-0.715164438613991,290.90306833081655,19.47509527206421
1.359811311951514,2.213830843869351,-1.777416246712881,-2.7963709599398188,-1.6918308975262089,0.8837393113125929,-3.9232989631878183,-1.6550160691612659,-3.3305773062406683,-3.932112586336583,-0.8808328759433266,-2.6513158492341615,1.9576316096216138,2.9561789507144853,-3.027154207912033,-0.18605542806444664,209.23701187025833,19.943811416625977
3.5019385448847045,-3.0565047122123743,-3.05607160401718,1.5212947454525185,5.042678771360367,-3.2825131432651675,1.7812320221597702,3.1770814444813498,0.15039659101403213,2.441609371025274,-5.038916688988469,-4.8255254925918205,-4.178806768572944,-1.1075181897127733,4.3246349650048055,-1.922324611759846,298.4010057980712,20.40359401702881
-3.4171709607376632,2.4492258188012173,3.544652420657452,-2.9849124008124064,1.8212284839493256,-1.5633936132533877,-4.435071710284596,1.9081731272318185,-0.3964512689844186,-1.4924735425221884,0.4256474368114347,-1.4546065219208693,-1.0098842688217449,0.18661099527771974,-1.804816848639185,-2.722822643895425,289.07682776908183,20.872345685958862
0.8216719529189005,-2.2405634303188875,-3.0262165808301593,-0.1821982114609355,-2.3329494686137497,-2.828656282705347,4.562211420918655,-1.6001810068341347,3.3207813582033365,2.406135353396853,-4.974605713735261,0.16359608779875767,-4.0441667831583725,2.1398959440811582,4.136967972116294,3.543771279445827,287.2066099789103,21.356773138046265
-4.433817229252466,2.3277895999454987,3.5340121959855475,-2.181147278974052,3.816494439822738,-0.8274742592729947,-0.020239246452202764,1.3022088311288362,-4.390199388920016,2.2595765880309173,4.874682339273227,-2.194789514506611,-3.0823350940257157,-1.2849493487118715,-2.468135789650477,3.8582915458809515,303.2037911672553,21.84744143486023
3.8678006997521175,2.416479791188827,-0.2616266951037014,-4.844362599456221,4.002477304425908,4.159842657371919,-4.3558176978109735,-4.2753164181520775,4.192561543510858,4.10524253052185,4.453760967423629,-0.506788139100701,3.391890528212021,-2.6744597405763986,-4.386976592490165,-3.1516199123703093,388.9975328550876,22.347440481185913
-5.1098476947812985,4.6038228196227395,-0.9366436701262701,-4.524253102094277,-3.2397180891255095,-4.201132851089479,3.6041990964742334,4.9128209839150765,-3.3511146437108867,-2.197692115513872,4.023052062412316,-0.7317855794272132,4.836912842453356,-0.6742088469142713,2.9799780935049673,-5.053499227431157,355.58342304627405,22.87869143486023
4.151488289127319,-4.276369150284613,1.2580223315370969,4.747756044681256,5.0571650200189096,-0.6346395411450372,0.39825627047338763,-2.1588036450038666,-1.694875242774811,0.5407606156451994,4.348783847922198,-0.2922520720015953,-2.7314430691863874,4.646273829283893,1.37859061176089,-4.047650827396691,342.7125399011756,23.403566598892212
-4.934574324314508,3.5636707387851727,1.567130154171826,-2.8405958084539513,1.9978313285783216,4.767838106624571,2.3802493116794583,-1.8674747049881084,-4.273629917316954,-2.2486623683294438,0.7371124101653992,-1.4638315679607805,-1.82885121046262,-1.2419646641927806,0.5831282058271263,-0.6392459872026857,290.0903700980964,23.934818983078003
-0.9678761550608366,-4.466188455570484,-2.383995694109277,-0.962403367909408,3.6538140377921158,2.800722091814124,4.994743340555652,3.035312165124652,1.1385486221025705,3.469537137517615,-2.8387401107969295,-1.3428592388863736,-3.70317755233185,-2.0342975719012673,-1.5394975695853672,-1.1038987160416376,266.47104984529847,24.456340312957764
-1.3353367614842289,3.832015258519193,0.7358475757251393,-1.4397878941229605,3.3800992585705254,3.8092143815819766,4.304136124954533,3.3479601685637723,4.011850965535875,-0.8914974502557618,-4.148514354492235,-0.6319911821968098,-1.929245622605185,3.716722595058431,-2.658718875547606,-0.25985255816367037,299.2091416611958,25.0188946723938
-2.302759924816466,0.433377311231518,1.4124253062747831,-2.8078159600523787,-2.9264019865914253,1.1675814479570246,2.311628064576647,4.597178626676839,3.010249862809327,0.38299474192382466,-2.6644478944882253,1.8823616933506688,-1.0944038233265383,1.570966978981211,-4.484673505247526,-2.388756727447272,290.04716603472053,25.568192958831787
3.7432605093920026,4.922243643042104,-4.918851735324519,0.11812264493246527,2.3518115031907554,-3.172499652348024,-3.1830492934580747,2.319949293287838,-3.8553132730843185,-3.4387878551153026,-2.51047022390945,-2.6828637120730257,-1.0728655166533292,1.112359130048981,-4.096189630408647,2.490381857968729,298.4447969130944,26.146267652511597
3.213788616168766,-2.9558902390755217,2.586288781286828,-2.874480037587337,-4.45590516537691,-1.7786476944366738,3.8898922501762234,-2.9544072718697447,-4.348881574004152,1.2452357699153795,2.0146026848199288,-0.00037949527946246064,4.0906665319072735,-1.151361806342122,1.8263159660109896,-1.9415460633672756,228.14891341641578,26.711217880249023
-3.031700173623364,-2.1883111959984145,-2.451284654351866,-1.5466676798294117,-1.7099418972396512,4.8183524696493185,4.224674417220494,3.938510892025307,-2.591126004489889,3.1702263706795444,4.953760800182008,-0.9268460065161115,1.6643186741206595,-0.9233370074294829,3.6178571855146453,1.199825425042543,280.8032524225959,27.3206467628479
2.354072031829447,3.8271262574885894,2.4067419823386285,0.7356675893309124,-2.0164813455751895,-4.973941932337239,3.5212437206464555,-4.030983973032663,0.6495727813519316,1.6178266789006024,4.695952546792614,3.9887321658987487,-4.341399840859616,0.8807636385472346,-0.3336997075259571,0.7609482026194385,305.3149020307277,27.919354915618896
3.863956985904056,-3.7302955430620166,-0.7280793291236396,1.345320612435935,-5.063465531534416,0.9651352079614028,4.459381843314055,-0.049125098782691445,-0.8916312956216235,-3.607627860407864,-5.111279234293042,4.096829620728628,-4.993293517775697,1.881514139613233,-4.705906525347657,3.595497980899098,318.5758039445339,28.59122347831726
-2.7085428520609476,4.045884395860301,3.2275555035147443,-0.41097091140343966,3.7263533691770183,0.9350705749276615,2.594013586704307,3.0815690216514477,-1.2882701636121086,3.0784457430894205,3.3880741468738895,-4.124449801276645,-3.2924486305716467,-1.9916706391376482,2.4540936597489544,-4.163173556579433,286.16546581349405,29.230858087539673
-0.33161100240631214,3.8873314140450512,-1.3640721461803302,-3.473820266799513,3.7518659782449477,-1.8956547306461293,2.005126573679296,-4.318189059201301,4.340930449129156,-5.101173644288915,3.741625153401743,-1.8460490964775107,2.5183628016438817,0.3412837838421998,-4.536653420047474,-2.8079902676336594,340.2874226900083,30.01210880279541
3.6539636035631036,4.057543129039575,0.7850834425691264,0.035715671978170604,0.38304946130539896,-2.735291322272746,-0.09526200003686558,3.631349346277273,1.010035324481767,-0.35886939525439043,1.3674370409474959,0.19261959068097312,2.817423211288988,-4.3301537257622105,4.054505640139332,-1.8541890308570492,236.87359847532454,30.834614992141724
3.673033356785182,0.3497310261315816,-1.7435384071073425,4.7665667363402635,-3.2812393700995903,-0.7171430021365515,3.139736117613654,4.6132015108276105,-3.8108715916381,-0.7925802134145421,-3.481823109260474,-1.680998200133112,-1.0742794293311677,3.1927904968045224,2.0057899287113203,1.005358917873929,278.66897219619585,31.662789583206177
3.5049794424240277,-2.2659163031307816,1.6513359857076466,-2.967367872913534,-3.6382664616856584,-2.439369147143968,-2.0854028996688925,-2.1597327866993776,1.8933688238018958,-4.4301397739337425,-2.6428270036690114,1.1985181261816367,-3.0027659477226796,2.0445669545206124,-4.6866609072431125,-2.565636906817262,297.0145944576815,32.46672821044922
4.964979153579168,-3.094153947193025,2.4639420291700516,-4.87120235668817,-0.4009774224832423,3.847752673820481,1.306129747734479,-0.30110631162322754,1.306866966068874,-0.4720553100500755,0.768350625601304,-4.332106058167782,-0.013774024361088877,1.1129367592291803,-1.4899519041080573,-0.20182578724498068,265.90963863815995,33.27928066253662
-4.621126240548377,-1.9247895009717122,4.918333172250436,-1.2862725002594204,1.7474715164866153,-2.6401988455073244,-0.628810995334721,4.958019648163828,-0.5555101940363434,-3.1384438174443727,-3.400882185549951,-2.335293832752713,-0.4669920411077362,-2.74997484678783,-2.0677697689785672,0.3443188225400329,303.35499182667763,34.096043825149536
-3.081317690528119,-5.107276739938704,2.4907528965243015,2.5029791270360144,-1.061396611196881,-1.575076671495387,4.557753325313169,-5.040532669780094,-1.571288451984719,3.0587148440680556,2.0135068653814336,0.13246376027281848,-4.274446269714024,4.0307542343400575,-4.309243531190539,1.4305965815070678,319.03287458956515,34.93980956077576
-2.3990435948381905,1.0810741064159037,-2.6081545868703944,4.482485296088574,-2.2131515073749717,2.213750338442832,4.863343693257822,-2.4647252642115274,-0.5529895060112304,2.5648314347807375,-0.48334442773675423,0.19289820766412547,4.4650484948334865,2.6043396127259824,-1.036633754641648,2.9030324219821937,317.2482233645278,35.78506112098694
-0.7179934642541879,-1.5141295176972989,-2.177583050969409,-4.240434567590903,3.0105586753898423,-2.675055340260472,2.171189784054418,-4.765170722987161,2.2042566648870023,1.3577038735764804,3.767252583521091,2.4168414554891537,-4.501489014556654,2.1215886190447604,4.1812945761936655,-3.543203676624846,325.76681444206116,36.675681591033936
-2.652744990917556,-2.741702991455481,-4.017424752827286,2.6849070335709495,-3.3945762416760235,-3.056988162975977,2.584402484726393,4.290489380298312,-0.6364623452915898,-4.394955077221322,-3.135792770575727,0.7474356649806326,0.6325448300798122,3.961453879747471,-3.7937228374253524,4.862190395975685,333.91167475174456,37.56814217567444
