-4.920214926136798,4.6562413549821295,-1.2163294312222108,1.700727903308235,1.5016191474175296,1.2673628882513075,2.0107588631338187,1.0850129423099943,-4.739343925808157,-2.8251920494171676,-0.5764197743842772,4.388801581886731,3.8547250571358544,-3.294171376573539,1.5547527320368584,-1.9388995488454208,300.9149317746739,0.2980058193206787
-3.9100162374903844,-1.5508135479790717,3.8392807805990214,3.9039427389722343,1.9584043640636155,0.5181382685517102,-4.497829171461505,1.7284708262059691,-2.076745778263251,3.6689047279597267,3.397553678709852,3.5070612507490138,4.826920143924272,2.8347889462336333,3.202625319213401,0.6086150588558317,326.80323399166207,0.4855003356933594
5.099134879819226,-1.828524843653144,-2.813237410882603,-2.570238060325897,-1.7497250901239019,1.6227123635619565,4.172113150903928,1.848507605789135,-2.712454791461401,-1.159431540177359,2.0787463244052926,1.7655629114079954,3.597062226336287,0.3261120659408867,-1.460019050536403,-3.5745855081663933,282.0580059652005,0.751121997833252
1.3337564729255034,-3.1805175829926933,-4.786488005917845,-2.353595781256475,-0.3675181678518653,-5.109132616497764,3.003085998914652,2.2683303492831817,1.556062698344908,-0.3213140107738157,-3.2164732116080503,-1.5541576584516923,-3.873246880051266,0.8238966275504538,3.7386059871166646,-5.117269240885681,309.4926453806279,0.9542646408081055
-2.566282896169635,3.2252418267516267,-1.9412680508843998,1.3456257885595315,4.696936614839745,3.88605179692141,-2.5091543423600395,-2.141325687709712,1.5151867369295715,-1.3445129193491843,-2.2424902392629584,-2.7136333869662255,-5.089857823541656,-4.57480347450898,4.176368332534929,-1.1554290324544865,323.79304423268184,1.141770362854004
2.988964568061774,-3.076774830960055,-4.186850701093341,-3.1234583975325796,-3.685747449743654,3.13094998051955,2.719563125055922,-4.104542418479107,-4.755805988012212,2.9161456329984317,4.116444561458985,-0.12515903162305353,1.8756368531382268,0.5251150622701877,-0.13405199547425806,-1.9315580889847621,233.72751789758274,1.3240084648132324
0.87057389737853,-1.7759672594765887,-1.6558625105179257,3.3926700589573295,1.4861688619123878,-4.2112067515547285,3.3717358784869065,4.050163570726652,-4.993671785561827,-1.1203436712808368,2.6942224429020065,1.312802243298198,4.013388238020677,-0.3024971177411757,-0.9252844199973911,2.475215060734075,278.33807785786854,1.5271332263946533
-0.7498935319876487,-2.9435727638514284,-4.911904613705568,1.0887323270654372,0.07821521923935748,-4.252564851506769,3.258080593149395,3.099423022318766,-4.7285381757855,4.49384918448692,1.853226337793731,4.348888746092492,4.140838002913132,3.8126309677086025,-2.771688513987718,-0.1784346277833535,289.7701139533143,1.7302587032318115
-1.2738827115361073,0.10768187799070361,4.9441137610925425,4.616408824521547,3.774634281458268,3.3269058920018404,3.209099279541044,-1.7060445985264772,-2.0945617016536864,4.809683389779104,-1.25488455300782,1.1103522952162086,1.1319583502282535,3.86107045228385,-1.5150306297245444,-0.31218333919124586,271.1144074446815,1.9333982467651367
2.926657911308877,1.1898257930580325,4.367222076752079,4.917016845142398,1.6622219593648433,4.6758432611419165,2.817937775722757,-2.730345263471749,-2.331988753206984,4.781267062617748,1.8839860649574618,-1.3726119983706129,-0.47930654417568697,4.990668903691659,-0.3688292747169877,-2.8000054423351055,318.4332608429489,2.1365089416503906
0.8269069383247736,2.223609969847095,2.229122237595,4.222728108653917,3.202742954893732,3.505906254923775,1.8432202860435556,-3.352428395651442,-2.233530608880272,2.7882008194575407,-1.871529920535234,3.161654176284233,0.589315498748042,4.3160994763123535,-1.0999142123302788,-2.0485967721400296,253.7622117218498,2.402148723602295
-4.92580470086966,-0.33837035111972824,4.693901195944364,-1.5836225712932954,0.777107651349584,1.25096082879325,3.62674137592182,1.72079432945843,1.452694221420047,-4.289598224997056,-0.08835305445461561,-2.450479154171521,0.8195650806189914,0.115860415950924,2.662142710943722,4.642888305912892,311.5040886246381,2.61808443069458
2.265621711052492,4.540954602071733,-3.85206691347304,-2.884323336198241,-4.761869260320545,2.452037847583698,2.051588941922157,2.2478205275851284,-2.158663453884665,3.2239180451992544,4.0329946922372875,2.0787124446052134,-0.5866811486907775,0.960202786292224,-1.8449924011894216,-0.32392744242164984,255.73422096928417,2.8368330001831055
3.541413740941583,-1.4254199996178505,-2.989968343453748,-3.7679894997994845,-2.5973871478156156,-3.0737224388182365,1.3935546674603856,-3.0660982737728197,3.228870395452149,2.819923271822409,4.288536907008425,-1.6225565899520968,3.9032580461747726,0.45594349879239005,-0.06613327711816996,-2.0875900443242124,277.6055073578525,3.0555365085601807
5.054872635501394,-4.252164772066608,-4.7820512388674095,-2.513866253292202,-3.2875929560416486,-1.6593962467708896,3.0133321300206584,4.184907440482353,0.7232185453300417,3.2314018881777153,4.2227935496832805,4.0211047689244035,-0.13304038878218538,1.6484753149390814,1.7962204684057292,-1.553003710721013,313.5230636207219,3.2743353843688965
-4.096626876175321,1.1093270277761045,2.0995307136774617,-4.494457187208729,1.3609653117405447,1.5899018631062303,0.6171847183237302,2.8297429987942646,-4.133324753022809,-4.097098234913215,-3.7752868718929866,1.649090901534299,2.2543622919868564,2.2361221893153758,5.004736701992605,-4.01600916252172,289.8180191973553,3.508707284927368
-2.116097058204104,-3.8980135229630832,-0.4062613183369699,3.5092295108064837,2.9619273656358116,-2.980078733379018,3.9787071921761354,-3.4731406545472963,4.643994253787866,5.010230705539246,-1.2126415726431685,3.1621488742025425,0.6156124157556757,1.0774822190051312,-1.9306263687395204,-0.9195327332882366,254.5409813884724,3.713916301727295
2.5296700792768005,-2.644738193009974,-3.202627696588854,-2.6622892450548528,-1.027721630960623,0.8090057473416596,1.3964245484812663,2.8874412210416134,2.439696855918256,3.0028415553585868,4.6167334703850615,0.21518290949555396,5.027321133841419,1.0340516474408536,-0.7404950500846281,-3.0455658069773124,256.3178625287124,3.9482901096343994
-1.8891350521718282,-0.8347189908157615,-3.865407415346705,4.405918871311594,2.0455523722283395,1.5441235051556896,4.327855986313176,-1.990173094965507,-3.3596250245363635,3.1396792337923083,0.3294990878945194,-4.743631910693023,1.066355272115155,1.1611614843681402,-1.1094854148725348,-0.4902337265713319,252.2309215094122,4.307666301727295
2.6360933108099065,-3.078481639599967,-1.00484986264114,3.6185541221686277,2.46468198810805,-4.616702510337054,1.7627257920594124,2.215801523346257,-4.75589685029116,-4.841976670344493,-5.030438323498466,-0.12446238989301683,1.8755617859449778,-3.774908584946975,0.4365853125236887,-1.9694015382430643,296.5194550787849,4.588915586471558
-2.2808737105287453,-0.7197642954456409,-3.0004305725668683,2.510906589036706,-4.350808915424824,3.710070261253013,-4.240680596568934,-4.459547646633747,-1.5734327864091227,-4.0815194158089625,0.04967996999016222,-3.826948606348261,0.3429559996486322,-1.712983194234467,0.44751686651915623,1.8613195962173243,310.2942546647931,4.837009906768799
-2.0023707830267385,2.3207107789015557,-0.1216947658096661,4.605669999961031,2.9286808119876335,-4.383917750922966,4.395345818605942,4.980202194739564,3.061214681920645,3.2067937032886986,0.7117957516014322,1.730925039498528,-0.7144547318370655,3.8954277096937284,-2.3432174808519752,-1.8362911929941692,287.9251485128016,5.071446895599365
-1.7348863647506465,1.8408852708753765,-1.1594568238194132,1.3387712590967036,-4.941243779532745,2.5951693948857812,-4.290123491657095,4.324592669240372,1.1710984935906357,-4.6026415058635415,0.6479566243047534,3.1776635280248415,1.8905024559857475,-3.814527129548482,1.2677267397161476,-0.6779435080320688,291.0989830173353,5.321437358856201
2.8140037537160163,4.611226162507619,2.325836745998494,-2.0868244658915995,-1.2481569327984632,0.7291401488381162,3.7263282020023256,0.6513264601194058,-2.7341801214262587,2.691386820514764,4.7568847058801795,2.0744518677809447,1.6935005964229068,1.2880188068846836,-0.25355372145475474,-2.261668381491008,276.99798715278166,5.587062358856201
-1.9796088966353205,-3.003725529172678,-1.898119812129607,4.137883113147198,3.7949429165797985,1.7583010688118659,4.9357093689316995,3.1911894615893255,0.07853020131005017,4.985479251783931,-1.4115837040665706,2.9907641504453872,2.3422970828898375,2.7765991281111546,-0.813334560644611,1.558597257177075,236.2811613845594,5.837010145187378
3.2080366613008584,3.515917826183233,0.007046581145743858,-1.5779302846609728,-4.077131738711197,-3.982497998652714,1.8128070406515535,4.391271387892082,1.9088207567802309,3.1715034899820607,2.914616318225023,-1.4874007642552187,-1.5307095944438167,0.9732639040492925,-3.4109449221795627,0.2529439725351459,267.74661512915503,6.099720001220703
-0.33197822144540723,3.071988288779468,-1.836864565764336,0.7664128039658715,-4.801579155654607,-4.033923352470797,-2.6505682110551,4.5642323608567095,3.505151775848927,-4.350390675079564,-0.4872042400612644,2.0633884538575282,1.6943130664424118,-2.7901363736384956,-1.7101489730556358,3.5440519758841473,324.0132811796926,6.365396499633789
2.936684377282101,-2.9313081058221573,-2.9950193769846685,-3.1088375620729205,-3.5761629717932917,2.2210998209673827,2.64435281132209,0.6859050564226061,-3.8042827028157022,3.067624005518897,4.996534967578321,-5.0079904427755855,2.0042848256106875,-0.37380280533476373,-1.181383880673378,1.3492479053231223,249.6818661748424,6.693522214889526
2.988949376508825,2.8059483710328017,-3.452138430265938,-3.1234675308054234,-3.685733988754901,-0.6890731903092391,2.7195632125130453,0.16551356213042556,-1.441235597034094,4.265359163895041,3.119813893929064,1.5646141661178454,-2.6720489530522653,0.5251373619991497,-0.13407051654190738,-1.9315489245394422,268.08806230715624,6.990397214889526
-2.8116995064454295,-4.5865250184022095,4.381786427933277,-1.0405205554631598,0.12404003988829082,-3.7424978331719903,-4.639428279219372,4.473169386600291,-2.851609504332656,1.278280393792321,1.8692134317145728,-0.1778242752458814,-1.1155621078138838,-3.0664474363755923,-0.06582160183505614,-3.921424293610666,266.2208838943678,7.34594464302063
-2.8141154198111624,-1.1410298474182499,-2.3714850449006897,-0.5662447027155535,0.5599710449305553,-2.696134481564661,-4.835663555118816,-3.968195029850726,-2.638850142903747,-0.37133633692584755,2.8669200198342706,-2.190612304282966,1.6792210574591593,-3.9050768866738905,-0.8126131651985817,-3.728161007824818,274.683799198983,7.674119234085083
-2.918527699413967,2.3330606116221224,4.38038777403827,-1.03995309817822,0.310434793932882,3.4468583694268,-4.698817976407892,-0.7663308944760363,0.5324846389633491,-2.360484058818883,0.5748041356068132,4.929820237288779,4.524936505835261,-3.106310784108956,0.007015208770163817,-3.8956966372319046,314.0112465056741,8.361620664596558
-0.43231751254936857,5.07064245252855,2.603663962672244,2.6179840038352884,-4.386917104093185,-4.623962525810986,-5.063041015060484,-1.67867978626641,-4.978585690443918,-4.76368698565135,-1.2855574498759692,0.25263409747522925,2.809317918977765,-4.965680507304609,-0.7769197670681445,2.578208497183401,368.1533631116142,9.054966688156128
0.8570602719307656,-0.30146201954329754,2.2758521870905497,3.8096163965885834,2.026338257778435,-0.8542755188482882,4.394978559567474,4.160634725053076,-4.6467794772065725,2.2872715090723057,-1.4227220297193033,-1.0766961304804088,-4.375790195073692,0.09962370873464099,-1.5718160796036371,2.953755490194477,270.6298323898748,9.758090734481812
-2.85339496272933,-3.3442229447525005,-3.973175035675224,3.681508396391828,1.3676334226150377,-4.656635613198082,4.392960901184021,1.5740749604020365,-0.7233398928088137,-2.104762683710114,5.037414982352531,2.4396268322311707,0.009453200060051792,3.7642578845125465,-1.5806465275397246,0.6993083861716141,324.62763042352003,10.490957021713257
-2.3564821428988414,0.5422551551699248,-1.28879680321693,0.11159570262185436,0.6973080743666431,0.1441246448337985,-3.823473934046114,2.40283155517327,0.47145184367682536,3.0470773836030434,2.8300171974400143,2.8844888784479368,3.746710555330698,-3.0985512491369156,-0.8774369524136025,-3.5713769630938987,244.73334102231283,10.897206783294678
1.3931707164450806,2.261149863297864,0.4342203600836694,4.140281797628307,3.8134262539425157,2.6754260371483403,-0.8176392139118533,1.8065024759744688,1.87196440360984,-1.2855808457853626,4.409564362771293,2.8816721792709634,-1.4128236212317966,2.7857920490647716,-0.8079416716026069,1.56951986820245,268.31565740585523,11.390506744384766
2.1222775090921626,3.9032747403034014,4.691026086526908,-3.0883969587109816,-1.5568681392255046,-0.9017460030195528,-2.2231856444140887,-4.503366703138932,-2.7596789366498413,-0.383262658133912,2.7364408355957073,4.672007758691703,1.1111626128561456,1.2775233181175816,-0.867886334287082,-3.1433238788466658,273.0621228347845,11.921756744384766
1.187493363074143,3.572960438180716,2.738839420338663,-0.9914597016259608,0.9656507473423792,-0.9196109123487277,-3.285691901746107,3.7176102830996287,1.211894400130424,-0.5467199672335967,-2.045388958817858,1.037608559954455,2.196182268385094,-2.9245354848414595,0.16665324637999035,-4.2387238250262005,198.99429025615564,12.542538166046143
3.228016719165928,4.593827411693433,-2.85614936783232,-2.516638353893991,0.7029912368606155,-2.087060856328594,-3.6571415900016935,1.6097532113219897,1.8711101765413654,4.316086331165262,4.444690237791593,1.5889064809855844,1.4184655441311493,-3.091583786228557,-0.871020513682569,-3.578697253285137,331.9211273633691,13.026914119720459
2.4044161891236024,1.5526573646883763,3.0967035605394146,-1.6411826266046372,0.9709862158320357,1.6218442010420189,-4.970860319993517,-3.63641736354516,-3.5852061567277245,1.4510988681429549,-1.5758678407465672,-2.817412957953613,-3.1275096445692077,-3.3912137326258103,0.5637697775262165,-4.354360737823084,336.8324906426962,13.534738540649414
-3.995388861112785,2.9508119599365417,1.7701701416632298,-3.1234863764015497,-3.685713847191756,0.30022350669883746,-2.7718959028793857,-1.5002737448587427,3.0643973500054082,-3.831667230615306,0.7288974494448288,-3.0790134555020563,-4.885785573651832,0.5250769526845502,-0.1340252595169753,-1.931763142936572,235.90378729558893,14.128469944000244
-2.3152569433645662,4.51380197129735,-4.784723488875082,-3.1131644396753337,-3.672971317813878,-4.95010594085178,-4.211232582875814,4.365520934695227,3.9270414084314504,-3.528723997339056,-1.053343983854992,-2.391452592673612,-4.156361215198093,0.5222590725940215,-0.08532450461013674,-2.032946032881709,338.2291493446876,14.5849289894104
-4.133346142281957,2.6881687867548454,-2.207661928563953,-3.398934780349955,-2.4571953233524364,3.7616803687971325,4.464555454180142,2.513968478016934,0.7391782606652892,-3.050114349309283,-2.4659212629474774,-2.735676385593825,1.2147717373089248,0.6472392534912395,-0.17596429477673947,-1.9050233485997632,300.19330807185906,15.178703546524048
-2.0115085885201798,1.9662411384214318,3.142266430607717,-3.1450442013589006,-3.7098655165861185,2.2209146648844547,3.677234477196367,3.1012425197268945,4.748717324544489,0.2727137793582086,4.388388680457655,-4.386390283162182,-0.9083228190991646,0.5356369949454685,-0.08114212513536145,-1.97400312366001,260.02916347470114,15.869023084640503
-0.4873339858167842,3.1780485503758067,0.31442638808524404,4.131797843398252,3.7480345345667674,-0.569375676972971,-1.2192823568972524,-1.386093098182804,-2.525810625367868,-3.700172169138324,-2.906449447992279,3.7206354959318544,-1.283908757808124,2.753270809248157,-0.8269417018191527,1.5308764836655664,291.0328493471685,16.400272369384766
2.89121600616384,3.3558729828273917,-3.830062361035826,-2.3965436741427886,-1.2183033787496402,4.26807503994145,0.8208268486801629,-4.7744397736723565,0.2159674982496611,-4.351958603162355,0.5135239000954819,3.4250357680770156,3.078083596750834,1.3320762073161392,-0.9823455309601359,-3.004611694916625,289.2114995751098,16.959641933441162
-3.1979048086937185,-0.05413783962625729,2.8882308923037554,-1.1644758932911565,0.613722523445996,-0.43570753290198017,-2.382482975613022,3.6762052507239327,3.77094346453183,-0.7498990069649576,-3.1198806445251517,3.408007513328431,-1.9786041659117104,-2.5626796618546526,-0.0745626157942425,-4.7812658509809305,260.6109618064484,18.084643602371216
2.743142624639466,4.85428377610635,4.798434704461926,-0.8070808086311141,1.074511822636813,-1.4769266678773731,-1.5011963008157436,4.320230279630533,-1.5540431126166707,0.9891629981559564,-2.499297918795159,2.312781953063036,0.9768767793985775,-3.0956796284598505,3.94548042135935,-1.0845156169335226,261.4730608559004,18.674819707870483
-2.580254224060329,4.194155578037242,3.898088574442812,-5.049745572819926,1.43412430557001,-3.6684057574862616,2.0320094079615423,-4.20175729478824,-2.971690439628116,4.859565285855928,1.7724906615209113,4.8810000230472825,-4.245843546853437,1.4638550237791348,4.812758857323783,-2.719213229401027,344.0675005208889,19.440444231033325
4.570039513051634,-5.016212090867609,3.4023709057820932,-1.0023333924609172,0.9782277787186091,-1.8769927439395344,-3.327622784415171,1.3024968850203296,0.3043374019923659,1.0784193279101864,3.0323458729990618,0.23652337482367258,-0.6916481844126618,-2.9139194114459057,0.19282205742041914,-4.252774930196471,237.1821342324116,20.563369274139404
-1.878552826416286,3.56774990940037,4.006827330777004,3.214576015269148,0.46421339249526383,4.668653196121094,1.363137559459382,5.12,2.2391838696146644,-0.48947210423060383,-3.430757349908258,1.0429179620253812,2.3563280758254077,-0.9893206705555126,0.5502021592413326,-2.1165544147448663,292.7290072976828,21.870227098464966
4.953061673369272,3.9519127416613467,2.734344052623503,-4.380896195254532,4.122400575671249,-5.095890341094111,-3.332642319585259,3.4485381674387012,-4.979774385703283,-0.5461674314054914,1.3274164551433971,1.049180844957391,3.786523737065459,-3.001065951261758,-0.7236836668537094,-4.771169345268239,338.4423983576113,22.515486001968384
-3.5735323620528607,3.0619832187779172,2.3805587714676983,-1.0640427084315993,0.974283565558121,4.783257728418621,-1.5190296574774926,-2.0105880154990126,1.7822128148002507,-1.0966816655039073,0.8215048597793775,3.298297234741626,0.14855576977332063,-2.946374171666182,-2.2972701485235376,-4.233224274415647,227.6862777465874,24.109235525131226
1.972680619711502,-1.403059992551348,2.765027375794366,-2.363747778120501,2.315016600752661,-0.6685424116656256,-2.8849904885929685,0.805123340410729,1.1699480921809382,-0.4819422359416352,0.5244604960556183,0.8905821488984831,-1.285805178580032,-2.9053934085784476,4.004937591334854,3.446906471078706,237.1579523248039,25.325629234313965
-0.6056933264471489,5.058834129487221,2.1432220569691642,-1.0019100776926821,0.9884991817835829,-3.096528569641817,-2.395789391135452,3.6532615488806135,-1.0220497703457783,-2.65480180520129,-2.0369170510320544,1.0275068606339222,2.6454498461537925,-1.6922914715238644,1.4394514639286653,-3.9515549073632092,225.3826435195811,26.03632688522339
0.932321783348657,-3.2978437587820966,-3.2599637823492675,-4.399149268421584,1.9484768571712765,4.113510498858177,3.934222264015923,1.5818501416919757,2.8464890961142837,-2.4217434756630785,0.36236198209187975,1.86771618470984,1.8758490018462775,1.4373773688390301,0.4793483695773091,-3.1404317451990775,267.282664566214,26.755129098892212
-2.923036158873414,1.1520719547831133,-1.6315072580959886,-1.004603698546675,0.9876883735207711,3.0936576160201676,-1.3566384560657978,2.563097016252348,4.763695273920008,-2.530715880378149,4.492198644991695,1.4016317145979915,3.4718790591809094,-1.6924444392965592,1.4410621545742233,-3.9523900048224214,295.8995409200328,27.887327909469604
0.8828963335603621,4.13746634329006,3.0294858875362225,-1.0619606129303776,1.2192274659947673,0.869358502348633,-3.728886474927106,-1.9522134536626305,3.0874653092517503,-0.09048664718058586,3.2976025229585284,1.3413000118818026,4.6742927396304,-0.5227494461996178,-1.0155604389424697,-0.42191218176386336,208.514887360789,28.854432821273804
3.6481066154964052,-4.9866280066668,-4.111863166610349,-1.1437304993408315,0.3837396941392637,-0.2950007011508813,-3.1888290379975173,-4.500162468174357,4.4419854534839756,-3.7273917408450368,-0.21570703259769441,1.4528875940030765,3.47394098533002,-2.923577184920736,2.577713806576691,-0.34626363491547707,342.5837299585577,29.385689735412598
1.7540031494926085,3.816806387772261,-4.000602009150626,-4.494283574224179,-5.0659241751995525,-2.7139807137971563,1.1431958798763295,-0.43965854199537713,-1.5414282174693317,3.656984969593032,1.4179117731360122,2.6396786009741797,-4.997330403299319,-0.10572645119466273,0.29088420170450746,-3.8535107832218305,313.73485842653747,29.874796867370605
3.2348992985553897,-3.1354747871990467,1.0775634695829819,-3.5581321879529435,-2.226992654327639,-2.9302294684351358,2.4789233491745266,4.1156974369700405,-3.290947743687748,4.391188771263896,2.9170275490118067,3.8417569727215204,-2.230430355665506,-2.615088666547312,-5.018645677417364,1.3470316716839985,306.09444695409695,30.40605330467224
-2.7145598772331465,4.782391425396628,1.2124205173118154,1.0146333806785277,0.12491754936665966,-0.5690546495379394,-1.5781507711329703,3.065135040751559,-0.4994469575156799,-1.6270741799596107,-2.9412009505922123,0.2727910171255141,4.516286770572973,-2.2400746151461766,2.5705011017949513,-3.9256656350711885,272.0630826498727,30.924263954162598
1.7167137130706376,4.042054143954197,3.8932971257789832,0.2918661251578749,-0.028177732033659808,2.715731656184955,4.621137405980389,-4.38952491263681,2.530766954622501,-1.9586963172419773,1.8302817429340728,-3.077099981298321,3.038175080427828,4.965794604396064,-1.2139414613749056,0.6730550902851613,265.1953683755436,31.455514192581177
-1.8624694763462384,2.5327256490099206,3.2198753218035145,-1.3644571092092423,-1.5851902174579235,2.132709856907505,3.7721557137824613,4.607894002456068,4.062841967584572,1.4561544301203515,2.507425365769836,-4.004934156908901,0.43375832672594683,1.9534920335399821,1.3751192833786634,-1.4249861329045261,305.74254172139916,31.995967149734497
-1.7094260202400284,2.5294835921453585,1.3252169252596158,4.995513592140408,-1.612412934190484,-2.9146844667255225,-1.5026604961327785,3.704232653571732,-3.645014327445204,4.839182267854331,3.1857437798258017,1.7170461294377013,-1.406125824164067,0.19182128810296462,-4.120166851116378,-1.2954854443284711,311.5404707205663,32.54284119606018
-0.8087717312366021,-5.067847166671998,4.742438352465274,2.6140642022816767,-1.294584692715825,-2.8753761466806833,0.008652516239220809,3.9779776622583674,-4.055193775583516,0.3653420092652162,-4.297584892987651,2.8896459918120074,2.6441817394445106,1.3166942013773317,4.2131768927592494,3.5801729398956175,304.39083864763836,33.09877610206604
5.109913995932053,-4.61822905116707,4.1049353718671595,4.453446012946746,-4.254000345995045,-3.007102440452972,-3.351969004915587,1.8117433979262811,4.558269418521019,-3.328875347136934,2.7882933820121654,-3.611761179412193,3.804127241706058,-1.8400247651271222,-4.451609237325655,-3.9139634711779605,396.8516842017717,33.7706995010376
-0.14449968943821645,-4.1189854591801565,3.136314481375565,-1.3544739876827845,-4.530698090953743,2.4066712240531922,-1.1294889487908288,-1.197273530436977,-2.3186159517635208,1.1503576185939668,-4.889765767486743,0.014857797660098093,1.525530047108,-1.5338186009766952,-3.9613378356327744,2.300081070170621,261.7480344716063,34.35741591453552
-3.2300253012200626,-0.3778439047963742,-3.1746839136767364,-4.288926752942922,3.0024476907805306,-4.448798772841733,3.800709231044192,2.8176307551377064,-0.13026720858393226,5.06486592544089,-2.6806746972526474,3.624234285692572,-3.516858108878207,3.375834022490607,2.787657527358567,1.567719891169932,345.3925307221148,34.93554139137268
-4.709590217826677,3.442640570923154,1.7066322605054625,0.4364715412225051,-3.3524193910553888,-4.394470974314456,2.520661295525522,-0.7421152963169764,0.534096919771403,-1.7813042477152332,-3.1325556455518457,3.8665923243550226,1.2142227791054712,0.4508009910888733,2.957695583553977,-0.26582910855796626,314.41732068435203,35.52264904975891
4.253033917290602,3.2541391687302434,3.5299222422893886,-3.1159160131883965,-4.783168753216938,3.3899125032104918,-4.689761529049166,-0.442086101963298,0.6209930222244271,2.918025849608047,-0.34801192337279563,4.1345200089106084,-4.644330358862835,4.0976038877376775,-2.154363188137798,1.6353829865918268,357.2933563432435,36.147600412368774
-0.7666722029076789,2.8028424310570283,-0.972489489601819,1.969742821848934,-3.298310991135571,-5.036813971973551,-3.374767489104822,1.7170543673961243,2.607651239833011,1.183450294065194,-4.4222803845024155,4.423657863971973,1.275918931501164,2.5665418752768483,-1.5368720628129764,2.882241177167784,303.0083973045693,36.75057244300842
-0.7862787938047928,0.520470037724623,4.9157428621157875,1.9320099041102754,-2.12845468480981,-3.8401335553055342,-4.79245851024303,0.2633312681119957,0.13272675202585482,-1.3323257206370291,-1.7346718818844118,3.7078209326461655,2.81487779120705,-1.7783732431843369,3.8384250499825976,0.37871753920398543,249.48591385111348,37.359944343566895
-1.1897302609744203,0.09150379837982392,-0.6555894045118498,-2.7260448697548756,1.575588757529963,1.0956401236140918,2.7216975087904727,-0.06590264258269496,-2.1176728660346695,-4.16562559517855,-3.1360414971520223,0.40134755826299884,0.11257906490011127,4.861093789244873,2.548145912710549,-0.43884678056223514,224.71980236257417,38.04467439651489
-1.7649690100857476,2.758306844623176,2.534733359498339,2.4753523487401496,-3.0030400556382055,4.273761810236166,4.811408104153261,-4.267500726719335,-1.653787602750021,-1.1303823497453753,-1.5204766317604044,3.105178291741587,4.853683270199203,-4.686644554644263,-2.917723430968404,-3.0468292393638223,318.639482132967,38.71659970283508
4.763356286694903,2.1836188067614044,0.293600409497337,-0.5717116289329649,0.4795854995717619,-3.761547918512578,2.602716794975146,-0.0525506417949666,-4.609019240615555,-4.525208898678476,-2.7018342911043844,2.411474808324244,4.073428092945757,4.158276164217216,3.688952723462191,2.868013555172685,345.79699863510217,39.47447967529297
-4.927329798938995,0.506637534541901,-1.734169854137428,-2.3930878606138224,-4.852402199052856,1.484418398280913,4.111871862900061,1.008268870414038,2.5567661366071777,1.4701098815209965,-1.7551276485951526,0.005781029095727419,4.628494574701162,1.1273530168972874,1.8357533566597155,1.7211301154120369,279.42114734528127,40.16197967529297
-4.292879370568475,0.2808770565317378,2.2234356170251077,-1.2473963395361558,-3.639673794316205,3.1166007940496483,-0.5319949750019255,0.5416626569657081,-2.750490196530381,-1.2251612452768517,-4.513111071671551,2.9782977409280713,-0.171610726285496,4.9435810710209145,2.398262169594508,-3.8685382574920446,298.82719637201126,40.895225048065186
1.6471737460670584,-2.786618597808984,-4.588740860144015,-1.6780528289770307,2.238191935752714,-2.4225452461820947,-4.685412014244551,0.5715564449663155,1.9323573613047609,-2.897300442053035,2.8822012322461257,3.1338273261159673,-4.801225794508879,-2.759990339360534,-4.7459313068669555,0.15141152829239868,308.1340739123524,41.62959933280945
-1.105692968128528,-4.3641960321689925,3.084867427087846,3.0862600661277506,4.057905585188917,-1.7417205551504122,1.173090707830795,3.5692449349626925,0.5953181407367572,0.3981148520716511,-1.8440273832399017,0.7223395300109239,-2.689474346528605,2.9339170820352516,3.586195100036254,2.6771554458745497,270.33652006038153,42.36274862289429
-2.7437279551626323,-0.710306506603799,2.628296191128835,1.6454032871839832,-2.75736687393947,4.29210227709594,-1.4286332028397664,-2.2412229293058448,-2.93857290562979,-1.5824321813668174,-2.88185090055554,-4.838017974822138,-1.5413405001064913,1.0442609866353099,-3.9355047640096803,-1.140510924250401,271.6612876038637,43.2689995765686
1.499917693324476,-1.7077928387570451,-3.9746039662223493,-3.592910848960657,-4.756976733569166,-4.609079757442732,5.036475044491358,-0.3603996253303512,3.421194231371305,-1.1617126048503916,-0.9402993789523579,-2.387070580012592,4.99928053705201,-3.4069277801811024,5.007487915303762,3.4538121150967678,371.2768972056124,44.24879479408264
-1.4981789099615908,-4.227570181354114,-4.018704900322753,-0.7719941270108164,4.381776000234535,-4.068852066028471,1.5135238776455946,-0.04955805173612671,0.0031584889844502584,-0.7053224853514193,2.1646626396533266,-3.952582797647883,4.392053710619433,1.9990348186675035,-0.6782896022725069,-0.08967454075926629,247.2817707623286,45.28004455566406
-2.404182030129859,-3.3389587092919406,-1.3497662263712873,-0.3930297319117191,0.03526526399565899,-3.308296923854,1.9252531187453812,-3.5269344922347634,-2.1277285562094956,1.0402967329131032,-0.8252312718471115,0.16375173998789894,-1.8528855543356015,-2.39765855562833,-3.017483924208605,1.7320034639581756,222.43022241671758,46.25723695755005
2.2698351139933255,0.48969978801938385,-1.8887502601317925,3.5421941715266767,-2.7897976531908326,-0.21483149229835785,1.8478481191154854,4.313315632084451,2.2721344377513653,3.170330826054676,1.5345561106564833,-1.1907262088686115,-4.393586576998233,-2.876236796222516,2.5923486958273854,-1.3215873682376431,289.187582839986,47.27286195755005
-3.218271853055424,-4.567685999043067,-0.19844716902291637,-3.1386220645318073,1.2660337765290617,4.598704615361474,-1.3204896498538465,-0.7514322240572655,1.465057631866296,-3.2826048701651107,-1.6277287229942177,4.984455045904608,2.843345124146002,1.388436179603172,3.524907742489378,-3.449392923848844,342.04172694663686,48.3074426651001
-4.821804522572394,-4.976983898880625,-0.7164658398738366,-1.9148559185375764,0.20872861098692486,-3.400114864247068,-1.1827991221105365,4.824602947579055,4.56270589866264,4.347102685381821,-1.9458007000037725,4.118092198934531,-1.235476771218142,0.4626139220979155,-0.5161479835541058,-2.94321236942741,303.31654317011953,49.35383749008179
-2.9587590623882836,-3.494137558868733,2.6518628014850147,4.079243122944807,-3.962810091267474,1.180384796772378,0.7609467157893244,-4.185347475494622,-3.8223973765258092,-2.668565206104407,-5.036379877257129,5.0260461910209395,-3.150364244670703,3.4487716338858876,2.7068542789124095,-1.4070179908876268,317.57695664374717,50.39338660240173
-2.9280264342925473,-2.1108549281834117,2.2029925262065078,-5.071963055695623,-3.3343607891443967,3.602994069541201,0.4676564446229996,4.230156153013277,-4.452257557716353,3.956725606686885,4.936090684546669,0.2025663947001064,1.5848298151603641,-4.549217470538757,-0.44124448796871185,-0.5588430540931286,346.9999081513537,51.426908016204834
1.4553582460391645,4.15246996853798,3.673491871228607,-1.6666085079659587,1.242961069309346,0.07417168891152226,-3.4329108631978,2.8290592955903637,1.2922523699404804,-1.906745151411041,-0.37980651516918584,-1.1894724222252764,4.020549335721692,-3.8042319020188513,0.1726191033487341,-1.9790689767760439,236.90453887304457,52.462297677993774
