-4.612916510485291,4.896550701404778,2.018768676427645,2.8686637605758234,286.67558309708477,0.37862300872802734
-5.12,4.6046612428489135,0.7892120747163007,0.512403968775768,529.8589117419406,0.7805812358856201
-4.519114940926191,4.773524783702411,2.0817846524991532,-1.2364041316376002,438.00668589174745,1.2634329795837402
-1.5061539804975719,-3.7575178526758597,2.6998306685720754,4.920578324508148,486.2897449948373,1.6525328159332275
-4.689910305444263,5.12,-4.408051637119721,5.12,468.6966281459205,2.0989065170288086
-2.0716844314295684,-4.351227754119183,-4.154495577422942,4.039715080701556,272.8051650652657,2.330437421798706
-1.7418419618832042,-5.100474296814835,-4.238908729838845,0.38120538648090907,438.00995254863454,2.614145278930664
-3.0798214862879427,-5.12,-4.613787214476584,4.987661680101701,297.095193019862,2.8640384674072266
-5.12,5.12,2.8231736738614748,4.64566364013231,352.77463103867467,3.108990430831909
-3.460938193321857,-5.12,-3.528851910429328,4.134956644565244,524.059244643621,3.367184638977051
-1.592637446593708,-2.7196806033534964,-4.835528983046162,4.70619233968969,533.9212239730414,3.692397117614746
-4.542980647384615,-4.313027336813919,-4.297205939936742,5.12,575.2016402336969,4.093950986862183
-2.55747139465146,-1.041262231881129,-4.211095680511054,5.12,351.3668687441665,4.543172597885132
-4.3901263645760125,5.12,2.315495546449119,5.12,448.37206241381045,5.022588491439819
-2.690965226283935,-5.12,-4.471085649417043,3.097495825774474,442.9295970436791,5.5893354415893555
-2.2153984351590696,-5.12,-3.9513556232700724,3.3478170032555417,325.77463796932557,6.038978815078735
-4.936050681361682,4.818901931773044,2.3272844562215687,2.49102661815631,471.73393721005573,6.442749977111816
-4.726822908891889,2.7644819635094118,1.9257896782176784,3.8959482588243093,285.5926556186016,6.913313150405884
-4.189651400531814,5.12,1.8870163265660214,3.9191553007562847,189.55868107356056,7.307351112365723
-1.6123833872970104,3.618334256660181,1.8607933721506686,1.5207872426302735,606.187509058945,7.636636018753052
-2.4344429342190628,-5.12,3.889663141753119,5.12,342.4107210537569,7.959319829940796
-4.331908945754199,4.0843637490696105,2.9282782407432224,3.4826506864516213,428.4866952183692,8.372194051742554
-4.081679741603008,4.553060564790113,1.5842848400521117,5.12,486.8965489051941,8.67887806892395
-2.212284036271378,-3.0254050606799785,-0.8705333885231648,4.021282109764081,140.96473677369548,8.965400218963623
-2.2043030324251958,-1.7331061544765358,0.5546727203105943,3.0102143386822613,393.87049250127694,9.31479263305664
-2.1986591301848954,-4.193504126953396,3.1400978748821684,-1.0706443414713904,212.9630287052967,9.785147905349731
-2.17113463677147,-5.12,-0.3122660217369937,-4.5264661779973325,467.82136442565997,10.171529293060303
-2.2157498899318977,-3.500460378488425,2.5868736290269627,5.12,541.2865336129886,10.527942419052124
-0.49060432738105675,-3.0684353455499234,-0.8439172842796809,-3.764337349240185,368.82667585549063,10.901711225509644
-1.9297260611756855,-3.2479211900503686,-0.8193663233480102,5.12,234.3289946916898,11.283734798431396
2.9309076324822163,-3.104237711373709,-0.939928923441629,5.12,109.43411682420275,11.681336641311646
2.6239639198057185,-2.730949212301994,-0.9452249724585231,5.12,357.52928679233685,12.20436978340149
4.293232940176384,-3.2134372126573254,-0.928932007296984,2.6450986080797687,411.72395559103416,12.622708082199097
-0.6433840417992629,-3.0318663060639253,-0.8737723027615196,4.990826248692492,229.3684862077667,12.995364904403687
-4.523641361504197,-3.2268077647916296,-0.9477663216082428,4.608115387243493,520.5248855331795,13.366740226745605
1.1943632551478354,-3.049534909867514,-0.9469710057418395,4.657884629479727,264.0730974705366,13.932812213897705
-1.51637664168017,-3.0467215487051442,-0.8148419000763321,3.3719809636987383,457.0983405948506,14.308424234390259
2.0590531492731534,-2.9726455935819316,-0.361553902411603,5.12,239.2945890743571,14.703128099441528
1.8065045790498129,-2.9755724338221885,0.09922496337569253,5.12,150.67170880666936,15.068488359451294
4.557781881805773,-2.973150940972955,0.6970589857611493,5.12,410.9714303596952,15.47988247871399
4.522713541350488,-2.956390149240944,-1.1457290461974394,5.12,325.61128080005017,15.852564334869385
-1.0204818849536377,-2.9581396558408133,-0.5884553000129591,5.12,252.67056954528815,16.24988055229187
-5.119689673119863,-2.9941164746742013,-1.597470822719389,5.12,299.90903912570843,16.65580415725708
-2.4214665062117966,-3.021394586570411,0.05522539088700018,5.12,263.2459061285292,17.078537702560425
-1.6400494971779325,-4.261309366450318,3.166075560529868,-2.1734263944027665,409.81559925011453,17.51185131072998
-4.742055770497988,-2.938484899179875,-0.25246925006997767,5.12,298.4209129942876,17.972705841064453
1.2199579575281936,-3.1558981555142576,-3.490998401391721,5.12,402.28791623050336,18.429702043533325
1.9256267328510637,-3.230705971078503,-0.6039961678137695,5.078046312172591,330.11008517522424,19.027008771896362
-2.121085008533309,-2.962911361873225,-0.852171174209869,4.128637844450188,132.37142094331753,19.459430694580078
-0.6927794465021035,-0.4751692531914822,-0.011774577040956302,4.048448655940526,355.9356033431915,19.88592529296875
0.12256836246108271,-4.967921652735827,-1.1862017055048697,4.07581447608822,145.06834681010278,20.288530826568604
-4.1456084308662104,3.6241529232800813,-1.286090242503969,4.081277639233183,393.97045419099453,20.764940977096558
-3.987972107953582,-5.12,-0.879045083686453,4.080129818388122,126.85089590866727,21.169264793395996
-0.210539450186781,-5.12,-0.8779507291637243,5.12,210.9002252150423,21.62769389152527
-4.436497761088563,-5.12,-0.8880316458829265,4.134530608986249,340.41888866132683,22.1205632686615
3.568778735265412,-5.12,-0.19007260905229906,4.274881649822121,453.97117923328915,22.591657400131226
-0.3548203173347062,-5.12,-1.3918339723977606,5.12,447.68034139054555,23.170032262802124
-1.273086371244362,-4.740871728600544,-0.8198828048502182,3.980399720025905,319.04557586090436,23.65127396583557
-3.6098171603316658,-5.12,-0.6650836300891845,5.12,448.0915980658307,24.30353331565857
4.819972120002601,-1.3809052839391298,-0.88646073163134,5.12,334.35046440332667,24.826656103134155
-4.598667492163935,-5.12,5.12,-1.1387090414573788,346.1051666130982,25.334190607070923
4.9878896261106584,-1.9088984624439416,-0.9502142831794291,5.12,103.82564898910326,25.84534978866577
-4.323765177938644,-1.1491102487713625,-0.9536384629740313,5.12,263.93168642233366,26.335811376571655
4.7633638506571705,-0.9860483081804201,-0.9090200092881,5.12,185.70160602393366,26.817718505859375
2.604678741999094,0.29376538627264637,-0.77648438223952,5.12,450.5195860093529,27.29148840904236
5.12,5.12,-5.12,-5.12,213.27014903143584,27.789895057678223
-5.12,5.12,-5.12,-5.12,213.27014903143584,28.348108768463135
2.159475642479043,-3.2678864220990125,-1.1341690279326313,4.0696035418458605,233.4341794612006,28.83919072151184
3.7146491196484,2.9413765694309992,-5.12,-5.12,257.8222481653624,29.410197734832764
-2.024905773371791,5.12,-3.9504403539326267,-5.12,132.37243145493937,30.05900764465332
-5.12,5.12,-3.1975719792524897,-5.12,237.82812738757323,30.742602348327637
-4.640272567193049,5.12,-4.564228938732349,-3.9602151111424364,470.0504562061512,31.535659790039062
-2.5851679385410993,-4.068720299947012,0.09333970224185606,4.068427770446182,260.8079041126108,32.296868085861206
-3.1054986499617954,5.12,-4.144718154841208,-5.052120005137216,170.7250405056093,33.05853891372681
4.645900377912869,3.727471624808339,-3.7499907129958396,-5.058582337059379,456.7845863788256,33.67623734474182
4.7276611982611945,-5.12,1.2985691033727562,-0.705353530741367,449.57310381746754,34.26184105873108
-5.12,5.12,-5.12,-5.12,213.27014903143584,34.87431478500366
-5.12,5.12,-5.12,-5.12,213.27014903143584,35.474518060684204
-5.12,5.12,-5.12,-5.12,213.27014903143584,36.04430937767029
-5.12,-1.5525614675045878,-5.12,-5.12,356.9590776407649,36.666393756866455
5.12,-5.12,-5.12,-2.3569255430228693,327.7498786704664,37.2122106552124
-5.12,5.12,-5.12,-5.12,213.27014903143584,37.844515800476074
-5.12,5.12,-5.12,-5.12,213.27014903143584,38.504294633865356
-5.12,5.12,-5.12,-5.12,213.27014903143584,39.30184745788574
5.12,-5.12,5.12,-5.12,213.27014903143584,40.04837656021118
5.12,-1.2478707671069578,5.12,-5.12,260.1719966495134,40.709084033966064
-5.12,-5.12,5.12,-4.526749661495341,379.03496805130794,41.53298544883728
-4.739721782969674,-2.9137842215555265,-1.9817554316725312,4.034129777691194,174.8741607029478,42.338889360427856
-0.5001610027021117,-2.2127245442188666,-1.7909206008250633,4.088281178440519,391.4250125882633,43.044004917144775
-3.4850568988568034,-2.0228793930707445,2.7597902770786744,5.12,371.6151664998,43.714468240737915
5.12,5.12,5.12,-5.12,213.27014903143584,44.429643392562866
-4.1193026946211395,-3.007309731762472,4.73804177834372,4.168464564319932,251.23505480393493,45.15419292449951
-5.12,3.1523298195188696,2.220165672385206,-5.12,245.27754825439646,45.90072822570801
-5.12,-5.042958288552968,-0.3150201667241843,-5.12,275.5127987442604,46.67645001411438
5.12,-2.1898726245954028,-5.12,-1.5777376016729283,365.3396244474399,47.56213903427124
-5.12,5.12,5.12,-5.12,213.27014903143584,48.312793016433716
-3.2051915485153732,-3.0341429411338634,-4.909345828128211,3.922923361930688,160.76647026981186,49.10447955131531
-5.114627119275915,-2.8426249089821103,0.524946536945043,3.924568116175144,329.58098519557865,49.925395011901855
-0.17715367096886414,-3.330013528610545,-4.901282443597841,3.92866859842177,283.0749127562407,50.7472448348999
-5.12,5.12,5.12,-5.12,213.27014903143584,51.55157017707825
4.881905846278102,5.12,1.6972486419735917,-4.901939734766602,281.2779313098292,52.34312605857849
-5.12,5.12,5.12,-5.12,213.27014903143584,53.165297746658325
-5.12,5.12,5.12,-5.12,213.27014903143584,53.96193027496338
-5.12,5.12,5.12,-5.12,213.27014903143584,54.87310767173767
-2.7509819816381604,-5.095923580121918,1.057455686189333,3.8667586149531923,206.098667741444,55.77045774459839
-5.12,5.12,5.12,-5.12,213.27014903143584,56.60178232192993
-5.12,5.12,5.12,-5.12,213.27014903143584,57.4359347820282
-5.12,5.12,1.0518889402537956,-4.835949738521376,184.97888162599918,58.29149079322815
-5.12,5.12,5.105130163534057,-4.795703135567448,248.40776025193014,59.13436675071716
-5.12,5.12,-5.12,-5.12,213.27014903143584,59.993391275405884
-5.12,5.12,5.12,-5.12,213.27014903143584,60.88998198509216
-5.12,5.12,-3.250127969982638,-4.825627154478571,294.8156894825104,61.80245399475098
-5.12,5.12,-5.12,-5.12,213.27014903143584,62.71485710144043
5.12,5.12,5.12,-5.12,213.27014903143584,63.63423728942871
5.12,5.12,5.12,-5.12,213.27014903143584,64.60144805908203
-2.125372300043448,-1.8386834494692095,-4.612992861954936,5.12,334.9068282185391,65.53027057647705
5.12,5.12,5.12,-5.12,213.27014903143584,66.66706252098083
-5.12,5.12,5.12,-5.12,213.27014903143584,67.64637804031372
0.18194535104630383,5.073767515335969,-4.037477653688062,-2.2148409691726427,196.91251936729216,68.66925644874573
3.1512990832416454,-1.9696349428631863,-0.893292048120018,1.5316291785516283,280.33083573336876,69.78259205818176
1.3834546367461442,-3.057105566116647,-0.941382109592416,4.111166963159529,239.90577572517145,70.84071850776672
-2.6851861223914706,-2.935452737435188,-0.7873241382835765,4.042637064192328,260.83921244617505,71.93965220451355
5.12,-1.847481722627689,-1.0076894735786075,-1.4570936569671318,298.88290545415674,73.04367899894714
-1.0106286628958179,-2.9460664282733835,-0.9595376666290587,4.0677162676990894,45.207687326152836,74.17754340171814
-3.9171133125081203,-5.107070410984102,-0.8919773538647391,3.9961315208110255,115.42883814981754,75.23483347892761
-5.12,-2.893845659098388,-0.9238910806792182,-3.645290225322335,269.6290497391638,76.33234095573425
0.3986772931575171,-5.015014800703909,-0.8965195423027428,1.9536610204113467,235.3966245641658,77.48204445838928
0.3798427282571746,-2.9633672114415397,-1.008229996070197,4.003563692195681,201.5960463409827,78.8276252746582
2.5973083341740617,5.070950131041214,-4.0044336574037676,-5.046301286710613,269.8591870856949,80.17934131622314
-4.9162790860694745,-5.067057431851261,-0.9770616303922139,4.034788647226159,92.76037184699312,81.4068672657013
-2.684091119837158,-5.028297791732181,-1.0706600148137406,4.577584966849906,394.4496574045095,82.58498930931091
-2.4515218738645967,5.12,1.4010741854666344,-4.730110469678769,572.8222640738961,83.82538342475891
3.7423785067743287,2.315789936208323,-0.9286376800191594,4.036061805758341,293.91823581672065,84.98118758201599
3.0402384068451633,-5.12,-0.9329051334038674,4.03359792592057,93.85501186007916,86.3093249797821
-3.524403465300213,-3.5095353406525156,-0.9299939854395181,4.037850720780358,452.8883296265661,87.60290765762329
4.468582747506054,-5.017420200027717,3.1463882341752436,3.9849748603904684,309.42503198006557,88.91869974136353
-3.9690022857771883,-2.7759690102770103,-3.0285414690235037,4.114418732501131,161.55720475603886,90.22118330001831
-3.3539926055456943,-5.111023210809994,-0.9652283756708782,-2.3888131395492347,407.1102907432058,91.67745089530945
3.7072661356202063,-5.005625202005943,-1.0884646060766991,3.992877355863853,197.6737423742428,93.09810972213745
-0.8793583533008027,-2.912639486878338,-1.0123063915740245,4.326655163975324,217.69337685544986,94.58876061439514
-2.8774983453116842,-5.042124585836597,-0.85267436410183,4.04119533374267,125.63330399655797,96.13236236572266
-2.911821857974343,-5.0736819877462525,-1.1541221355244522,4.073739059378801,131.51291773429878,97.54307150840759
1.1493656553706249,-2.8969677252945005,-0.9915982619965842,4.127684062552038,119.49790606467995,98.91047596931458
-2.9913553444673684,-2.8819550011442856,0.1815235887534694,5.12,155.3098184300544,100.28660130500793
-2.0652256470783703,-1.9867251880040833,-0.8596073634268331,5.1102872151838,103.20648813694054,101.72148847579956
-2.2061354960012016,-4.986460836789272,-1.0441401799365524,4.088783202678592,139.66987082705742,103.15338587760925
-3.4863611920067425,-2.0182899340496436,-1.0083055069902782,5.1199988629086475,270.99069277744206,104.61065626144409
-2.7925256923365245,-2.8821725712946584,-0.9353540781772152,4.070878532411872,151.21479880732204,106.09076476097107
3.0814548697788444,-2.9416352702398316,0.1767437897381372,5.037445727537659,121.35302187066085,107.5842707157135
5.071652456410281,-3.0605131346848045,-4.9666849664392965,4.026086922898581,96.59464697355621,109.06671261787415
0.8643272044452006,-1.8938764406410913,-0.7805762448320674,5.108130564276331,189.75340149805797,110.57105612754822
4.276692941274878,-3.050408240618265,-4.813457720742524,4.0314764706374,251.81008521599915,112.05179524421692
3.0508283733997628,-3.058332542781672,-5.092338124746694,3.979006856160022,89.35574458378304,113.80048108100891
-1.2044572357722858,-2.958846243463619,-1.0427345437631246,4.09589542012075,124.35994908988273,115.37314581871033
2.4182098034540536,-3.141529621354069,-5.025835293438646,3.988994442760675,282.5259805300307,117.01729702949524
-3.7098511524758697,-5.12,-0.7360628331146799,4.028024299128373,319.09889662583157,118.60329627990723
3.581060278264917,-2.7116541961291474,-2.921254617689214,4.178536258518599,425.92370512061336,120.24915957450867
2.9279167112510125,-2.982129015285219,-5.037583659631666,4.007036894730317,72.48451982309922,121.78300189971924
-2.931321275711206,-1.9327919337377164,-0.9006077497523304,5.036719947336539,77.98345520440664,123.35314393043518
-0.6082662523823794,-2.0003503209984954,-0.8077528029917094,5.017267263854591,273.03011845642175,124.94444799423218
-4.93896497096371,-2.8326491237325784,-3.1230834255544346,4.057912891996012,151.2646378738582,126.47469592094421
2.5370471306733853,-3.167203308667268,-1.0087297131067103,5.068506992123255,300.0426554577574,128.06683015823364
1.2293089246479045,-2.9551661371103366,-0.9452244437053077,4.110681021357544,148.09930044420537,129.67902088165283
-1.1780177117580761,-5.020792973486569,-1.182185206652433,4.169211139597979,212.58586867550383,131.37476110458374
-2.6217871079795665,-2.989825370070435,-5.06539168480133,3.9214596422335655,249.43051463257333,133.13453269004822
3.7196555695934324,-2.9947050125530343,-1.8583486667870517,4.04833378049775,203.28909060812612,134.96492767333984
-0.43261910357273514,-2.7329680236314577,-3.08288187499674,4.018400945429163,349.0837637445248,136.70404386520386
4.133780971455907,-2.87423046458168,-3.076205167146494,4.144525284013542,164.63729611183095,138.5619339942932
-1.2656508670514954,-3.0264010814443436,-5.088062602471044,4.067813795239306,188.24925942751167,140.347092628479
-4.210045337408595,-2.986520623882808,0.23763784760536755,5.112921537033732,244.73138469357866,142.19492745399475
-3.2231575642934613,-2.85889412910015,-1.0964072536974463,4.098786362848968,193.0175465597576,144.02648639678955
1.962810974002302,-2.807933301484397,-0.9871992846716813,4.2212030746708065,179.97397638477986,145.67945218086243
-3.439684813291247,5.12,0.9003772803689127,-4.881994272050216,327.90839098898493,147.45013809204102
1.0102457427418372,-1.8421888416849792,-0.9284890419527834,5.044670355161171,90.03205473853097,149.21973705291748
-4.791352036478804,-2.960301502071345,-4.944630574228061,4.026396571920151,157.14856417865713,151.06670236587524
-1.3703561553656214,-2.935445541906599,-0.7856775683272037,4.22769523666613,369.51853181444375,152.94940519332886
-2.226238513807268,-3.058977421350515,-0.8478597421742569,5.12,202.5779475662265,154.7788417339325
1.8224143554330485,5.12,-3.8331009520147776,-5.12,230.82984678850508,156.8729043006897
3.57204121496454,-2.8735041693563774,0.08422225333676892,5.048915344502112,284.76539400781775,158.7834279537201
3.5812799840889733,-1.8848300639895474,-0.8814911395561369,5.096281636342614,299.63944239113334,161.18407130241394
-4.529185106557518,-1.8942169702399712,-0.990076084455195,5.014534080991422,270.4487735730407,163.57229900360107
0.12007517143053725,-2.882274864609984,-3.0203734189298195,4.051394814034171,93.1130514296719,165.90727949142456
3.8259692168509103,-3.0177752192526692,0.16912862216349733,4.959263992843405,157.65343494626063,168.3580460548401
0.13054618285532538,-1.8041718089366454,-0.8902786968287062,4.971426959308789,151.63628233136694,170.81368446350098
-3.4313921064071766,-4.871518996061901,-1.108242553285482,4.103869831987965,318.08122784588255,172.92914175987244
-5.12,-2.989923126654707,-0.9540316564461948,4.084160162360358,97.8486268216356,175.51446866989136
-3.899761586823807,-5.043410027399907,-1.2610715999695459,4.033205226182118,190.50374401491038,178.12779784202576
4.236428822901158,-2.946662637396304,-3.08921957427418,4.026097323416294,166.07623726735574,180.58058547973633
-3.00703691122488,-1.914442526382527,-0.6676125362489786,5.12,230.1573959952168,183.00232648849487
-1.8454429138465294,-1.7543358622751688,-0.9667828604311461,5.061619476195502,183.447589569345,185.65247774124146
-0.8269031932900512,-2.9125322671632663,0.2470333954110222,4.949187970049654,205.17562319516176,188.20864272117615
