-1.2484298768760644,2.204289391497708,-2.8720020911871913,-3.5962330497664006,411.1884740067893,0.3557593822479248
0.331759911825932,4.389148906094818,3.988518886730252,0.2510863214393888,462.13941795502063,0.5335869789123535
-1.9231430842205963,-3.265892022738031,5.12,-0.5132652544082301,389.00211868159204,0.8223118782043457
3.8586990274119417,3.607233030907836,-1.7472557211193824,-2.3556353403319683,514.8708181632501,1.101435661315918
-0.2407738895369942,4.815232594084974,3.94333771404552,0.2739071097466139,314.4625099287457,1.3863661289215088
-0.25081098559292947,4.828710183928014,3.9129240595654666,0.2598477767622862,312.58444069439116,1.6934669017791748
-0.25628200001436685,4.837928236413512,3.8925893407946157,0.2510444498853053,312.73160779047186,2.0272774696350098
-0.25289137225783787,4.833792618315315,3.9079460274581423,0.2579809427649993,311.61320057901315,2.389578104019165
-5.12,4.845646085457864,-5.12,-5.12,226.8892727704227,2.7937214374542236
-0.2950685314748043,4.849581777106766,-4.044604952586713,-5.12,266.5582792640221,3.1977591514587402
-5.12,4.843038549169049,-5.12,-0.6666753738056137,325.34502719334944,3.6065497398376465
-5.12,4.842905395310857,-4.960117591850107,-5.12,202.6999114177814,4.0455427169799805
0.9461545046074642,4.842185058624353,-4.91232033350741,-5.12,167.51731382434986,4.578640937805176
1.5496152743516287,4.842039360335069,-4.902633496478239,-5.12,361.8567583801729,4.949986457824707
0.9361079138691819,4.843031318313801,-4.911503075973782,-5.12,169.60589064713474,5.379030704498291
0.9634746719499603,4.84068921394672,-4.913730050915884,-5.119975175856447,164.82067967915955,5.801219701766968
0.9832302548011658,4.838989042976986,-4.915014451928574,-5.12,163.28795512164538,6.244824409484863
0.9937520110044149,4.837856500547503,-4.916248699155472,-5.11883005247625,162.53162204812983,6.716794967651367
1.0045775648782822,4.836219884032357,-4.917254871971969,-5.12,163.58737407828562,7.076967716217041
0.9960961589951856,4.8509542975922,-4.917591038002083,-5.069576756843255,137.68771044742937,7.401120901107788
0.9960605486335661,4.85347564579084,-4.917756497377971,-5.060550561276689,134.0487488741641,7.773284196853638
0.9963427885784917,4.857718099692462,-4.917944145789852,-5.045313954258511,128.65151272248892,8.151570081710815
0.9964752407806623,4.862968322133754,-4.917998218089868,-5.026191212880202,123.28016690996967,8.525545597076416
0.9968076194453976,4.867493947415306,-4.918061540978531,-5.010066773008707,119.85844764442814,9.021179437637329
0.9967799961486659,4.872014038186642,-4.91853625528545,-4.9933718790499215,117.40744016378291,9.417543411254883
0.9933945226601244,4.886984776085106,-4.923779585449544,-4.951927443145083,113.66798696353692,9.85522723197937
0.991927243006046,4.892811377998785,-4.927386411236419,-4.940660884849927,112.67513956139288,10.243996620178223
0.9890983969397871,4.905903412311953,-4.938270251939011,-4.925119323438294,109.19149725803798,10.569472789764404
-5.12,4.8252324662709265,-3.9274320922529826,-5.12,210.0295430309616,10.934396982192993
-4.932108194092991,4.393786478725269,-4.477632074202675,-5.12,503.51893681582874,11.50345778465271
0.987044147250443,4.919116227492075,-4.951695709265117,-4.91714906357321,104.65576874619794,11.917231798171997
0.9777250720117294,4.949734250321478,-4.9812421458961245,-4.914789653984587,95.03451673114289,12.243756294250488
-5.12,5.10199699223618,-4.391017536121638,-5.12,349.2459297919264,12.68860650062561
0.9753608281114445,4.959624084273966,-4.99161481514796,-4.918282162623817,92.08472831137195,13.036259889602661
-1.3487081946710937,5.12,-3.2048502878837697,-4.7886749701392635,394.40778846014484,13.469726085662842
-0.6002665740495887,5.12,5.12,1.0465787564802405,293.1459574193191,13.799829959869385
2.9017454425642972,4.777511973990834,0.24329222257319394,-2.008340366340503,232.5195107492268,14.21209979057312
3.59522261127852,5.0196754991863,1.4474100793485123,-2.1166174912370224,448.34543885912296,14.599296808242798
2.358841949527105,4.589443388668507,-0.7024226275513525,-1.9223563670529025,519.7319166299908,15.034853458404541
0.973638383848165,4.973280621592349,-5.008159246877696,-4.924871585304912,88.8594377254283,15.463714838027954
0.9737822799710258,4.9920558558201185,-5.048064625736869,-4.937793628313754,89.27914626761421,15.822407245635986
1.0915571211891573,5.020141392559069,-4.140249475106726,-4.8937562258717024,142.2233539879117,16.086686372756958
-5.107812996258168,1.3418322634808781,4.467276709293004,5.0981170814495504,466.77115312998865,16.368468284606934
-4.038898629073276,-4.783903537193336,-4.7339373463507215,4.971033824989267,279.8771768553336,17.004987001419067
0.9757227995488931,4.984688420369676,-4.988030301353586,-4.934065036467116,85.39025980581162,17.338054180145264
4.984509399710391,-1.6379974448298977,-3.8752719075817614,-5.093648707900909,279.6577818452365,17.74019503593445
0.9807806052841181,4.98858676544316,-4.9266794326370915,-4.940506719895459,92.84484994826241,18.16384768486023
1.0351041004437738,5.12,-3.829258964823204,-4.76145814114275,239.18632085509626,18.555198907852173
-5.12,5.12,-3.4995198580419267,-5.12,372.1987959503358,18.960219144821167
1.0202986503305587,5.12,-4.337008655583447,-4.6743355657196215,393.5868342340659,19.442753314971924
1.1483445457175154,4.9623998276840515,-4.0756589392993146,-5.085585694842085,136.78095565759082,19.930039167404175
1.1682460345449295,4.527008626321861,-4.058691692305517,-4.935019423274489,327.0539664997213,20.335167407989502
2.4795219249163916,3.861308373785209,0.6450065403480991,-1.988732409921429,421.76649769319266,20.754342079162598
3.607005448596472,5.12,0.09994725072557387,-2.0572305255502155,274.28186737344225,21.248329401016235
3.617647893209699,-4.794310616995666,4.6546098193292975,4.548630136723291,676.6248944429462,21.673527479171753
-1.190575226126215,5.12,3.9936262991971754,0.8184466736397589,193.26510085425087,22.17546010017395
-1.4810739609316,5.12,4.184077583174438,0.30227722139564417,464.4160357616337,22.64963173866272
-0.9528262134040144,5.12,3.85702815740101,1.1685725520121446,163.5762834555367,23.120080709457397
-1.3882853584989596,5.12,3.88721896089326,1.3021499439633049,404.6688603841737,23.622032403945923
-0.7996500466841345,5.12,3.914793118539797,0.8940365580168566,174.73838500789955,24.126221895217896
-0.5880167504147034,5.12,3.6655593884085276,1.3290308096600878,552.2020107096953,24.537717819213867
4.560848303269512,-3.1825094433219423,-3.969665345454888,-4.208064562006482,391.7957479208847,24.98177719116211
3.1151440987999317,5.12,0.2531015773405194,-1.2873343524133993,314.9837242778614,25.423353672027588
-0.9692284587416866,5.12,4.048748554367688,0.9778865283179856,79.08684972202126,26.069562911987305
3.0429174405888473,5.12,0.2114455424863717,-2.7634770972078613,241.42615643352462,26.68029022216797
-0.9695808698757791,5.12,4.053030759101138,0.9766158061703489,80.03687484734529,27.300342559814453
-0.9687188191768925,5.12,4.034144518494062,0.9821506342325064,76.34090218961738,27.865111112594604
3.415000405598236,5.12,-0.0003046318420034666,-3.7988283955130844,335.2846209433089,28.28609275817871
-3.2212876145193645,-4.333924562462839,-3.3845181361593206,4.356653833380309,628.8925328613593,28.86900758743286
5.12,0.37086819069785193,-3.760841198012689,-5.12,382.9614278339035,29.383436679840088
3.1042244708409372,-4.98397433388724,3.2433993485595876,-4.6821773872356856,325.30190638617495,30.19171977043152
-0.9617154788376476,5.12,4.020816257612771,0.9827571704501068,75.69488663335166,30.668786764144897
-4.759649182529364,4.9422394707577615,-1.4061692587187298,4.4004872104744885,533.0761493450275,31.10465383529663
-0.06258691781350745,4.961387843172477,-5.0678703063859425,3.2776020549558504,197.81848128661784,31.606001615524292
-0.5148546194118557,4.9653574581670386,-5.119998377736639,3.627688589757958,462.8272610375983,32.12387490272522
0.27284342786305427,4.958443736656913,-5.029208826391701,3.0179557261529686,179.069885754094,32.880125522613525
-0.9661023672765143,5.12,4.016258167229451,0.9864413970315482,74.49782579108589,33.42167830467224
-0.034896264896506324,5.025628317026478,-5.097240360907282,2.66205135694295,232.59568686934017,34.025169134140015
0.22641676702910463,4.351357396648525,-5.00086282717856,3.2571715127822722,403.8120647819311,34.67694640159607
0.13486035986876566,5.12,-4.745132361124059,3.1555450658125457,266.74569227669923,35.34818649291992
0.6337518229062571,5.12,-5.12,2.745501180356981,384.118231463231,35.902690172195435
5.010107903795945,4.685991953926849,2.3295134815384344,4.614282243416807,536.3374087386866,36.70021891593933
0.8896445141264726,0.1468179390444746,4.7978165131747295,-4.66559805218964,329.293227323912,37.396047830581665
-5.024898379075475,-5.114376159933433,3.8950422765573043,4.9808406755795085,139.02996092811927,38.318244218826294
-5.059107610715843,-5.119999873743887,4.245010503520958,5.117624685798744,252.89481195923116,39.28597974777222
-4.993614391890622,-5.109233008516497,3.5750001693864837,4.855753294023432,337.55887764992264,40.16478109359741
-5.115165085899431,-5.021235797292666,4.0224652661521665,4.682362381075763,257.65362347034306,41.24233651161194
-4.816284774586872,-5.12,3.9414382448245204,5.12,211.60575372395292,42.314069986343384
-0.9737279970650174,5.12,4.00782702659692,0.9924137479332202,72.90707377698233,43.2058207988739
4.690272008357694,-1.7095812638900627,-5.11830809087864,4.695905453624774,494.664680954707,44.026113986968994
-0.7863614881981853,5.12,-4.971557465382761,-5.12,210.91407317007008,44.978516817092896
-0.8776585432039843,4.393073472956325,-4.873564693397387,-5.12,333.4543331426655,45.83419895172119
-0.9818442400096012,5.12,4.0018756513270075,0.9973761970943382,71.96181795519139,46.69237184524536
-5.12,-4.117143556828183,-5.12,5.12,202.78983117973496,47.829261302948
-5.12,-4.2849521978987815,-5.12,4.418090456008872,453.34679034172075,48.789562463760376
-5.112847039564447,-3.451696981708567,-5.119047084475311,5.12,363.80310582488914,49.59775352478027
-3.8740670444839322,-0.9037457368140664,0.5635175020434486,0.8346238373917734,305.7226557492029,50.49426603317261
-5.038547317651376,-2.97320527935392,5.008493989352266,-5.031121261074405,91.00478249842871,51.45015096664429
-5.1180300682629545,-2.9349314718484543,5.1175039739798,-5.117799746668446,173.89421543566834,52.31943392753601
-4.9819455071528225,-3.000461049430384,4.930864962566182,-4.969395144115954,94.60445330114621,53.19320106506348
-4.940748266549474,-2.9743563626533485,4.967656116032024,-5.1114593285835,117.80220582958323,54.08473515510559
-5.031780657680451,-3.0049810770638876,5.0245121655178595,-4.876622055735613,115.16795539886898,55.11537981033325
-0.9883006048456666,5.12,3.9983948032152528,1.0002888691170995,71.55732540566414,56.0391571521759
-5.089382056813862,-2.9764962438180396,4.9046786015816926,-5.017249543977636,118.43064990199215,57.172913789749146
-4.978986608257269,-2.8713541573697126,4.9917430170324115,-4.971672779620722,116.18219908891383,58.405346155166626
-5.000653619259408,-3.121850144553875,5.00155147960128,-5.013826024107736,113.19296076349447,59.360103368759155
-4.575564175708517,-3.2013734657318937,4.529778047044528,-4.571126585137544,719.8918189386454,60.35696220397949
-0.5882343928416107,-0.7463917016440282,4.85012977022198,4.837893593475553,423.81604498008016,61.18641901016235
1.1632943223427663,-1.0868329004098083,-5.119695846766938,-0.09687032656684202,136.37981742632013,62.307401180267334
1.188704198879532,-1.4544252513774452,-5.032111550446509,-0.18372271373238558,348.8225116453448,63.657493352890015
1.1452058168761354,-0.8251555764709702,-5.12,-0.0350428854489353,151.05075072267653,64.85240983963013
1.31493575291677,-0.9982996004830769,-5.12,0.20110651013011438,265.5273400945428,66.00146818161011
1.023577296974361,-0.9397400658356814,-5.12,-0.28962923630621784,188.15340031609963,67.13186144828796
1.3269681548566687,-0.8974643651129437,-5.12,-0.2928359664507454,349.10280919560125,68.2634630203247
1.0198193581880783,-1.0164988981944596,-5.12,0.0371452972892552,59.41465649083726,69.55215358734131
1.0151572065429528,-1.0171573748652651,-5.12,0.039707149125136176,59.514014404296375,70.67152976989746
1.016000060352714,-1.0191670312362637,-5.12,0.033643254040395476,58.84473389511649,71.98688125610352
1.0121094328474234,-1.0239613230761888,-5.12,0.022639809436839187,57.82145265497185,73.22457337379456
1.008325495480035,-1.0281246269998876,-5.12,0.012711612602246625,57.40433696981013,74.8226842880249
1.0057753440144124,-1.0299858909577395,-5.12,0.008373499718985933,57.36387917062882,76.46666955947876
1.005006587742555,-1.0302923235203503,-5.12,0.0080420557637213,57.37210936499781,77.89517259597778
1.0048686072499402,-1.0303741846305199,-5.12,0.00813244267664448,57.381941247917695,79.41393232345581
1.004554518266552,-1.0288653875927274,-5.12,0.007875754899584031,57.188837370368816,80.84631323814392
1.0013051270506113,-1.0207042692495802,-5.12,0.00652721185917482,56.29443906848756,82.40941190719604
0.9961048191630599,-1.0070289536955537,-5.12,0.004445652265773425,55.490354583065425,83.95296335220337
0.9929064130024088,-0.998146876922335,-5.12,0.0035379492348637243,55.43050455853347,85.5593032836914
0.9922893245460589,-0.9971474039020123,-5.12,0.0035732079307626563,55.455090194736414,87.20917463302612
0.9921526456057936,-0.9971324781203759,-5.12,0.003620564652392133,55.4598262446915,88.78160572052002
0.9919659927226494,-0.9971371895218057,-5.12,0.0036936034019605657,55.46631582494133,90.58656644821167
0.9914944269482975,-0.9972122774031433,-5.12,0.003909320443021613,55.48332016434897,91.91377139091492
0.9942797081293175,-0.9968821500190357,-5.12,0.0024911746192310957,55.39593044866551,93.2357394695282
0.9962448344135932,-0.9964043008229515,-5.12,0.0013186044572499611,55.35964970748441,94.41326975822449
0.9976319540983631,-0.9960845671781637,-5.12,0.00043409380059333813,55.34669211689193,95.5039393901825
0.5839939297259296,-0.7451361401326544,-5.12,0.17204837000414397,396.64967814353207,96.44615149497986
-4.698146636021794,-0.9279670746754336,-5.062842432651495,-1.391807399189883,378.04362375524204,97.38972282409668
5.084484699294193,-1.2055633128677425,0.70293745403111,-4.132401236304437,292.872689005042,98.77649521827698
-0.993248195206121,4.985771163269498,3.9965639879019657,0.9929737246623027,43.41305880770881,100.0538432598114
-0.801661390177709,-4.5568830794185535,1.333315982197118,5.091404952953762,476.9299610415086,101.33680486679077
-0.9948008625777218,4.974125643135609,3.9952200543098852,0.9948575734903491,44.15232045411322,102.5946888923645
-0.42309267976392206,-0.6994985822693272,0.7748658168869902,-4.993115493066713,430.48467703917606,103.90599870681763
-0.28834956373737697,5.115997535668147,-0.13711918399708534,5.031742582198759,237.71767252887162,105.07244992256165
0.5437945615513522,4.865942150724803,0.7547587145566119,4.926769889448912,385.89014076625284,106.32054448127747
-1.0350103338694794,5.12,-0.9406043629096015,5.12,117.88403115631581,107.69198226928711
-0.7373975467730443,5.12,-1.1826124594572902,5.12,275.40045914129735,109.10163426399231
-1.2755750154061776,5.12,-0.7322634735708302,5.119216047253562,335.5753695444331,110.48487281799316
-1.1808457006070143,5.12,-1.249002118894405,5.12,266.86596135019386,111.86598539352417
0.9554603949946037,-4.892719241085324,-4.618763135248629,4.280634359214049,382.8257917137105,113.29917764663696
-0.8307272134573394,5.12,-0.7474108321441291,5.12,260.9352889056287,114.68143653869629
5.027772854747929,-4.616808698832086,1.7434387140339531,-0.24679543643993362,427.57539464429556,115.99562859535217
4.497962985207368,3.5921258874384128,4.564231696512606,-5.099038488076468,674.379601164397,117.59692907333374
-1.1367375964298878,4.847410455989336,0.9517135698027248,-4.938400723839408,139.28442792906088,119.5515661239624
-1.238597250123036,4.875907075669013,0.961683460328441,-4.378986379077673,342.4814586182623,121.2478699684143
-0.8507858203613745,4.7674141514273325,0.9237274250034622,-5.12,218.7910079444768,122.89330077171326
-1.4075055537637131,4.853313177162325,0.9486436189447716,-5.12,308.0471666434157,124.63865518569946
1.2749500167317391,-5.030345094934064,3.0887423014676907,0.13877170633090063,204.7252915474009,126.02925324440002
1.1913480107429208,-4.339559502965831,2.72457100681926,0.6008778774476573,541.8464449974186,128.14009022712708
1.3657505170198503,-5.12,3.484274203591492,-0.3631185819095757,598.6911116147714,129.93483352661133
-3.90801669291005,1.841292987785497,-5.092106041881521,4.531395868899568,341.44489598140206,131.61193871498108
-1.0002814455750322,5.12,1.209457056224787,-4.961704881074319,158.08113829844905,133.3335666656494
-1.0285922705043467,4.575504650521682,1.335736953616256,-4.933605845775856,398.5616365091009,134.844961643219
-1.0244374123603084,5.12,0.8628373634318995,-4.949421590172146,120.68619519646789,136.70948219299316
4.730613780497422,4.0262013873087765,-4.698190568526342,5.058505822384279,338.41495243986805,138.35017323493958
5.064722932325929,-1.1063309660445348,1.5140896781882827,4.9895503127251635,283.54267849006436,140.388254404068
-1.0198733553407378,4.863955101909512,0.43802096984607264,-4.931122433964754,286.07931653027083,142.73843097686768
3.5098382330871862,0.566817560330783,4.977366495686355,4.502239838723155,649.8091186108779,144.46820259094238
-4.310344348303572,4.787081257518413,-1.0269833278369127,-0.8109912061518934,321.17550719749784,146.7152283191681
-0.9901850759862372,4.988034243324395,3.9991096744440684,0.9841039239126221,43.79480617339205,148.27590537071228
-2.5990501616463706,-4.931470360185424,1.0627752741315728,-1.317424856345577,373.1051861374321,149.92450404167175
-2.5295917398536534,-5.087457963808865,-5.089473810723713,-3.406387936866351,481.37153745523955,151.91197800636292
4.670187012076069,-4.915274409911046,-4.635075683912002,0.6970872646370108,528.5834386826639,153.80751180648804
-4.519092677899522,-0.18879677681877105,-0.45689585819990075,5.117578204562489,531.0480494823829,155.47437286376953
-0.9900653149146095,4.988439699521456,4.003257808591061,0.9994330357948256,43.369721702566736,157.22131085395813
4.908917054608051,-4.694072818992469,-1.697426880766796,5.027336188907433,358.54887339939404,158.84642791748047
0.04165136069657738,5.069802541074506,5.060502014625308,-5.0300440136586335,98.39951412021117,161.0144715309143
0.30562317816792994,5.073530682698725,5.1199814371646,-5.117878332745718,276.2592089794516,163.2547628879547
-0.9897631034908132,4.987682207606562,4.004470154049042,1.0001703970183824,43.438358471991904,165.19099116325378
-0.1532930358597957,5.067049697554391,5.016576843243496,-4.9651782025792315,130.0948760739662,167.05767583847046
0.04549638571621273,5.067227610211105,4.951813759329927,-4.725929748588124,204.99579271203993,168.94863748550415
-2.1150067002369743,0.6489937016136933,-2.540586895516055,1.6960008139005787,528.5534165104802,171.12938714027405
-0.06403856370793193,4.872117110217842,5.12,-5.12,168.94468770088395,173.0768609046936
-0.995481090890137,4.990050372923906,4.0196779415669175,0.9945122845291419,44.09691135467216,174.70049476623535
-5.06547195298156,0.2618553357293152,4.838152840080711,0.26264943502092564,320.32937990835245,176.36234951019287
-0.2985432711801126,0.21835258946110603,1.2533658009407729,-0.07625079438439375,325.3631201453512,178.08475708961487
-4.764499129296726,1.447467711369546,-0.5446039116377044,-4.739968694913418,635.4611843613809,179.8647711277008
-0.4749079861260457,5.12,-5.12,-4.3015418804219205,455.94525897590586,181.63263654708862
-0.020353014607422004,5.12,4.918108976704414,-5.12,144.58776504511482,183.52420115470886
-0.352992937816496,-5.032124803229193,4.553122757553408,-4.768484529870263,514.1288414508861,185.13381052017212
-4.7768766427682,-5.072630871962237,-1.7108275824504116,0.25910768209591506,375.055114807797,187.48627161979675
3.061875626381954,-4.740168983938359,-0.3411002400357219,-4.596712472599012,502.9896821196174,189.40136122703552
4.539723832663166,-1.5662289686245758,5.117946796824056,-4.700531283979955,616.5280883470909,191.20899319648743
-5.056795140762068,4.771171857908118,2.6363633052298363,2.6863599371864435,459.95407950463346,193.09613251686096
