-0.9758880705049053,-2.3095933606793935,7.663780951208992,0.0004367828369140625
4.655876204559028,-4.511686785070021,45.587327600260565,0.0008924007415771484
-1.2488396697825244,1.690654380640341,6.774920838072834,0.0013096332550048828
0.8422112511194983,-1.6163767945965555,5.518850485631778,0.0017218589782714844
-2.4913407727237504,3.7674996818490873,23.289620649843627,0.002166271209716797
-2.2571913062857343,-0.01724848450572658,6.146245910695438,0.002649068832397461
-2.497084360262265,3.3249518275396985,20.744287952507882,0.0030927658081054688
2.925195473783922,4.619516493867779,31.73618264083006,0.0034949779510498047
-4.035815975113809,1.6766495113614717,20.56891035712289,0.0038979053497314453
3.4244809540248378,4.4602317643826686,35.4792026838773,0.004311084747314453
2.033619199607828,1.3103866554216275,7.245329942181619,0.004748821258544922
3.830884989653515,3.1375673968132114,25.384264038207817,0.0051920413970947266
3.5870151562026082,3.42763064814853,28.367945930262486,0.005595207214355469
0.40456995764407555,0.7906444619269815,3.36174440731139,0.00603032112121582
-3.3086272007876563,-1.7532948721397923,16.360447171671932,0.006426811218261719
-0.7862441158578353,-4.757934270189735,24.980521235812038,0.006894826889038086
-3.3641758695223016,3.0008311252204907,21.980099176550848,0.0073015689849853516
1.5842272143157663,2.973020955025338,13.226166199283657,0.0077457427978515625
-4.374977184523562,-3.562383955627032,35.46216853206748,0.008186101913452148
-0.8646738701606438,0.9496930878458905,2.039345618801911,0.00860285758972168
-4.600982923914812,-4.557398887134862,45.67996838104946,0.009016275405883789
3.1127379647713527,1.2010318587727342,12.069336585413325,0.009429216384887695
-4.937170965339077,1.3008880161803518,27.459199010566113,0.009923219680786133
1.287286050090394,-4.104069332929493,19.938902983753685,0.010391950607299805
1.424900923581463,-1.5356920257096038,8.254375400547232,0.011016607284545898
-0.8670680303379452,2.004775762418209,5.1003804323505495,0.011459589004516602
1.0337150703595723,-2.1441784101310266,6.071443986440318,0.012209653854370117
-4.570270796522953,4.44383923233318,44.47756881459304,0.012630939483642578
-2.5245674212201625,0.8181938865237051,9.615507789643132,0.013039350509643555
2.2255480630083255,-1.3962342548118265,9.544386246518059,0.013787508010864258
3.790372589852912,-3.4584912565751913,29.043311602204863,0.014283418655395508
4.299583525533815,-2.754097497994331,28.352256253906603,0.014780998229980469
0.22936835700831537,0.1519556638037427,1.3686306047315293,0.015408754348754883
4.995457703379153,1.3225735202091258,28.144559582118994,0.01588916778564453
-0.9067336411986151,-0.2985965637487702,2.3787903873527405,0.01630544662475586
3.3747389083795243,4.6823046773172985,36.43141818850708,0.016706466674804688
1.3229813725522126,-2.1864806000650363,8.585037348744223,0.017239093780517578
0.5895929875618062,-1.0575020656262373,3.376186518144654,0.01768183708190918
-2.7250385661283585,-2.0419284406308833,12.786003248191477,0.018151044845581055
1.1717627570277935,0.7840462795820278,3.3034466644954854,0.018751144409179688
-2.1617178169762457,0.31109875931389475,6.617658369166209,0.01919245719909668
-1.1272108107284855,-3.2557771673837976,13.209763713921745,0.01962590217590332
-3.2849200426286753,-0.32091851525300896,13.542335417120427,0.020158767700195312
1.321076011244502,-4.846209352085207,27.094522029669672,0.020567893981933594
0.36893964503754617,3.3828353160700564,15.000413891858212,0.02098560333251953
0.7846102989641359,4.625717446948925,24.501034299598473,0.02145981788635254
-4.55284161631345,-3.4691506252689654,36.69003400966234,0.021971464157104492
-3.9834519227781584,5.077015103974165,41.76418491758279,0.022377729415893555
-1.0775994050901865,-0.8130699244926625,2.5528406521456066,0.0229647159576416
-0.06747482317430453,-3.5577680194483703,14.685645216463111,0.023391246795654297
-0.6905082102724709,-3.0488795482014686,11.184413413791448,0.023815155029296875
-4.7133070865884665,-3.513542648807764,37.78513900752246,0.024355649948120117
3.1635837788054184,3.890412848382616,25.8547299567497,0.024842023849487305
