2.8158472121618665,2.8240408572208926,0.02006467184463201,-3.8015608655192703,2.264465712622129,-2.2585959983660593,1.9512229141718285,1.1740639223699647,502.880280690657,0.0010449886322021484
0.9107358152491436,-3.9528987247056317,1.3595185135255212,4.209070794803112,0.3858019061311744,3.960587797232102,0.1748926401252664,-4.521744842297782,762.0767632321642,0.0021240711212158203
-3.0621549059859827,1.7068018286746618,2.8302580006578193,-2.300572389328244,4.797601845549672,-3.171346486336732,2.869842449760669,-1.5053955191436699,741.097795688268,0.0030913352966308594
1.67352879153378,0.3553023778608404,-4.305702856207671,0.4118053511245563,-0.48250709093535793,2.729015339264631,-3.9011276490518147,-0.8823571618644985,1029.6235258097256,0.004073143005371094
-1.8069920088889688,0.3717868604693786,2.445649880341205,-2.5959668078990044,1.3576780935798611,-3.3324769563759924,4.799887092877486,3.625141783150794,1228.0220087839323,0.00509333610534668
1.9376113584388195,-1.112314122753352,2.0478088023222067,1.4346671987040311,0.5415669965696903,1.9203016814692475,2.3603674388734213,4.5690760198478655,832.8464881332659,0.0061435699462890625
0.3031858946608459,-4.312152268302911,3.6688114508705114,-5.036527015494663,-0.6140226602828198,-3.426645505170809,-1.2363781074060767,-2.3059899766569147,1089.6856006064427,0.007126808166503906
1.6417494405298507,-0.901267511977311,-1.541327525049979,1.3736692010757876,-0.9835750091423714,-4.1477373574336225,-3.4054274564034808,2.1374608910420614,848.9005352836174,0.008106231689453125
3.4340176810727607,1.7210330280432382,0.07159749165391016,-0.2044577843143509,-4.785379976400462,-4.323584137976008,-1.397432808600136,1.9439524835830424,862.115615736242,0.009072065353393555
-4.499716187816961,-2.7402578319416486,-3.603091733886659,1.312363803257231,4.455859238557895,-1.0661293692040106,1.5555780149756568,-4.2081278343296935,1180.2767395711553,0.010123014450073242
5.052154355569287,-4.545681078879602,2.8394006432065497,-0.9566294984989874,4.53103721551735,-4.9589398397715545,-4.651672286233897,4.211886160282222,826.9402264661508,0.011106491088867188
-4.035035868744229,-4.456844609897375,0.6129421299170597,2.5847251999158294,-0.5807274032823786,-4.330269942651759,0.7882084152105424,-1.1021293569476782,1056.7555935248558,0.012092351913452148
-0.277611961351492,-3.183151837376948,4.874982372781724,1.3478000265078274,3.740092960671949,2.2862175090408883,-3.381331944697524,3.0787554201860052,853.5984404731478,0.01303863525390625
-0.6397731749814204,3.384481400075331,-4.21751395313542,1.4340351625198888,1.069454549229599,-3.000638272766532,2.051427967886042,4.74441681292089,796.5389950553196,0.01408243179321289
0.825810044975178,4.841686556453271,2.368948171371402,-5.044297793635008,-2.8084918999259614,3.6296846508588176,-4.409088448119969,3.2916239021269886,920.6611158784765,0.015068292617797852
-5.10320900607031,3.7022316687972934,4.981815409191385,-2.8106892494253755,-1.85793262145102,0.4393441815432233,-1.6310883871037705,-0.1890382271934259,752.7809971499689,0.01605963706970215
-1.7107217236926346,-4.922786520145128,-3.766692414483668,-3.780875430366593,2.7615010246428406,0.1885665324402348,3.6166917531105023,1.5896590204258176,899.1170046592604,0.017038345336914062
0.09209415307205493,2.595633052151239,4.654276261295558,0.4809827628780843,4.045025863502977,4.320520569927045,1.0296091282237363,-2.1110066031332164,795.7469330184505,0.01808476448059082
2.112949632958321,4.297852400844332,1.0532018147385456,-0.08941154884672198,-0.9934665720604734,-4.028712831363736,5.074171572213717,3.5664365765902746,458.1858647097972,0.019077062606811523
-3.940335969989608,4.54193210012252,-4.246040049142163,-1.008829529078195,4.9369676268877685,-2.9418976309899936,-0.06977318033066737,-2.4254713909292134,608.3003589411364,0.020099401473999023
2.264905725798883,0.5270395902932616,-4.823214722451069,-0.03966263970917261,3.0022138166806256,-4.899010865379207,0.9619068100692889,3.4664417306388655,661.3429770735427,0.021082162857055664
-2.837602549324126,2.4017492954151383,3.264643729107081,4.204621717879456,2.0796567566970685,0.3658423873319654,4.38635800190482,-5.086879309659984,870.9295761856084,0.022106409072875977
2.49120489251737,4.800128761305895,4.082381061391438,-1.7820465406005481,0.6639161607585802,-1.136229393213252,-1.0190224037248372,0.7158010240376331,722.3159672152241,0.023097515106201172
-1.8155440736401323,-2.2631020859942685,-2.0715498114054647,1.1609252159725383,-4.7286953046921365,-3.594291538317359,-0.027861940173260713,-4.182202239168365,648.378104241767,0.02407979965209961
0.4584558489008943,-4.242701050472416,1.6917594458776115,1.9684959989024504,-5.072918308024062,3.026310796657387,-4.343089215399016,-4.972282283787173,701.5904575733899,0.025060176849365234
-4.664762736810079,-4.683846186476155,1.0131597148257931,0.5322684245059079,-2.9354897005008227,0.1949609396723293,3.2039729945720277,-0.4954637002832607,899.5261585463907,0.026126384735107422
0.7256996942756846,5.069615405727734,2.4158127740550457,-4.081249124550457,-2.6895965089616776,-4.74272869760799,-4.587135209552968,-0.37492325513420166,1021.0123681142879,0.027146100997924805
-1.685272159124965,4.330781232343408,0.4071462741428489,-2.3714112812393484,4.8012964416758,0.9316663379759538,-1.6634363022442034,-0.8092658950907055,988.2124393319617,0.0281064510345459
-5.103619885665867,-3.383961832375944,-1.6240530382058904,1.6873193362365342,4.442806833816518,-3.460441899593958,-2.853285726314063,3.981853934228618,1033.982346344425,0.029031991958618164
0.7827139780397312,0.33623178318136304,-4.4394333227846055,0.5783887177760114,0.41239562197914204,2.9960534179882137,-3.8566799657823694,-3.8338138067430068,944.4835435626009,0.030053138732910156
1.3062133391286803,-2.0644479390884882,-4.817723497942064,0.7921396531274523,0.07885983282423226,-3.768055775662851,3.6067723474995974,2.721220850736014,736.671767287228,0.030980825424194336
-3.2652517428637085,3.761870009493035,-1.2618678757388926,0.25529158554109,-3.832852720735608,-2.4681762392696234,1.5355703363627375,-1.605744225639207,1089.5914298399389,0.031903743743896484
2.767199894760238,-5.018845706582594,-0.1675265151998353,3.4174166402642205,-4.343455387204296,-1.5955800588629239,1.723702632538175,-0.9275597624863874,861.5504892961902,0.03284788131713867
5.100347442746412,3.734040020686753,1.5090305571084661,0.08124705865406856,-0.9970999181746203,-1.6176352952768496,-2.680184633005864,0.5511482030882675,906.4406530449053,0.033896684646606445
1.8200365073054527,-2.199158156215064,-4.944660961407861,-2.673537586821704,-3.9347199233816186,1.2687883436298897,0.17380324633322797,0.09238089320655263,525.4567021095777,0.0348203182220459
-3.8376341863518713,-2.311614455928901,-1.77300697939955,-3.4669750959154553,-0.8769103395905127,-4.636028179791209,0.17794839743138358,-2.0577738607553098,787.5104607076048,0.03574395179748535
0.6881301779279454,-4.2409077576586425,-0.754241475449076,-0.7167257939799621,0.6243940656041138,-2.059497489794271,-5.028990331923004,-0.31984120341232547,821.8764659411149,0.036667585372924805
2.3464976096757493,-3.613373847976568,4.820469675625872,3.7075927419017445,-2.4406444296572483,2.203913774825799,3.246735829190796,3.5528600154554963,1162.7334015496083,0.037641286849975586
-4.838724433365578,-4.582729803391728,-2.1492359896092053,3.9792305444750715,3.1694173131000243,-0.4503286139389937,-2.171900231836708,-4.737988203651231,784.9409315781959,0.03856706619262695
1.1435133651144245,-3.1477816123374884,-1.3605237312667753,-3.691228190054697,0.11972507247622488,3.134712041880383,-4.548096506996609,-2.552559531181009,892.6798264403774,0.03948640823364258
-4.430680893375418,-3.3560102909867906,2.2595148489007864,-3.866896231736716,5.0231736910965425,2.2718656480017367,4.954667943961717,3.1625326739436703,773.8559922633699,0.04040718078613281
-1.9351030181527942,1.575308531528803,4.190052454425454,-0.30371215873360846,4.682053868788347,3.3138979121284526,-1.515939361111521,-0.6818968862258981,1074.562990915514,0.04136466979980469
0.08485441231420854,0.8647577452522963,-0.17918352987154318,-3.091757339825968,4.679268244563519,-1.3104817309373167,-0.05509404020438424,-1.4458596078612898,637.3261299679464,0.042374372482299805
-0.07834164661238141,1.7773963361627523,3.0158519940441915,-3.832560568354538,4.880091479457618,-3.243683880177566,0.6122955261786549,2.7801364971830465,595.4479820922038,0.04333996772766113
-2.740186856232253,-0.9002565424043816,4.461204043680957,-0.6768639793184281,-3.8866200012056424,2.344369917813829,-4.611748580216369,-2.1401184627444385,934.5529060408555,0.044269561767578125
-2.384431795513994,0.9754643539685501,-4.075993348215422,0.5435808444471446,-3.3267588769139262,0.15034472940121546,-4.5230785779156895,-1.002690681981572,826.2616001476816,0.045217275619506836
-3.6178660164555625,-0.5275940461385327,-3.5098229636523226,4.304442067041269,-2.0098864908970477,0.4032400817611732,-2.715944862231125,-1.2266155294525452,1151.828637015486,0.04621148109436035
4.099814187411805,2.5075878305404142,1.636020619422756,1.738718175927203,-1.6378661888093844,-0.20668525507420998,-2.3781125564964016,-0.2530823738725543,1040.794000015075,0.04723215103149414
1.2550561707282695,2.0953857341031803,-3.7278590642541984,-5.003320595293434,-0.06417204459561798,3.396226542912392,0.34858753392341324,2.0302073516282277,642.5296212722533,0.04823017120361328
-1.2258426214923595,0.0014236752158556243,3.5564821477264283,2.2503332980454154,-1.9665167976644495,2.8897687624042563,-4.080082387419607,-2.564579990459269,663.0394673962653,0.04921460151672363
4.205144802006356,-4.153768908584966,1.1017175129131305,4.49364584999926,-0.4710034069961404,0.4630490875134523,2.493946784353856,-2.103792786451788,1018.5365427894116,0.05022597312927246
-3.3569493378665594,-0.006815478590987745,-4.006774529911248,-3.720877018738329,-4.750372920047573,0.13829700798248368,-4.768586849483593,-2.99772594547003,599.6727223114597,0.05115389823913574
-5.061223266383592,3.7925259205875106,2.0898826735759375,-2.1852408857301446,0.9569551575608486,-4.630326093341698,-3.7376624894274366,0.6268864238876048,692.2699290764086,0.0520784854888916
1.3053716049226987,5.035772502129876,-3.4447406212540987,4.670830398072227,-1.6802174654910225,2.8320176063403544,0.5562783701646072,3.7907127997099677,1026.3096043724997,0.053003549575805664
4.678402565390331,1.118782981214152,1.2285258540063593,-1.1147107286937752,1.5262381507739224,3.1977957299626327,3.378309556596755,-1.2370994515049873,863.3697079409892,0.05400371551513672
-1.0533077537844049,1.6572149898615578,0.8651411632863688,1.4120617873915,-2.0383787678909067,4.161442316343552,-4.961689240032423,-0.6312059466969018,653.4803041151453,0.054930925369262695
-4.586005194317909,4.469721311386762,-3.8482522524683995,-1.9964997796439485,2.8420624652726794,-2.2270005369051393,5.069750118138319,-2.4566641489002934,867.3570150038635,0.055852413177490234
-4.810610707144928,-2.5050472149427168,-2.947192231875417,-3.2188269692086178,4.1149487840403784,0.3919665748035914,4.058257501745332,-0.5771105473701699,829.0427784092963,0.056772470474243164
-1.296954563635523,0.629435282333592,-3.3800003879900347,4.827837823725575,0.5253340262295696,-1.0167192402100724,4.520281179030346,-0.58201534738751,1168.0877295741893,0.05777716636657715
0.058567286166931964,0.8186809469112788,2.166766207036111,-2.228574239407892,-4.626956300175924,-2.0434098731536716,1.2870144352000628,0.808571145103353,600.3346967574845,0.058695316314697266
0.14341818927669525,4.792977488396491,-0.16176889427787788,-1.0940995544722263,4.611246017698643,-2.5648660248488437,-1.5923380193306862,2.1488513372821547,827.4308683366834,0.05962371826171875
-4.552537735523567,-3.3451056085337196,3.969201442047548,-2.185660558139177,-0.5959573143261361,2.3443811268433015,0.08381480380262918,-4.076504351232075,851.4565787977244,0.06054353713989258
0.06856765464150794,-3.203688410932385,1.9808978836793836,-1.8275162618246505,2.0291615073716027,-4.364282915005635,-3.9744274762298746,-1.9327194941231771,372.15122271340044,0.06153607368469238
3.7441751375541825,2.720872552585864,-4.678865454453727,1.4870753539481463,-1.7072631529551034,0.9701045921090801,-3.091852141699968,0.35546809932383727,929.8267063554658,0.06246495246887207
-4.836673140312785,0.3670838824416123,1.044233855039324,-4.48735914782821,-1.3506536569980683,2.090627774221007,-1.1672804909290453,1.1222780600623876,725.7099561901072,0.06342291831970215
-3.803088439966774,0.7741299408711653,-1.3595279137152505,4.26006050798449,-1.2603216224530471,-3.4245856993033152,2.186486766925009,3.885709975859416,871.5426248083475,0.06434321403503418
1.5371544147722922,-3.6128417503251775,-0.4166122422873606,-0.48913237924432984,2.7075098366211927,-3.8397928509051007,3.510501090792876,-2.896532267150544,1211.2463427436016,0.0652914047241211
2.003750363281413,4.218161378376398,0.7504571248353749,-0.3835318668072629,-1.0678570214606733,1.0935188865524097,-4.389738723979913,-0.7273806244398902,715.7555964257122,0.0663142204284668
4.300757552331329,-1.3768877955295893,3.3999267584275072,0.6020099342149576,-2.0486625877150897,2.7568635311609775,3.6144273916961263,0.6978894339880322,1129.3243419503622,0.06725168228149414
2.4860097875586114,-0.9680046356368974,2.1950017437158555,-3.1012037688391008,2.670362632782659,-3.76649769425219,3.127787871578138,-3.404592502844783,802.2755789491852,0.06822943687438965
4.01879842580587,-1.2915959252088265,3.477795973035845,-2.467928755225108,-5.066476507943182,4.618173619048309,2.4271226565503516,2.6608644451620957,1144.609206227453,0.06916236877441406
-0.11443650666452765,-0.07720895375337289,-4.642871907162701,-2.315431043941988,-3.471162483347314,3.0489384729480227,4.388758062519437,-2.577875273270683,980.6572288860277,0.07011938095092773
4.705285350237321,3.9196455159321504,-2.304538072432551,2.1763665617892087,-0.3962529042817442,-3.294125528364344,3.66698344428596,3.371096594685329,1038.1915995161655,0.07104706764221191
0.4761441664191066,-4.954438235076344,4.475650295379482,-1.1249957539161803,-2.318573923998418,-2.5076055313700665,0.3439707052889114,1.5230901548995055,1187.5130626281305,0.07196712493896484
-0.06293137286605255,1.994658046612943,-0.5962773180862513,0.1188071014692147,3.231023327012573,-0.5191393051600581,0.09841412596187826,2.46284974112043,740.9427739451688,0.07291984558105469
-4.313426219534781,-1.5740012660893163,-1.532315885104052,-3.522017997872474,4.431547311422629,2.1875680402108495,2.1261653344374905,-4.126398578666695,1119.372833620153,0.07393383979797363
3.9508056487351277,-1.1266543765957482,3.2743317659900635,-1.0535102112003054,-3.384503769005911,2.9827845861302764,1.057615715187472,-3.39108819410479,576.6297855604299,0.07491302490234375
-1.3986071492196692,0.7181114863158378,-1.127228461104151,0.0019071466191675768,-3.122737680082873,-1.6890031034176918,0.6566380542469901,3.134101297316781,711.6663813674558,0.07582902908325195
-1.6941670488134974,-4.2998511415094205,-4.947851963743764,0.92066912939584,-0.7175723995761549,-0.13528052334508445,1.766724330017074,-4.961425579883438,604.2934169907909,0.07675290107727051
-4.490517424789963,4.162211372377146,0.7062585656073495,-2.4698799653493615,3.1365092957620595,-0.20200368480218867,3.5472501778411774,-2.213664120699081,1022.095061728577,0.07776451110839844
-1.2646419834117086,2.6247682098144782,2.882568320824846,-0.988936559922494,1.5280044345348962,1.5979796427734856,-1.3162122251987651,-4.48432946200835,1070.7814165774969,0.07869791984558105
4.223352517574063,-4.595020536151505,-3.6073759964763505,-1.1316422764554321,-2.280468928645925,0.53233401992685,2.502492510725255,3.061859323171949,1075.2120626409128,0.07962179183959961
0.4441008246657834,-3.8326902454506966,-3.5926929408310038,3.769310555017456,-3.269637590253554,-3.192163142751244,-3.6583726780387846,3.408215817143799,1118.5701394389773,0.08054637908935547
-2.0599854205769743,3.833712185501411,2.4690376413586037,1.6685748606918605,0.6407530514443636,3.101543476947117,1.8600278447377256,2.3961029771942792,849.6687542680637,0.0815272331237793
2.2714790367510975,1.3985683043122394,3.6710886760775443,3.1755440560460597,-2.6576891375441094,-2.565288356743989,-4.141753311903601,-4.360962372862369,1124.621455101127,0.08245348930358887
-4.8670240288989906,2.5763281986910824,-0.6665523328570631,2.692263441104231,4.043990155882731,0.36790216183673596,2.9079350442815644,3.849461886415198,814.0175523542612,0.08337640762329102
-4.364370355310463,-2.945017014984456,3.81262457658321,0.7267486307602304,0.11503510677596918,3.1483597200729205,-1.0815074755788556,-0.22352383653161567,563.5540930493623,0.08431100845336914
-3.492043394817494,1.5482580844092384,-3.0580833794940574,2.026846106681303,2.3744017649498064,-2.574056899382136,-2.886145098963152,-2.1079599236606743,862.8721022934926,0.0852665901184082
2.9520685951147376,-4.162764121513347,-0.08201629870704252,-2.944232214273199,1.337616426961528,-1.1378316097315921,4.617646308457815,0.0005091510956569678,492.00835404959014,0.08626890182495117
-0.6201915016870316,-2.7164169186247973,0.8486279297883064,-2.8222625145797084,-3.0046428866362587,-2.4814489953663332,2.7277703043607495,2.407606850807582,933.5955236326562,0.08719873428344727
-3.142494094540358,-1.5603524595179006,0.924377037232996,-3.9939764973639713,-4.878046390614042,2.555535227444392,-3.9756741526472705,3.4810903195818446,751.2677420875982,0.08812499046325684
-0.7150576453059019,-3.3689352703941244,-4.4375872711585895,4.273566139630483,-4.185428814414042,-2.503770128562413,-2.724109150889659,3.827018199077039,1122.7518881502256,0.08904814720153809
1.0038048229991299,-5.069078728545398,-3.0353812916377656,3.3555621611956097,1.0903445472881996,1.405410472599507,-1.7949633603943886,2.903825884773032,523.6938523670392,0.09002017974853516
-3.757970597903597,-0.9024535840718579,-2.2446813444045524,-0.5630080956902468,0.6685956411360019,0.9813584417434909,-2.1672855034427148,4.9209050733543735,664.8005909330037,0.09094548225402832
2.1532858175832894,0.6993506987557394,-0.048288220514129954,-3.569843528332494,2.675359245551789,-4.4106081250383795,-0.8486128654494571,2.1689249027593043,842.1901483652746,0.09187126159667969
-1.1581868310927534,-4.532954200293266,1.2700088208221878,-2.329069130360909,0.605270964206305,4.94853686858814,2.8936282919834673,-2.481677316136033,976.7836979297035,0.09333419799804688
2.0184880310889133,-0.6963304384860125,2.108647065112491,-1.2449969457478454,3.094739974412316,-1.6997926057548813,-1.2894936280301574,1.3746567265109944,722.9459435169116,0.09484386444091797
-3.2492954156655216,3.501186133534225,0.6618741564503683,0.3432138618568894,-4.880008214216612,-2.3918757956908423,0.9432508971279274,3.6965345176894866,1019.0293691313823,0.09630751609802246
-3.1252868407001877,-4.37340219973955,-2.567261701230604,1.9299320534910098,3.4955842600387372,-0.6073729486932598,-5.0449177481942105,-1.66964028198168,1010.5718526276005,0.09781074523925781
-0.3478281786586299,0.6578372766415841,4.65470876130775,-4.299228868872872,-0.3165105769431351,-4.731719447722986,-5.085652197205527,-3.707313608007209,1094.675256297978,0.09923553466796875
