-2.333155356578196,-0.4655306122923788,0.8680430247157878,-0.7302030964375712,4.847104227775325,4.402417073530992,1.7437074223959268,1.9805850393776767,878.3903812137355,0.0010328292846679688
0.9387726507379348,1.2073448382241132,4.102352949593638,-0.3743188221969689,3.76891294862991,0.8640192192165115,1.2475797102496937,-1.1504420308122172,570.7534005492636,0.002057790756225586
0.6373571057097491,2.7501513941979665,3.405891119814661,3.557830060146153,4.447208815250019,-3.3554183801905912,4.920322603959735,1.6206745336624735,1272.4360279168768,0.002989053726196289
2.388538971091873,1.4728639390799971,-5.043364270966566,-4.994512520244249,2.300814484989716,-4.068177437500076,3.024425511245256,-1.0483174581953802,615.2783776267394,0.003919839859008789
-0.14337652833479986,1.4414353289278532,2.7162836674725366,-4.488187010369343,4.1681633857571745,4.51043372264676,2.250281899038728,1.3157079353974312,1116.9978389050436,0.0048902034759521484
-1.646279348889879,1.3702578915262267,-4.338853707327572,-3.800016154757593,-2.802555237025367,-1.1590817286325605,-5.104717384691604,2.5103801526450997,964.8693621665088,0.005881309509277344
0.1252821936434625,4.558643613489873,4.617401608802507,-0.7316044322352253,4.3133474399787834,1.6740487882643054,-1.0837206109301531,-0.18425772245379335,931.5759308529238,0.0068166255950927734
5.046135763895012,4.623892135348108,3.269781956284045,3.473914175129461,-2.891156003928257,1.917534878061531,3.5570551280504352,-4.62694861974232,1001.2271899232943,0.007771492004394531
-2.8633889158839754,2.082647953463365,-0.009653863717718814,-0.7904756959192678,1.818906740757983,3.7576534200557896,-0.3987512100099826,1.7031471223227825,619.1802989406187,0.009001493453979492
2.3910159275030844,-2.533092512713626,3.5034467294561518,0.9692786870135333,-4.324180489511338,2.8346741555431088,2.2859278602880897,1.662832598623603,1105.8743581105616,0.009951353073120117
-2.1336460169338167,-3.987658963351247,-0.5908279643264001,3.4392698082058137,0.3524429159082292,3.3423995883181385,4.744989785092417,-3.8615078167381203,945.3886372512433,0.010889768600463867
-0.9233262724860642,-2.539021080006722,-2.5710642836343274,-1.3015315569306045,-4.962817209910772,2.003936573518671,0.7226589307770936,-1.2806262712038272,815.7799413807223,0.011819839477539062
1.2187080923668638,-4.131130940534511,4.494855217969616,3.3070696554755115,-3.4086698163114386,-0.8156267613363033,-3.5232845155599963,-3.430849630936079,1167.2793356336563,0.012779951095581055
2.759762245683466,5.033269344233571,0.007963623080596172,-0.5790379568248829,-0.6738884133313485,4.333729282567124,-1.6573455881626495,-1.5981252914720327,974.7212517452077,0.013747453689575195
-0.8566387617991644,3.8467343635856777,1.2497597169239656,-4.466151931695878,4.12423867548297,-1.7023903730358239,3.948504652048304,2.5283603903080136,819.3462717271759,0.014678955078125
3.185732966699036,3.6411922542726662,-2.9498300955150145,0.12860407900415982,0.7685169152551348,3.552976403955939,-3.305515132625362,-1.5191069930470058,934.642486834317,0.015605926513671875
-3.882544882165364,-3.4144534137743685,0.35905609297740515,-4.354305143243905,3.362891081574859,-4.955722943353711,0.7438769994802792,-2.5953386337449738,1080.536023448841,0.016541004180908203
-4.8555429986942125,-3.4582550869067097,2.210909888747344,3.384999277151972,2.8854491194157026,-3.3011999820241664,-1.8946612785959296,2.046935843524281,746.454120749529,0.017822980880737305
-0.8236612812063271,3.820904721854567,0.19025316419457816,3.460178645819753,-1.6767884797138954,5.0979309641936394,-1.6446189811023721,-1.6617915733040562,910.8802191261971,0.01878190040588379
0.24013793076800294,-4.341673727744631,-3.332024168160411,0.7621005954375244,4.9212083458502685,2.3401248156394665,4.438245921686197,3.260951049305553,1045.6791853737727,0.019721508026123047
-3.87849128246702,0.37683482648098643,-0.5519636265880106,-2.094321885848511,-1.7363844514416797,-3.829910378644465,3.383551952476023,-0.7907217277853631,870.1961233375653,0.02066183090209961
2.844268136036142,3.9077834973985146,-0.9709875268120758,0.5603049493221377,3.78170025731045,0.05292889273972001,-3.349728242090551,0.09369735508900234,566.3765756177264,0.021701335906982422
-4.679161506669438,4.521568980531767,3.767147774766241,5.059459409584648,-3.728605105124725,4.690085964580796,4.205592604437542,-0.504169509925112,1096.839734032829,0.022810935974121094
-4.311966293156854,4.6271786651987705,2.064557501116054,4.59300813206223,-3.795221739018391,-1.8001079148497885,-2.914938543411382,-3.5716591027335345,948.4539642095303,0.023783206939697266
0.6101930987000994,-4.450734864793976,-2.885448902416102,0.6419667945613501,-3.3650896636942464,-0.19604263146964396,-1.5972618279488704,0.1741119244071445,1071.5945794844702,0.02475142478942871
0.5553856533843087,-0.2908449521075047,-4.46211281810307,-2.2071321017584666,-0.42809027502622765,-1.2709368029857337,-2.122701799560467,-2.4334377420359425,1150.0984923631556,0.025769948959350586
-1.325192792312992,-4.439440416012913,-2.7818002761312477,-2.1637213084560196,3.525681999387108,-0.4406209850668974,3.142741782073574,4.118487059931078,996.132287945987,0.026716232299804688
-3.3610573935852686,2.50305340202753,-2.9813629204855325,1.5954262174643556,-1.9650286475051923,-0.8963896237880444,4.763566088383674,-2.5340203082659705,922.317510217764,0.027660846710205078
4.5243294545173205,3.567262504128565,-0.3602545741907788,0.7875216833511205,4.084011648341346,3.89287235144885,-1.5950556045071842,2.6019537344821924,1103.9208728710641,0.02858757972717285
3.625331790285469,1.7726569052481596,-4.5276648902395,-1.5000288754289435,4.765343456990004,-3.0200723707870916,-5.105421021278667,0.1875600853335886,925.9155139633166,0.0295867919921875
-3.7257137078291906,5.112253279901911,2.3144928920613648,-3.423574683330828,4.379867354493439,4.849280292473666,-1.792146287406335,0.786700132460803,936.1944049299772,0.030503034591674805
-3.633216478737671,4.2647124417305955,2.85235721180222,-0.07066327430768116,2.0019347428221845,-2.9070755386880975,3.3183194945574934,0.530189831321711,745.6038108574701,0.03141379356384277
-2.4931115304459497,2.694047979915106,-4.801483905110327,-3.4219790643933865,0.5192973656939319,-2.027501440340921,-2.7666926766689515,4.282984154548903,1080.2573342321746,0.032334089279174805
4.213319032188834,4.552396291829923,-1.4746624561218034,3.8545081427317394,-4.58673956667552,3.889125799495665,-2.185837982661547,0.5050429882400893,1075.71109482729,0.03333783149719238
3.953327709003559,4.88042111236378,2.7643594454358107,-2.363505755260396,-0.1814624399260678,3.416455126992097,2.0996757033701368,-3.501755155302621,832.4203831194318,0.034262657165527344
-4.70688088749746,2.764259361837807,3.976640852819414,0.1358317487000118,-3.1217414366708374,-4.496595031470706,3.894625401555005,1.7432166416272459,700.1746802963374,0.0352017879486084
-4.177648241696988,3.9598053341144075,0.033517412847289485,-2.7120409853984664,0.0028024363381264905,-4.324852442081963,-4.343677855704634,1.354086776318626,726.6782523086843,0.03612351417541504
-0.12374643387609119,4.483424036010649,2.9571707862917807,-0.4962391599280114,-5.048645534693792,-1.8939590741866237,-2.8703266246869994,-0.6529598542459896,713.2939702234171,0.03708934783935547
3.9776907627319824,-3.652567922880015,-1.0985053163742915,3.05264400676094,1.6172018291864605,-2.8911044075402548,1.1214213015868468,1.8371031228151162,509.9896440154298,0.03811311721801758
1.7518223880681925,-3.4716078145513505,-0.8513325456216467,-1.2013784776596768,1.224774410621432,0.82232574262048,1.7005948171657908,-1.5720280032852831,893.3658417809203,0.039061784744262695
3.3490906190014345,-5.039175763069245,-1.4507420582660195,-3.013071083883137,-0.31230252970027905,-3.6162842221261937,-4.665567613416605,-0.22142069421956823,985.0648272348773,0.03998208045959473
-4.968390720885618,4.9913012261033805,0.11464979747031023,2.267809093278818,2.7073034729149192,2.4276731334056523,-3.5974591428478346,-2.3061599529250505,857.1076689208932,0.04092884063720703
3.946907002126296,-0.772434021142681,4.4525313053675015,2.8461612651914105,-3.9195025498173592,-2.0809973431209263,3.620195166136349,-4.8357904198494275,677.1977861290151,0.04191136360168457
-2.1267000020529467,3.1952457946218873,-4.084584238541671,2.663581646754242,4.064240037513989,-1.2406095603066554,-3.5477587331070684,3.9558962515163403,648.0718987882954,0.04283428192138672
-2.4358095730111353,4.450126104622517,3.7962813132023667,0.7695623701935368,5.089702536134001,2.2924185592502067,-0.02710260858658131,2.8186462109229007,827.4659998196623,0.04375457763671875
-2.393570814757839,5.105765947580939,4.277435277898431,-4.207758777206033,-1.9967888007098047,1.5356784060573272,1.0797074828867634,-1.1931799596802937,742.2509495261471,0.04467272758483887
-4.4363057997082,5.002029795833246,-4.951346423707539,-1.599653575900326,0.3922939636447671,-1.1935651335582786,3.070210101179714,-2.114230466546075,742.507587631645,0.0457003116607666
2.8325945442772813,0.40354181984801496,2.4248328262902072,2.174799716606694,-1.8822315568946242,-2.0164497477440575,4.488196708264593,-1.5260449115325359,950.0848166806389,0.046647071838378906
-1.7183099166418474,-2.998646687451198,-0.9525954534696837,-4.4436804669703145,-3.980603441939402,-1.8841972558127402,-3.8674308646135693,3.9529446586051007,463.70218126848397,0.0475926399230957
-4.349331816426394,0.18091633743365154,-0.6836786856469077,1.2283295066592022,3.0243254448500183,-0.78088254991704,0.33590797080920254,-3.6299682643913833,889.0017521767006,0.04867959022521973
-2.285566470874746,-0.857388511035694,-4.3614018256023295,-0.7118413622053295,2.6617342555230783,2.9157649349371715,3.6398673291294257,-2.8592216229989202,877.1384624599019,0.04966139793395996
-4.278291007887875,1.717315309321748,-0.270139337602604,4.598759407714451,1.1131242648631678,-4.018617265193727,-2.954337037022386,-4.294181762539884,775.4740117429137,0.05058789253234863
-4.427032684866477,0.3065883263899716,-1.6064650634250386,1.9187562595949075,-3.01469061395073,1.0326897083315023,0.7951019503881467,-2.247879840999896,730.7105735341116,0.051512956619262695
-4.6579701306464685,-1.0572467233494516,4.066519533632094,1.5365761732037733,-2.429525849498603,0.35249972624888315,-4.013821680655525,2.787124112320506,866.3105277288673,0.05243110656738281
-0.6124431821025125,0.8870257672583808,-4.23061576594271,1.756046923454778,0.3317745902168596,-3.2704196430748045,0.9863944016693447,-2.615271408501853,862.2389279431579,0.053411245346069336
5.093770109041512,-1.1998235747313348,-4.924974119249598,0.2932138503678523,4.586681079370126,-2.495699651917834,-0.9613320025080858,-5.013364456709564,717.4154379300554,0.0543365478515625
-3.9012428637672736,0.08892218887164649,4.419986903367165,1.6128512137453814,-1.1334041578549745,4.370203369972088,3.6222942802007525,-0.5141061930508481,1041.6834383293067,0.055405616760253906
-3.1705445659551197,-0.7606423135887646,-2.8712284652405953,-1.7064007008460162,2.617875954581172,-1.4217799554746948,3.9508415413308997,-3.3567612624949446,889.8804668275455,0.056357622146606445
0.7184395553214333,-4.195448359360053,0.36479109833573364,-3.332492505221756,-2.854296896850378,-0.11347996052932174,4.486119379554419,-2.7366369250471037,938.2230262821934,0.05739617347717285
-1.763454236194455,-4.006218267714544,3.455424235985217,-1.6624987711603758,1.4861277536114974,4.307112040976974,0.8496530834773655,0.12256773171458857,899.7015672152394,0.05835747718811035
0.6493296593738576,-0.583675067422619,3.8869151816389484,-5.11418831005435,-3.9980605061615493,0.41653896386194056,-4.261701197055236,-2.4647791460861965,968.3620413144064,0.05931258201599121
0.11964221032093292,-3.068524549989861,2.807724175818403,4.0822096938547245,-1.1140057456695907,4.105831666950343,-0.8501577744808992,-4.355921151136764,434.1882841221243,0.06027030944824219
-2.38353293272768,2.44880659554602,-4.0339273853764634,3.215005904499063,-0.23969063054500683,-3.5575324597480416,-3.731866425426806,3.5682989861334677,1116.7479907285258,0.06128430366516113
2.6796882229750567,-2.0581137276002535,3.706721613686077,-3.2878246545308656,3.398566889159146,2.9541764374755664,-1.8357080726407125,0.6814001949855788,834.8060608061226,0.06221723556518555
-1.3372907587864842,4.011418804300791,2.389438927696731,-2.507150590963082,-0.03937082447183027,2.3335671056541756,-2.900929518022495,-0.6699159612177858,893.4558264386985,0.06315803527832031
1.7296460642770448,4.768613846253259,-3.3918856253968688,-4.974784135777354,-2.8180014168718874,1.9440417482103065,-3.1364105573969026,-0.2851005794689412,684.8536336812062,0.06408119201660156
-4.118920927412708,-1.3099664098572061,-0.6136434964753272,-0.0003238783188628247,3.3019667007666813,1.8619072163886123,2.4751084109590344,-1.962933067948366,751.30550514475,0.06503987312316895
4.271091771789917,1.6676803507520628,-2.548786773292994,-4.31488749011748,1.1080651364813834,-1.837781694822366,-4.616116431572424,0.756876954773702,1010.2785179411685,0.06599879264831543
-3.8962542126944286,-2.525937981533144,1.577341767309596,-0.2718120009525675,5.083698456325185,3.915237174541743,1.6227624384920558,-3.88998977756759,826.3384251697657,0.06692695617675781
-3.2689196972693706,3.084462204440757,3.653494707733553,-0.5981845209878047,4.0895650678568645,-0.988877669744733,-4.002226759307469,0.9793507199626275,549.2692874062052,0.06803488731384277
3.3359529518740016,0.628552234824574,0.35545709368182,-3.9764894909536497,4.0320728304129,0.47302208738829243,-4.676497189855154,4.382405373190612,1087.2314011042859,0.06900644302368164
-2.8091211557101015,3.411019324135599,-1.4618857653172976,-1.1256632508810598,-3.8643194297327645,4.7776061998379715,1.0342466263701953,3.1810190995228504,724.3240255439468,0.06995129585266113
-1.8359625761443117,0.7005198144509412,2.3230695014687637,-0.3635208612924945,4.160251639790016,-3.101148846974118,0.31175812189557117,-0.4953948492843505,929.4420140997997,0.07088160514831543
-1.4232742828348144,3.0291485701439855,3.9494949376170903,-3.608171875641343,4.833443002567889,-2.1467533454046435,3.4167830815559155,1.3927411280910453,908.7511935445864,0.07179784774780273
1.4205128663491289,0.09597066284727873,-2.236166347018462,2.6835908938454667,1.5436243072192202,3.923239292302644,-2.8166695439217775,1.675865534482849,891.9248853349743,0.0727229118347168
0.9435949477595029,0.4939018817399239,-0.32561966583870383,3.144838054772973,-0.8832902919292742,2.8982469568222067,-2.781888670052794,-4.805262805031519,633.1782922030333,0.07368731498718262
2.5292445394416267,-4.031165330683143,-0.15889845828632687,1.5845946070234724,3.8948036097003422,-5.037447977795091,-3.9358714119890665,-0.5365334731766866,742.9743808701747,0.07462024688720703
-3.695603523106172,-0.5898970635427503,-4.471612495785391,-2.6615997303026764,-3.5538116655695657,-2.970001251385807,1.2072237235623131,-0.4743923715360454,1201.6100445519164,0.07556891441345215
4.639104519500017,-2.8906308917361625,-2.2500645993636303,-2.499366244336912,-0.7428916322732508,3.108400684503116,1.9174029366031018,3.8149672883280923,756.7904619809557,0.07650017738342285
-1.9594841098190914,1.3190057145291245,3.3270876551297226,0.4525876769471662,3.1164743286099954,-0.999041605634571,1.1576325535405347,1.447327459050399,783.7402766997562,0.07750964164733887
-3.287509205783192,4.999489478957689,4.5406330965154895,-0.22543349753041397,0.35694071033799,2.065020486727808,-0.23445885505562547,1.7559677758074814,825.7170368370682,0.07843852043151855
-4.017727640294131,0.3997901635792882,3.5577969396511717,-4.695206560509656,-2.886996060245724,1.3421005353887256,-1.9150273651653418,-2.421742952629431,960.274559277253,0.07941722869873047
1.802880704970197,1.9730348692995197,4.358003341585545,3.773786115675617,-0.8145824206283967,1.3967282936230756,-1.8098845977296496,-3.4526122629149163,873.9400117883142,0.08034563064575195
2.521770417330411,-3.6206900254578747,-5.07731618828237,-3.0565688890158125,-2.4308469232031094,-0.7300378856777607,-1.2738471042512907,3.003938952545938,879.3398480096449,0.0813295841217041
3.789606469362325,-4.622428957748541,2.511159339662205,0.3772146978132662,-1.2193717780049091,-1.0972577080437853,2.2564065439089633,0.7737670195389814,957.3317407191297,0.08225893974304199
-2.898267013624971,-2.604936522232144,-4.590046749882037,1.0284137681003775,3.2341083194484197,-0.10572253493180295,4.395940585740784,-1.3005799706653143,875.5072525236329,0.08318138122558594
-0.882745552970861,-0.5300222400064358,-2.446940587080031,4.790214611952085,-4.5526829603448915,-2.275279737304789,-3.979177899928942,-1.6032681888492055,1058.8763394321068,0.08606767654418945
-2.911803025249182,3.877449301878438,0.051712185344429784,4.303533231710456,3.7580027241011136,-0.5574231213028433,4.878187125054466,2.3695744397507017,751.9763394226793,0.08711051940917969
0.1527629810389417,4.530957790288629,-0.17951284338882623,4.044379475530383,-4.324304135168498,-0.9279134273626077,2.0223861693901464,2.9737005553844496,528.6346113598532,0.08811092376708984
-2.234545045983775,4.249004174431417,-0.8760683158097748,-4.96618086809761,-4.182234152394875,0.3266284808614861,-3.6327914349733064,3.0235182374112766,682.4188755742728,0.0892179012298584
2.185854388310493,-1.9236029830425019,0.33584972313961536,3.8123815316252836,2.277265534200061,-0.8266165551796583,-2.270466495468921,-4.004884655434246,619.0489659399134,0.09032773971557617
3.7319280800858072,-3.3096904508566567,-4.416931662617871,-4.557242520749839,3.5694278882925845,0.23271730588600903,-0.5013128044674904,3.154593728946261,1239.7808371539563,0.09133267402648926
4.774282261098711,-0.6165011324317886,-4.091336974457674,-2.1193349499008485,2.263240581821302,-2.4660418072920613,-0.1069518627721715,1.4144569671582108,873.328595800391,0.09232926368713379
-3.802647120474943,-4.443775336549472,-4.381788533402602,4.412662579002428,-2.169210602972018,-0.86253368490725,-1.0147216841914926,-1.998494790089639,790.5379875991425,0.09340953826904297
-1.3224647260098306,4.955456438798461,-1.7275313503620002,-2.684126850941296,-1.722439414679196,-3.8963220787528208,2.962494204693308,2.206779243369068,684.0905823112951,0.09438729286193848
-3.956902328423017,1.1827908867165116,0.2181461809589198,4.475517992064018,-4.912249869190889,-0.5294846789019232,3.3085299695498884,-1.107068572084831,786.160873610609,0.09537363052368164
2.4177279992659635,0.3124379279031393,-0.24536563776552445,1.3620546333903567,-1.1587469127397347,4.192849011977832,1.009057000884642,-3.1940400019486725,801.3209863861011,0.09636211395263672
2.740673884466461,-0.9955790509675406,-3.1701935268424344,-1.8643276029134954,2.152913711862282,-4.598867075350443,-1.887848924503257,4.241295876496781,603.7593871528144,0.0974419116973877
1.1341679403634677,0.05496431674318458,-0.9975509849193296,0.2754033891543166,-0.7281784720253706,-0.9293548464740606,-0.7589956255020756,-4.988492735120621,402.4735984276291,0.09843659400939941
-0.6641644895820145,4.1701799724885324,2.517307850816609,-1.7308371386347794,-3.926167645804518,0.5201882176954085,4.784191473192245,0.9240444312657567,880.912039639155,0.09942746162414551
