3.625331790285469,1.7726569052481596,-4.5276648902395,-1.5000288754289435,4.765343456990004,-3.0200723707870916,-5.105421021278667,0.1875600853335886,925.9155139633166,0.40274477005004883
1.1340095614577548,-1.6985593117192614,-2.3809747370717402,0.6419812611345108,3.941333743842651,-0.8947590541718711,-3.433602953591429,3.347962524308808,927.7989838578926,0.8549466133117676
1.9993744610067825,2.542175452918963,-1.9414239567504117,0.17527246054933432,2.398992114659012,0.26059000386303843,-0.07795504736651093,1.4245893339073312,767.9966296769376,1.5131981372833252
1.9815482600736019,3.545154926874626,1.9050604450953879,0.09722873930577158,3.837454920779151,0.5065609895637921,-1.8201893111922995,-4.314953671977612,733.7710409104358,1.9955501556396484
2.8188412636523017,-0.41260584713107207,-2.937958974510617,-0.49140285510739634,3.7492631926353654,-0.7042735686516508,0.5996868772330446,4.228484924733556,996.8588650619774,2.5948433876037598
0.3060897040541386,0.6724178455201146,1.0985126511975922,-0.6195381172500927,1.9356917938301432,1.1401937385545287,0.952065585473683,-1.22718683081299,617.2199331197066,3.141853094100952
3.1882598183704696,4.073392797833352,-0.054533162563245696,0.8016244519558438,1.8557756090614737,0.012748300091931952,-4.680098132300458,0.20941728856142383,455.29939456857926,3.6555047035217285
3.7624757601717436,4.390001729596322,4.2537152100234215,1.1714404670396865,0.24764448590790344,-0.006811929928453253,-5.12,-3.407706172390529,824.3246165585131,4.249667167663574
3.6913854134704662,4.471161211665799,0.9947377158850044,1.199158191184611,0.7219948948190247,0.05925192246843647,-5.12,0.9091358820515039,633.9440287460695,4.958746910095215
3.8025289865067426,3.937740302273853,-1.232843299674165,0.7427095474275127,0.5701667802742625,-0.40493812957972963,-5.12,-2.189409206932215,795.5690768128133,5.522323369979858
-4.101691215062056,3.686970280176811,-3.8825176199887173,0.9075514678463996,-2.9835000187165504,0.4517431806891832,-4.752399890580263,-0.01281921992152224,573.5317395250551,6.1995673179626465
0.7537522607616101,3.941210844347025,0.43820542308492794,0.8310502924611676,-3.4792043503283336,-0.6196042470624912,-0.934657347397458,0.4987908808860926,959.308538888215,6.804650783538818
1.958436220482409,4.057582069902851,-0.7707519557647071,0.6322467508333514,2.9461098742567886,0.08993717947134794,-5.12,0.5159199185125383,568.5702732289873,7.482226133346558
-2.9417336830849763,4.353612306346213,-4.153443757824393,1.6566690269203086,-4.1982733277737205,0.16343916403311454,1.4864705755240628,-4.399642289739473,949.1027190692198,8.120262145996094
1.6633090320444808,3.245792876406937,1.2022557381372954,0.9064636903517043,4.962043459454777,0.1103372561263063,1.1446479116715214,-0.0717736581922388,452.3651099898701,8.799250602722168
2.0389657043784144,3.96029654040617,4.816167512244273,0.8726635468197568,-4.935308370815043,0.07557074643890616,-0.9582134407964151,-0.4122616330776161,373.09818949938574,9.485702991485596
-0.874640855258142,4.409861738964767,1.5477314433402443,0.8967856195239321,2.4211920078632003,0.11348940182190592,-2.878692707600003,-0.6710841725829688,855.2962226380982,10.16223955154419
2.3655686931835884,4.643757373931391,5.12,2.2494247121432283,-1.7890672152192009,0.25469396694853774,-1.2142363561267264,-0.5632052469847473,967.1212658931017,10.898210525512695
2.4619985965774394,4.2952681961657335,5.077774767602354,0.9226232080268515,0.127006707714858,0.12966313240584348,0.9756799548530726,-0.5038537550993443,663.6135536044887,11.52551007270813
4.920475075846322,3.9137611871632556,3.266260467199367,1.2888765852625275,-4.658138111788705,0.019384403284630203,-4.318216198841367,1.2306009293002695,739.3625194642989,12.185173988342285
2.9478167907230395,3.744826686874142,3.6763096231757517,0.8550597007665202,3.665659639396229,0.11383820390028276,-0.9297143594570221,-0.012503834294396832,528.1527990593942,12.84258246421814
2.2080713057797983,3.0992316903546184,-1.4465130123194987,0.9715271551842077,-2.79018393135767,-0.045461252325530666,2.6215167511853394,0.548949067506701,767.8742057603085,13.510366916656494
-0.36352773796697857,3.5421710436830063,1.0564860970943508,-1.477601891366445,-3.522752942198742,0.2076793767374383,3.3361145202961717,0.4036717008749493,1213.3553454392627,14.209402561187744
5.042565754846362,3.608496645901144,4.417806452191303,0.7815107095942713,2.7145899755127854,0.38233138305399805,1.0385599193646353,1.6252308191479408,987.7916414901547,15.038374423980713
2.2063169122239117,3.5415658278947992,-3.5997275645863818,0.8797260669098872,-2.9841925835540333,0.059222123245134206,3.8562868784737434,0.01856584482325463,578.7397289808151,15.753665447235107
2.5159011104773485,3.726550050156697,2.157534723565967,0.859343085730508,-2.669044537722224,0.04684864925026133,5.011902047409209,-0.4211082275679061,795.1523032789621,16.430644989013672
2.009854725884134,3.3834328189121576,-1.618920913373687,0.9122622221223926,-3.0164953159229437,0.05937908281389426,-2.4901177812477218,-0.073614862280178,614.7014855446245,16.97834348678589
-0.7468339942368791,1.3520913034945625,-4.56445763812264,0.18264755572198066,-0.5242188313996836,0.8880099869567104,-1.0816669396344594,-1.3058411735954927,909.7064994139682,17.551865100860596
2.089002267442975,5.12,-4.031330698197311,0.8665159117639245,-1.3442381471088205,0.09813250645971383,-2.446456672633526,1.5478983855022186,699.3289269706468,18.175279140472412
2.21933121496797,0.7623949743512215,-0.6489048892926528,-0.7236905478236881,4.815649955301237,0.9674378698447121,2.013703543698016,-1.7353695483120544,658.0493718619617,18.781798601150513
1.724270438997297,3.4585251627946123,-3.695001742427042,0.6747733821061708,1.1896537210337828,0.16835827189506425,-1.3813051095491722,-1.6550415175743423,1070.803150081244,19.607011795043945
-0.6212665189604811,4.99143768288486,1.729569197997292,0.8949759524650389,0.6445682844597629,0.20073665867778434,-2.3671454256041864,0.2133230759670166,816.8261276635956,20.520754098892212
2.3016327460258834,5.12,-0.6294633851169822,0.8707057469128587,4.72429480599073,0.0398492155704,-1.768682520192625,0.09127595493919571,640.5120173377327,21.252704620361328
1.8565010750601276,3.6359728781874763,2.1546905111555414,0.792696934083307,0.25275223954664305,0.24029588651244804,-1.7019922479117677,0.09225837398316727,687.4079094729783,22.105762004852295
2.0087116094654762,3.5880327427972913,4.98845443230013,0.8280031459189026,1.7014190119347097,0.04107231465804606,-2.4043930928026733,-0.09760724639754503,623.6764720277989,22.947916984558105
3.7463765895984187,3.2453148898305857,-0.056235149916051164,1.0291861698717,3.0474689298090487,-0.4639435969392842,-3.89400073312893,0.22480444287231993,564.9991768547465,23.741400957107544
4.046428453012303,5.12,-2.039359372018789,0.8086189450874555,1.0551404439225243,-0.03543640792051672,-0.7049001247413278,-0.3132226788584225,422.53371176368296,24.62005877494812
0.40805321485727486,4.131108498789014,-4.038224038155985,0.9038426540789839,-3.3621639833660146,0.011749902961539327,-0.6059263440044438,-0.3168917421038744,767.0441728956998,25.396897315979004
2.7342932639973867,4.521376039258086,3.676412484850519,0.747509609385852,-4.590069678361943,-3.025478163233887,-1.025295384263682,-0.3923689990535095,993.4847090730511,26.225759506225586
2.8048200815272653,4.8458171537524,-1.908774185951612,0.8543672184120128,-3.7966010392555862,0.2085855145203217,-1.0932986710628523,-0.3980634978876303,558.4242989195852,27.128418684005737
5.0492301063357905,4.243576417072869,1.1214278711766346,0.7202151270520813,-3.7004000637674066,0.1579335245234974,-3.303249601465131,-0.1800787112413227,683.2692602469866,27.899713277816772
1.9343372725343286,0.29795922178419243,2.4637971289410787,-2.3923368364311415,4.803128320201599,0.18983845259935972,-1.6850178509840559,-0.37891073901701056,997.6456187908096,28.6642107963562
2.3678081420780295,4.149186076456952,-1.4505947902656415,0.895380425571644,-5.12,0.22461202079904208,-2.1011471797523638,-0.19439006866514852,677.2660992784947,29.443312168121338
4.283073664646747,4.934293539049388,-2.143589279056661,0.8459412594354534,-0.35780730663534044,0.2795959432772239,-5.12,0.033210756916795425,595.2083082145816,30.20046830177307
-5.12,5.12,-2.441880003664843,0.6568144310693507,1.2049088228773916,2.07553162933956,-5.12,0.8920488279647403,626.8018672655742,31.002492904663086
5.12,5.12,-5.12,-5.12,-0.13519704556072742,-5.12,5.12,-0.1664289517522004,403.7836394675307,31.729928731918335
5.12,0.5485390942151023,-5.12,-5.12,-0.5846222410427346,-5.12,5.12,0.7177289708533383,769.4634053071884,32.77337908744812
5.12,5.12,-5.12,-5.12,-0.5505715212094069,-5.12,5.12,-1.4958060005468639,717.4051410885183,33.618677616119385
2.9577470195601228,5.12,4.212326971972616,-5.12,1.0544074822403697,-5.12,-5.12,0.16274001370787694,374.61881047795515,34.52031469345093
2.55472527833006,5.12,-4.47237364459132,-5.12,4.959535605495604,-5.12,5.12,0.3544432842744447,821.3937783992274,35.32184839248657
4.713744521965114,5.12,2.8534494972818347,-5.12,-4.589716813135472,-4.751491732445773,-5.12,-0.17969021183616896,736.8908440561327,36.091313123703
-5.12,5.12,5.12,-0.45120644422828704,0.6531797190878308,3.7632955348205366,-5.12,-0.6794807956522879,815.5409774121678,36.97436213493347
-5.12,5.12,-5.12,1.8384369550237185,-0.029615530593575023,0.4759785999051589,-5.12,2.1632971320150105,517.57367792813,37.91117715835571
-5.12,5.12,5.035856843582347,1.1058919871155863,3.20578578642722,1.2532580412210805,-5.12,3.722534593933992,527.8906571397262,38.84175395965576
-5.12,5.12,-5.12,2.5286197581546084,-4.881980756140226,0.2753042813443223,-5.12,4.9216946448930665,620.1346589433982,39.80661582946777
-5.12,-4.535438876633666,4.861724574484893,1.5365111645734553,4.4844583574874735,0.8714665394068399,-5.12,2.701503242955857,972.1103380262134,40.83026576042175
-5.12,5.12,-4.107728870589213,0.8670753264339304,2.450813798644048,3.3029748074463,-5.12,4.588389008959626,783.3976975051855,41.899547815322876
-5.12,5.12,-3.3962393927615113,0.7942968443854594,-1.8377231487876844,-0.5707544132784941,-5.12,3.041676113625237,678.4080235199589,42.88410186767578
4.481406556874773,5.12,5.12,-5.12,5.12,-5.12,-5.12,3.7243840597197613,669.2031948156199,43.94766116142273
5.12,-2.921422067846226,5.12,-5.12,4.073024776570256,-5.12,-5.12,-5.12,367.31463462501017,44.853191614151
5.12,-5.12,5.12,-5.12,-5.12,-5.12,-5.12,-5.12,426.54029806287156,45.81126165390015
4.004818715799643,-0.1722861351414231,5.12,-5.12,5.12,-5.12,-5.12,-5.12,389.10761461616084,46.79280662536621
5.12,1.059848827742326,5.12,-5.12,5.12,-5.12,-5.12,-5.12,381.33346763713575,48.039433002471924
4.409966495109985,-1.0411847580638058,5.12,-5.12,-0.20974079538896095,-5.12,5.12,-5.12,549.8878481094432,49.12254500389099
5.12,3.984515595372261,5.12,-5.12,5.12,-5.12,-5.12,-5.12,389.57203279483497,50.29212236404419
5.12,0.5136594967806154,5.12,-4.175640800846844,-3.3629297076077744,-5.12,-5.12,-5.12,715.3386655985437,51.45250749588013
5.12,-1.0102925861971785,5.12,-5.12,3.51258417940842,-3.6453964908231056,-5.12,-5.12,654.2258192032111,52.70477557182312
2.976025870645688,5.12,5.12,-5.12,5.12,-5.12,-5.12,-5.12,383.2118757022524,53.77309012413025
3.1468755694428383,5.12,5.12,-5.12,5.12,-5.12,-5.12,-5.12,422.77027773414056,54.95239067077637
2.7718456568859144,-1.3550444832921036,5.12,-5.12,-2.4354402323733098,-5.12,-5.12,-5.12,721.5531107650088,56.28398418426514
-0.9250730320194442,-0.3764809332839567,4.785822749162317,-2.2536185309523287,0.5667784475457402,-4.88508133716227,-4.081186149973196,0.02012421522436636,661.8313033097909,57.599767446517944
