0.7827139780397312,0.33623178318136304,-4.4394333227846055,0.5783887177760114,0.41239562197914204,2.9960534179882137,-3.8566799657823694,-3.8338138067430068,944.4835435626009,0.6606178283691406
2.419808902313523,3.541785738078878,-0.01956385504115321,-1.6011591308627358,1.0886248303506134,-4.410400038331855,4.444094301872254,-0.5164655439545536,1220.0229411764653,1.0606763362884521
2.2723687891900246,5.12,4.420592982331942,0.7301680538019433,-0.6854176816971798,1.6778684281799245,3.3114275997222977,3.652801962515327,1098.646018666249,1.432309865951538
-3.7632618003790297,4.366567032409248,-1.0485977795731172,-3.2759188182763084,-1.471194626371445,-3.7168912096483195,4.220988651723279,0.34546027197392615,1015.6981882260714,1.7179176807403564
2.802839483217725,2.7943295283326384,-2.3859439937304248,2.1633112345934435,-3.9566686264613704,5.084330994508469,1.9572166991978222,1.269704426343071,569.8214126595528,2.1544182300567627
2.072520248314862,4.289878523879222,-4.561878778050097,2.306779671466752,0.8191708144263519,3.109039391448717,5.12,-0.23817572741302495,748.03689050247,2.816714286804199
0.055639813171433516,4.361953745947363,2.7692840875781517,1.02426366490797,0.8875422764381247,-2.965377890760113,5.116336213102984,5.007838085404342,400.35648917710455,3.545320510864258
3.8916677590464355,4.421267791330103,5.12,-2.0141989678783245,4.874368400082912,-3.849335567106295,5.100984744332529,3.22295761500155,551.4300407589423,4.253147840499878
3.8654891498441115,4.3461289602884845,4.2473994277415565,-4.0351266924908105,-5.12,-4.942832677089793,5.12,5.12,550.1436105511701,4.829597234725952
0.027074905214256262,-2.1089460097225396,3.598506157147578,2.447616062046569,4.53640453050448,3.5218111260608493,5.081310966786506,5.12,944.7884494945336,5.466761589050293
0.2440082900668168,4.525534137130317,3.4186051275356695,1.2289840768803515,-2.593845654550892,-4.502061306514051,5.046470113664495,4.580228378490225,1251.0689495816796,6.006539344787598
2.8012872350549785,3.531515526843113,4.42832470015873,0.8323340673020345,4.752452865783504,4.597076030794857,1.9758685151103181,1.9437928799822828,886.7186987262331,6.472043752670288
2.153602844725121,4.319046509406674,-0.23802173981011077,-4.435925556029089,3.3683168308326925,0.037419553620724244,5.037792585768293,5.12,775.8960570838899,7.245786905288696
4.371516898382455,2.840287141975149,0.2723532796520649,-4.149851519317918,-0.00950269345823429,1.1605327702194153,1.985765260842296,0.2544267384635335,570.4432779490355,7.892957448959351
-1.4267833005440393,4.336450870927528,-0.6234166901819229,-0.5253970328969526,2.5343948138643224,-4.842468662739168,5.12,-4.441936422631798,1272.063475943277,8.42183804512024
1.5192607196567236,4.305989675568841,-2.8060856606090994,2.347031185610713,-0.5176130553648548,-3.2393662181076475,4.902330487195928,3.621443410513659,1121.8439751391709,8.812922239303589
2.0718575707132816,4.268957244345832,3.6791461692572858,-1.0530627978752243,-4.277818665101906,0.571158885166577,5.105888384408215,3.247646687982754,790.287340381858,9.383510828018188
0.01826565102931088,4.329496861025034,4.985160641484353,-0.4626424635391375,-0.5575405042499293,-2.6604931755225625,-2.0263712839224626,1.8993818411278838,772.7148122187939,9.811136245727539
2.8814367643747394,2.8500479634924414,-0.3834731036399628,-1.8532988125094159,1.6854846907630732,-4.999980558682447,1.9908349947245618,1.1757929360076433,529.4559179308748,10.258923292160034
2.2587048122470472,4.278348515670603,4.281953576066782,1.2760281886843936,-3.5747282034950434,-4.270391091266074,5.12,3.564880346706704,1093.5787818265742,10.807212591171265
2.086488506347,3.7755362925772067,-1.0451888915786318,2.288826540639227,-0.49199667996959917,0.8227314068870246,4.735436908168803,3.58428245494684,838.9065755244494,11.442230463027954
1.0139086469587086,4.371520272259214,3.096485610054285,-3.2710063546748467,0.6561948556037782,-0.5199690624937494,4.400553420324155,5.045827288260187,926.4845003011467,12.093604803085327
0.01074552854090971,4.320319445670379,2.0657851466538384,-0.3741152908329344,1.739459941084771,-2.592488293906034,5.12,2.155124117317098,746.5655340881622,12.731878519058228
-0.013069952100593696,4.606924988835876,2.634223810729516,2.473410691772158,1.8340756091374972,-2.89692009811756,-0.5959949962415818,5.056985843874608,874.2188846004833,13.421311140060425
2.636951954479721,2.735767894969035,-0.702142267343584,3.2045058399592294,-3.9655272731702373,1.0215835739177939,1.85250556757184,1.2395897906073632,659.1691512886871,14.047455310821533
-0.06880743144021917,4.517753674171536,2.6595684677974116,1.30383758017717,-0.19818444594376405,-3.533192949105449,5.12,5.034257691750272,884.1046624079634,14.634161710739136
0.06634939723056377,4.3225166328949,2.7670719234888104,-1.7384705537806315,-5.064287668901664,-4.041734251671341,-4.528234765976214,5.016683962511126,676.5673898585331,15.208981990814209
2.1711304024638665,4.30505512656437,0.26142749437374935,-4.312057944221767,2.0595850340761555,-3.0347449946178444,4.562525568865824,3.531330643455907,919.9387624685991,15.683454751968384
2.8655627977142544,2.830553919434463,-1.6243022584773792,-1.3708672684183965,3.2056504089532387,3.900719980019061,1.8556545652987912,1.1862391383646074,666.7909572310571,16.247470378875732
2.768595457581795,-0.045951146273443655,-0.7438976567359319,0.9973776151605716,-2.2996174146599477,2.3137215802754962,4.024638194653057,4.81655323097707,585.8190771049684,16.79374861717224
2.7749618604347983,5.12,-0.7066056011060322,-4.820744194287655,3.6228039572130983,-4.292172046687169,-5.007530806894915,-3.21268347876063,794.7571612408276,17.39521288871765
2.8532943964863398,-0.7956932592105543,0.31050459727235324,3.357608992769241,-3.077155587157209,0.5603066988478531,5.12,1.9304292856025302,711.7301826518569,17.988898277282715
3.954937477426408,3.3943465801973938,3.9121690111748384,2.3319444866853614,2.0215866749319336,1.3321758444083143,4.2528978701263425,-0.677622134936203,815.1789086359702,18.635372638702393
2.8082522607653493,4.423489779947633,-0.3300600757879657,2.756261774783675,0.4642956546476613,5.0322680277813925,5.12,-0.6538394161846499,967.9478916500442,19.175251245498657
2.8090569705694772,2.8331114130265282,-1.025916047051389,4.788718227548254,-3.639917352783717,4.288768117889405,2.0647922007228674,1.1536015521269896,607.3737844286975,19.7489595413208
2.8387714523940772,0.5035153236562318,-1.5086438918216531,2.3696756179234306,1.6002397422009302,-4.329020499253012,-3.4720024228625728,-4.359337623483917,1374.09423278006,20.364701509475708
2.856357953607878,2.7752853795499544,3.153575666500804,-2.667499361761325,-1.3548915388395129,5.008142085707779,1.983814314014273,1.0674484619479196,550.4612490965555,20.92398738861084
2.7959981203650113,2.692062286493922,-4.944485792116173,2.983053090721852,2.7155479308755393,0.9343704822779104,-5.12,-5.12,506.84627815076306,21.45509433746338
2.844450860876865,2.5555295224346892,2.459861552940896,4.200495172864081,-4.849482582965818,-0.3559653755448213,5.051723373737418,4.249485616539871,917.987143338252,22.041080474853516
2.7409277320058223,2.739120611997021,0.624524719982885,-3.159797767169672,-3.531576784479471,-2.9974271103400287,5.12,4.52270465962675,947.4135025818275,22.696053504943848
2.8334266742066943,1.6484749399460012,4.836179764446681,-2.818863986897091,1.556869472238537,-0.8220328760180964,1.972933285221031,1.1668897933675924,667.9801922640385,23.203035354614258
2.791880909235008,1.3745755761328509,1.915747204686637,-3.3501487009220887,-1.4180083005566462,-1.864853686691926,-5.117767395894992,-5.066928646692755,754.8045205078328,23.727469444274902
2.8284756156036757,3.938746411738408,4.64659091127784,-4.892910893976372,3.8879578691333885,0.3195044032195282,1.968000289490532,1.1464161689468755,539.2240368487996,24.26471996307373
3.88548392591517,4.139921095139232,-3.22301555163211,-2.9990535244339767,-3.0120036113793462,-3.2970937885994305,5.115380620850627,4.866550002966503,453.2800929327935,24.866775274276733
2.0714285486202524,4.3494345707286,-4.934315629723358,2.2860264268709685,1.7707946402697816,2.3637606840054675,5.0691866095534435,3.694696870320601,795.9559403370079,25.469855785369873
4.347690590291196,0.5760317218998168,-2.031071459337149,0.3452359799468345,3.5781011916791376,-3.691502816275136,2.0674151499826614,0.301995655512604,1023.9691581040966,26.125699758529663
2.743013132089591,3.4728689703615787,2.812637194034261,1.8676857596384897,3.7601242840230418,3.7083347081507574,1.9095267947220007,1.1058654974835944,717.5171716346024,26.763490438461304
3.8415950904478615,4.03008331428702,-0.030845145618488168,3.06831736816659,-1.0576051979071313,-3.171429460671622,5.093881801601008,4.932701860683845,244.9691485353884,27.385433673858643
3.8297768372778664,4.03712156796407,2.0296337492714303,-4.97895854308978,0.4834102690865567,-4.549116659768809,5.047045742456919,4.896770945130174,606.888079373841,28.104958057403564
2.820937603053702,3.521233152864755,-1.339422299105844,-4.772204072652199,1.3003597410029455,-3.821872968145027,2.1363449076465644,1.257344710929889,889.3333033150097,28.76396608352661
2.8165701891601467,4.425753776718154,-2.019436221023806,5.013670881771708,3.34710866239386,2.640361845477413,-5.12,-5.12,752.2211692752846,29.447567224502563
2.9232467757551133,3.926923501193646,3.563248270188324,3.4071971374264,3.4863779342978445,1.770421966959395,1.9474097968964283,1.2323090721053473,847.4720074650679,30.207049131393433
3.8840538929945465,4.03651083357981,-0.9405571008581077,0.9931727062572353,-2.9238590160492013,-4.789760766771869,-3.2126553241415845,1.4758384034530279,474.3335146681308,31.05279302597046
3.907729472574572,3.907814986117132,1.927852476076314,4.713216709760663,3.129575068607589,4.912204789764284,2.0722594491282713,5.12,369.9804029692068,31.91838550567627
3.8703538198388765,4.083969092064435,-4.652864796442374,5.12,3.625206794613102,1.0701934773756507,3.8845609396390683,5.12,596.9735251392027,32.73655080795288
3.8542992110079686,3.7711270759550546,-4.132600306432933,3.3614011230573935,-4.441076837904005,-2.081058938469578,-1.8554256284948094,5.12,705.6689789694126,33.497570753097534
5.0412029112911005,4.0700295644487765,3.4838360444381236,2.604380411786491,-4.7281420565069086,3.0835582145050973,-3.434741397110196,3.9860254304625764,831.29897708921,34.27412247657776
3.97031151632138,4.043879858253956,4.84990842276376,-0.5759129059883428,-3.18219255403157,-4.3799072544805115,2.6172028159356424,5.12,786.6832992185982,35.088260889053345
3.8167196752932364,4.174833782410471,2.588729842628112,-0.43780286549903025,-3.730225249457434,2.5354967813896865,3.497772475682562,-1.155677807333908,1117.9758926211446,35.91133713722229
3.8812969730689604,3.110693314900307,3.0737168831887383,-0.19254007373858695,-4.929078250329572,-1.4272252084064387,3.168654750633899,4.767178095722307,558.1173021537203,36.711413621902466
-5.12,5.062579297914971,0.07144496781527554,5.0508271974382515,4.472850775858746,3.921466689244835,0.8959477613180828,-3.0192776908936194,404.1924871605346,37.51755142211914
3.8636877765514503,5.12,3.614346398047828,0.45052474148230104,3.1689522562884127,-3.040329911989389,5.12,4.742766204998261,740.5737148199769,38.46360445022583
-5.106637880969859,4.492152464670386,-2.6322846950285355,-2.0670991307549533,4.365320842739478,-3.4160572356961465,3.8378302538229567,-3.2485588872405993,1010.4825774585422,39.36444401741028
-5.12,-2.9939287197849445,-3.349489767734214,-3.0947736839817184,-5.12,3.923146647500398,-2.6543147048469384,-2.685833826266025,649.0806873636548,40.317978620529175
5.12,-4.932368635987399,0.6538872005308134,0.31790192993894006,3.8789299610159444,2.8376615999688077,-3.878598531950074,2.747785639930698,635.2557292871061,41.14984726905823
-5.12,3.9230512247711564,-3.483639956046425,1.3447810704618073,-5.064925682224587,-1.3411370719933666,1.0119416732657571,2.4421598877176374,840.2614446459376,42.08481168746948
-5.12,3.93102133500851,3.871082924917684,3.355593192943531,0.38296115973212075,3.730584547778718,-1.3395951150828256,1.1189537891504902,780.3569265390624,43.080522298812866
-5.12,-2.2880431683718685,1.3725187582350609,-2.6303611857265374,-3.702354885599485,0.6010970574695618,-2.216146446617865,-2.0413971127204915,944.3064709857321,43.85522723197937
5.12,1.7338739079631953,3.8547177222792195,-1.8574775383469633,-4.951216317794965,4.506231023434551,0.7416061934373035,-2.7317794479230733,735.1966602014334,44.87428665161133
-1.2763929387526831,-1.604294491594707,1.2389928512976027,1.5408104206508018,-2.998141430613478,-3.8919319675076887,0.8253513611355405,-2.9067976771255597,720.2465680012976,45.931241035461426
5.12,1.0498131007250535,1.8589294060683166,1.9951149843880858,-5.12,1.5291355875312052,4.469637626608853,2.6912795536158436,718.9933734707467,46.95012021064758
