-4.662669398790098,-2.7813024864258575,4.39159008245178,-4.472410875778864,-4.23579502969824,-2.1369377770182423,4.841265418132582,-0.29821982249316026,1025.0604989241342,0.6525750160217285
0.23629693507001193,0.8673741261865633,3.1695385930293076,-0.8574720011672197,-0.9002171720184204,0.10324613664952853,-2.7542186171646543,-0.8547480571530643,409.4612270610632,1.1446237564086914
-0.6366458026017447,0.8676055019137205,3.176658386929467,-0.6781170730412667,-0.9188775166922891,-3.8697664115729595,-2.622177536295408,1.5246831013091438,849.02480371203,1.6457080841064453
-3.6146241996148216,0.8711549721108858,3.170065722433308,4.412961505598337,-0.8890050278396933,0.25091552758150826,1.3798611392507825,-0.9257757972984013,797.8635914508878,2.1402130126953125
0.587823703721539,1.7919625743178393,3.7815123247821143,-0.8585674242833168,-0.8669398655759046,-0.542245326694327,-2.883024099523509,-0.783162196584926,739.5306126421943,2.8926658630371094
3.1134455184490557,0.813723305464217,1.7042724952154797,-0.8597452058938115,-0.9673716545109059,1.2452915256782173,-1.2551198925175853,-2.5812501401343333,664.4142285985351,3.5320286750793457
2.2134508441316703,0.8476535002177217,3.178791837398564,-0.8600120470964034,-3.092837876447515,-4.426353772119464,-1.0804571529606193,-0.858929020953985,515.4764222704716,4.142988204956055
-0.19978181837280573,0.8700570074896143,-3.633122800472938,-0.8576192469121455,-3.612385553547062,1.3121630534537267,4.167277181567244,-0.8106719718977864,779.7300373263652,4.841992378234863
-2.7438196930280365,0.8606488251755398,3.183600010577183,-0.859669449286538,-5.037137300980458,0.453114049359133,-1.7208486857513003,-0.8633522542948349,635.416945101857,5.593039512634277
0.1928448054502212,0.8690288352120152,3.162901089395352,-2.22701038029332,-4.52506547553376,0.7515249975651157,-3.049915749257974,-0.8752990896819526,609.1210486020584,6.345224857330322
2.3097814537737307,0.8731991800640353,3.170532343651886,-0.8703640128159682,-0.5794619126346934,1.441376218334618,4.512229705630868,-0.8721347750623574,902.081108351298,6.991015195846558
1.921286643457493,0.8795535915677064,3.138293984088885,-1.1564016682275167,-0.6938341429197727,2.328565928603018,-3.2729253759536077,-0.9641693141976262,551.2562655137826,7.7380690574646
-2.294623873447377,0.867933575078994,3.169141856829511,-0.8177351458042921,-0.7735945456495079,-0.24637465744917542,-2.8375706826004365,-0.8573687818712017,564.6172469846662,8.286707639694214
0.2703491802779263,0.8729012324388226,0.8500876340695731,-0.8566494746092159,2.341528595278109,1.5474735384537057,-3.077995316046357,-0.9134500392184952,618.6973226794698,8.845747709274292
3.673216557050899,0.9048121453281199,3.2795563005097135,2.1512149082961187,2.3339162203095007,-5.12,-4.677707564268847,-1.2122342633627041,806.5542372782556,9.453547239303589
0.036575367774929646,0.87026223733585,3.244786468124601,-0.7893724112323008,-4.10710455098004,-0.9855217203845212,-2.884798102852695,-0.8791803972434025,319.8820928322333,10.082865238189697
0.05782779513793468,0.9014313942363241,3.348343142562025,-0.7817575929132481,-1.6966985305568039,-1.8317082149351789,-3.970925936600959,-1.014299844792811,484.704342293126,10.661174535751343
0.14211807605649796,0.7100308562860311,3.4864503656880634,-0.3230003915149835,-2.0824657013173806,-3.9004374777275412,-2.501852282621804,-0.98731191769554,777.9948898960397,11.296117782592773
0.11995190662749078,0.8787881899481578,3.569438149843216,-0.2707157084444809,-3.75037477528279,0.39385174556587366,-2.141269008737619,-0.963589354273755,709.4707712409487,11.89100694656372
1.6213456197165756,0.7824439853770828,4.359685614223236,-0.8724348255430243,-4.100595991801674,-1.725965545505102,-4.984707485971312,-1.4720180637346845,849.1990330846397,12.631341695785522
0.25681456466942,0.894285356314696,3.241555992135722,-0.7614120337347359,-2.346690389849296,-5.0580424233281445,-3.3626697864502937,-0.9306530787601375,706.3206071192408,13.321705102920532
2.3314158734961863,0.9281212340295157,3.19171774103068,-4.153756374050198,3.9161822090055454,-1.3392106119625025,-3.565209870388434,-0.9373729043398784,696.8554837891656,13.97262191772461
0.6754595971873245,0.8656190122801206,3.535740860697275,-0.8963079495865935,-4.537413936144402,-1.2921355208449183,-2.7178418771135258,-0.8439456718718263,929.3837842585372,14.716408252716064
0.6146173919071973,0.9333730139998249,3.240895043219738,5.064007741855954,-3.203323433280869,-0.8169476769317434,-4.7650445027435335,-1.5021372647807079,780.1617565511201,15.432626008987427
0.2245743401313005,0.8663164583863034,3.24422194880744,-0.7964119739612627,-1.7482452405024058,-1.0554352642357268,-3.2787446009984604,-0.9300190582284973,547.291440391522,16.192235469818115
-0.19083529685106626,2.6225012654287045,2.9004258316933127,3.4086286932218597,2.4498947856242532,-3.531808028753284,-1.9004787490149502,-4.47669129137729,1118.4168748583245,16.82998275756836
-0.8712702011660278,-4.071552062693341,-2.990438017979696,-4.384090023346504,-4.104557552417839,2.695363846820011,2.4176009157271423,-0.37965133036616283,805.4299131641012,17.517570734024048
-2.3476443650186387,0.9427377784931981,3.2352020196268443,-0.33480080455575845,-0.701198714730765,0.9727601730112987,-3.978189178191781,-1.104504830114542,594.3295500709536,18.247501850128174
0.6389690876013558,0.9203849268258546,3.135985899325296,-0.3737730002323012,-3.821324787470166,-0.12052645879200874,-4.178886716271876,-0.8819866470483433,592.1238637426673,18.976205587387085
4.1183446345990555,0.9466958696380106,3.263031535572723,-1.5731868235326125,-3.650660265779727,-1.4441434449874326,-3.4227446156868693,4.855116535035912,990.8684380987172,19.68671178817749
3.6917991059217323,0.7497966996868755,3.213085416111265,-2.2664660486050203,-2.538333864887044,-1.1405765946826092,-4.311687527311977,-1.9099105016256757,869.9064966344848,20.40172791481018
-1.8217547355805408,0.9234735797612483,3.1692986874690616,-1.3886355068905298,1.4229626622298284,-0.5007267553436767,-3.552788573800081,-1.516713693837732,1111.5594527624255,21.074771881103516
-0.9361588038934974,0.9683664393410334,3.133872147092224,-1.3844983647441165,3.021094040703468,0.10033866848182882,-5.12,-1.1963982439260268,382.54058888240615,21.773126363754272
-0.3075918745289359,2.858151861746043,2.8174044350356953,4.926049827432753,4.618030188029549,-2.085854224848104,-0.83212084950177,-4.930162494769647,581.280338387822,22.51238441467285
1.0323965111813695,0.8648588553267977,3.2445758556622915,-0.43805988314768385,-4.494255828380255,-0.6295276019924039,-2.042599601083032,-0.8550233464087498,774.009549733099,23.166155099868774
-3.9528378473820336,0.9817121213268045,3.0918853271463265,-1.8040382532103751,4.75853643420943,2.024624151501053,-5.12,-1.1361598773693844,328.92603078581976,23.798731327056885
-1.440633507308505,1.0645524347528648,3.0613581800961684,-1.7609605869497496,4.760243149665986,1.0134130986694618,-5.12,-1.1365485659262053,524.1982209629757,24.59451985359192
-0.6522134155914667,0.7699613121257638,3.1388979768480807,-1.872007503202985,4.262411971445137,-2.258732944519966,-5.12,-1.1457542394727818,656.1305942885341,25.428686141967773
-3.0222273282539374,0.9636757335597483,3.1190903444089324,-1.8270542955806337,-0.5855569369342195,-0.42509635422802905,-5.1106590927518365,-1.1310524330836524,565.0514939048725,26.122194528579712
-2.6449647145656483,1.015116276165437,2.903436652276553,-0.7231547863974601,4.632763706533868,2.4280154484939116,-4.483824795371333,-1.181594585347669,977.170372810143,26.7902672290802
3.086878740874684,2.9478170945914774,2.946163002491727,5.12,4.494428235143155,2.4228914560538373,-0.5382997621015919,-4.931808831710655,751.0131673886909,27.565555095672607
2.7458199084781176,-0.16541028299405092,3.259133729072162,0.5049822771750572,-0.9382309334834167,0.05124443951240654,-2.8158813239450344,-0.8993405279129556,577.3918498210683,28.638802766799927
1.925809805624505,0.9542271642028313,3.1311826972596597,3.937524966030753,4.15978886391571,2.0537241498209697,-5.12,-1.2344192427382352,302.93703358657706,29.20717740058899
-2.569739663760863,0.8932890143258945,3.262929593033223,-5.082476210182034,1.205010389515027,-0.28636447695121703,-2.8112083805622,-0.8963511175340617,665.2718586534596,30.00672960281372
-3.457626005704526,-1.59425239000523,3.1277959791028147,2.1614709923522932,3.9287445759373787,2.718244800330308,-5.12,-1.2132306395725938,770.5336974494057,30.76285171508789
-4.251318304532873,0.5848562607213958,3.27073623957011,-2.416952999898229,2.7711218240885174,-0.5042669974198981,-2.946873501109426,-0.8631085618086045,965.9668659530124,31.69027066230774
-2.6976201441590026,2.867629595539352,2.8099655547521873,-2.976755595814772,-2.5701903689490466,2.5886664325946223,-0.8086615244237016,-5.042220766070797,743.6529641857762,32.422645807266235
2.6679413678240813,0.7394219425617861,3.089783324127091,4.479718834039493,-4.350989084227276,-0.9538981855472706,-2.894901943597283,-2.637893803746659,892.3140267523399,33.067437171936035
-4.533992912317788,0.9885384994289099,2.000025450612318,5.12,5.1090736989235195,3.5604991175603073,-5.12,-0.5666002427255963,776.0695053733352,33.80807161331177
-0.5889782834174415,0.6785409519171299,3.2856594808540214,0.005352605892333884,-0.48814398152617233,-1.6204915848802592,-4.042224332039034,-0.8474435087029066,900.4156000404748,34.58341455459595
4.739316230181017,1.0339643261148659,3.1205534095647183,-0.7491053572706861,-4.772337860029954,-3.3566927146141827,-5.12,-1.2167814324812558,686.9675510311237,35.34550213813782
3.769575328977754,1.004732371730821,3.1245396099934277,4.4388322142235905,4.007715491220799,2.5755025414852692,-5.12,-1.1940416267643172,686.3237966533753,36.21879959106445
3.328824032281246,2.710583302284647,5.12,4.281393847320623,1.4517932684901362,1.441306033611573,-5.12,-1.0833023538036954,942.5025457680609,37.174609422683716
0.6337788017854473,2.858331336186791,2.8439729245247554,3.2890795570839026,4.042038137220367,3.2896113773117213,-0.8102310814239555,-4.765574992707821,731.7961084599955,38.0590705871582
-3.046410986411774,0.9261124200711031,3.108651324401401,-0.44016858841976614,-4.07522546416504,5.12,-5.12,-1.1939429801066632,451.3634684885733,38.86172914505005
0.5231189400748306,0.9202786297404213,3.09281509415447,0.04160377955848649,-2.2813934401559437,-4.4316193471615515,-4.002578376445687,-1.1940621321861182,660.2296244328045,39.73540019989014
-3.5921157512434805,-4.0560189496883226,-2.9854042048542158,0.1503595343981905,-3.6472508246718838,-1.7607844841766536,5.12,0.31665335940578654,733.841075236365,40.63909387588501
3.0321105451762405,0.858082488183121,3.2111706788154786,-2.7391142861710005,3.250151915342527,-0.7660163712404291,-2.843961412205238,-0.889687938222905,527.1271307149491,41.57896900177002
3.752244231460536,0.8574852882041935,3.2435143064164746,-2.14100875513147,-0.018598874871821103,4.747312599204975,-3.2363778839578417,-0.7643567016132451,617.0743882262378,42.480509996414185
3.6903874306260542,-4.077801285118993,-3.0184026928895844,4.646044344538718,0.7360921499322766,4.9883480011402375,4.458083978571326,-0.030934490387915403,723.4118802766144,43.4762122631073
1.7210920399715075,-2.9885545339999466,-4.682982371095534,-1.2488933015819539,0.15860940218481545,4.940159336934275,4.469932342263664,-4.0792255332679765,717.9601056405511,44.52738046646118
-2.0349953217756047,0.8216853178671109,3.069181246494142,-4.443679762545308,3.715089187257621,1.1912192845674054,-2.3624771413371866,-0.7034578300538055,796.6796262487414,45.64244556427002
1.5334565864753777,0.8717538909897744,3.2309846958001307,5.12,-3.020236560433292,0.44506102488092925,-2.8702645804422016,-0.8848882636664666,653.2029668074273,46.88749599456787
4.6230524110267135,0.9084369606556262,3.129664587782927,1.3341805670308222,3.7943672210969686,4.9256324883529095,-5.12,-1.151835025379571,621.9570030624817,48.07618188858032
4.352367814133728,-3.056716788679767,-4.8391511386948896,-0.19427541737628662,-3.1537170340245178,-0.29353850287388017,5.12,-3.9035578719376036,597.1016715637884,49.064820289611816
-2.420811356017813,0.9038777883016538,-4.700865320631117,-3.6036279516941025,4.595796262228114,4.811397583084077,-1.282131681744259,-0.9487609198032096,974.0552242367862,50.015520334243774
-3.3072783909928836,2.931509311103386,2.8099652461666986,-0.1909948684964693,-3.1921317821169204,-5.12,0.07729773821652586,-4.805258333788814,527.353803993271,51.11775541305542
2.35322388745798,2.8369330701615114,-0.37373356656347045,-2.65995699240811,1.731450235703095,-5.12,0.46111665745570196,-4.861244347797661,977.4876157909589,52.19619607925415
-4.859861007186311,2.7672476768775063,2.853231652270413,-1.1370355339637,4.680192924982328,-5.12,2.215797345932776,-4.905353110326774,583.1478348076066,53.31842088699341
-3.8209633803946224,1.580987970210506,3.132753684929585,4.294500505756665,-2.6583943612617382,5.048112141495058,-5.12,-1.2076967098757323,770.0003033409583,54.381977558135986
-5.12,0.9954055098392178,3.1373814544453067,-3.8197956259927923,-2.1275543255977793,5.12,-4.8871290323460075,-1.1964102427467354,375.98580716477693,55.51347327232361
