-2.181990105612492,3.134399937536009,-1.0124082859615093,0.2852166840072572,230.0860499453525,0.3185570240020752
3.193072698817688,5.12,2.660494957108561,-3.473306284283206,499.561302488858,0.7204456329345703
-5.12,5.0575213980941855,-0.8043689426414034,-5.12,205.82049400442315,1.0982439517974854
-0.22798064903374193,1.1360458401767684,-0.8595427426930833,-2.992911535067108,168.18938886193814,1.512099266052246
2.2820219544184157,5.12,-1.0975114563598911,-2.9091881567483857,222.20837834082528,1.9168031215667725
2.704434828518271,-2.222299554716157,-0.793606868459432,-5.12,350.06543108222695,2.3340508937835693
3.7218274818042483,3.6617824451628413,-0.7034886314431512,-2.388117569458363,608.8031934738879,2.808032751083374
-2.8708213931534443,-1.7483543670331527,-1.2321904021078738,-4.1210770504752645,278.40517097503897,3.093909502029419
-5.12,1.700891662997301,-1.1896424328729474,-5.12,304.2904940640615,3.502833843231201
-5.12,4.365579888706617,-1.1883694757236616,-5.12,355.7465856686488,3.8877055644989014
-5.12,5.12,-1.237510883428909,5.12,253.64495258572416,4.225614786148071
-5.12,4.156471670345243,-1.2298587434269028,2.094791690119412,225.650408547759,4.5665366649627686
-5.12,1.6463725637122346,-1.1870853100222991,3.8330249381546304,344.39529793989624,4.818578004837036
5.12,2.307923234817274,-1.28909989557165,1.2469280650490182,419.84754899111215,5.155508279800415
-5.12,-3.6290266020072597,-0.8300529075568805,-5.095904598908915,331.45212649296985,5.4983742237091064
-5.12,4.553924338663392,-0.8998404726298874,4.415503747239197,494.06916247760597,5.732393741607666
-5.12,-4.719348086419888,-1.3009510825354913,-5.12,381.20960110669273,6.0107035636901855
5.12,5.12,-1.2740970516095467,5.12,276.6587785015553,6.331376552581787
5.12,-4.479180161736494,-1.3029269752838424,-5.12,460.1867780816598,6.828517198562622
-5.12,-5.12,2.707157664437765,5.12,293.876030416115,7.079159259796143
-5.12,-5.12,2.714194520448161,-5.043001828027481,265.36968450237964,7.427502155303955
-5.12,-5.12,2.646725405317863,-3.887991777515187,312.9463120320778,7.7775843143463135
-5.12,-5.12,2.9467159694111826,5.12,174.1879267111985,8.018035411834717
-5.12,-5.12,3.0303944334449016,4.641005241289645,302.42977537137597,8.402387619018555
5.12,-5.12,2.822594137231146,2.3274853008990677,322.75709305030296,8.83454155921936
-5.12,-5.12,3.071459237775806,-3.873172537219898,171.08776258485443,9.17765498161316
-5.12,-5.12,3.167199601977395,4.680355141093034,331.23814182189926,9.557907581329346
-5.12,-5.12,3.0086303481375873,-5.12,169.15145569163752,9.89991044998169
-5.12,-5.12,3.1069929273043924,-5.12,191.3641682333176,10.294827699661255
-0.27317512172061864,1.0427725325302264,-0.9283936814126568,-1.519332902474087,331.6465838965536,10.67702031135559
-5.12,-5.12,3.1835511958069054,-2.454391171193983,378.16747642346957,11.045020341873169
-5.12,-5.12,2.6521519186971485,-4.715498165780518,415.0929782101316,11.48170280456543
1.5409332427775624,3.244274836751356,-0.9752278235636451,-3.1897445691787603,381.3869551720088,12.122368574142456
-5.12,-5.12,3.3394811964658055,5.12,324.41191289360813,12.553049564361572
-3.5789477811527335,-2.0168526487331087,-0.9692681267679504,-2.891332983668222,238.95919157160375,13.129637718200684
-2.7884377282948787,3.9973565110070384,-0.6633406079081423,-2.913616232382355,274.9505980639797,13.614582061767578
-5.12,-5.12,3.4095881736865232,-3.9461682632102573,323.7922829805285,14.064648628234863
-5.12,5.12,2.955994835276729,5.12,172.48863588576594,14.476842641830444
-5.12,5.12,2.9431311604690267,5.12,174.93078820540086,14.891041994094849
-5.12,5.12,2.940120118664658,5.12,175.5915125958133,15.324526309967041
-5.12,5.12,2.9432811957826646,-4.185482922648547,199.66333788827802,15.781162977218628
-5.12,-1.741325875993331,2.9392116354296514,-4.9593532773100755,205.48069565605698,16.226125955581665
-5.12,-1.344321076704174,2.938056667598544,-4.455861984180137,443.1244549607811,16.667810201644897
-5.12,5.12,2.9226534917863303,5.12,180.0728653417862,17.12524390220642
-5.12,5.12,2.9208122548691238,5.12,180.60836499198052,17.71613383293152
-5.12,5.12,2.987859895687312,1.815346319329187,179.23424593386574,18.14092230796814
-5.12,5.12,3.0405400601244166,5.12,172.42412487721458,18.554168701171875
-5.12,5.12,3.100617374101991,5.12,188.8933548971907,18.99260640144348
-5.12,5.12,3.1362605209462453,5.12,204.25371767540489,19.426345586776733
-5.12,5.12,3.1428983830580117,5.12,207.50170273048315,19.867239475250244
-5.12,5.12,3.13682242869256,5.12,204.52432332349522,20.314215421676636
-5.12,5.12,2.847369828354533,5.12,210.62653659116938,20.76638889312744
-0.27576906497720266,1.0585073696067004,-4.531228672968378,-3.012342639703228,351.9861585604996,21.281715154647827
-5.115811174875869,-1.8074511446653316,3.33188920042675,-5.099242261710767,324.5818296691976,21.83155608177185
-0.2985747737345843,1.0835783391061238,-0.9606739410074479,-2.937054407389398,165.09260448694278,22.4370756149292
-5.12,4.47672532262651,3.0312974759347417,-3.7947331907252444,370.0691908518569,23.03598165512085
-1.7133401792189682,5.12,2.9235132894664337,1.538051751709122,398.4792961946024,23.63137936592102
-2.214208970286047,5.12,2.7104595763279455,1.9509131826663122,276.38161778230983,24.23869299888611
1.6492688592936107,5.12,3.3908830442399056,1.8764736468734577,436.2478622702131,24.805166244506836
4.908609177558213,3.805346965458294,2.7990594410451903,1.0439975489520092,202.91731561417865,25.57722759246826
-5.12,-3.924768298362896,2.9153316519969517,1.1287246726759141,134.24332736513657,26.184985160827637
-0.09695565744478607,-4.067573958715336,2.5496346113579316,1.1549874739330095,290.2183378572213,26.791348934173584
-4.895213753776758,-0.2910734228236631,3.2351682043242453,1.0908271067395443,288.6691913228475,27.384657859802246
-5.12,-5.12,2.865140248987207,0.9650726180130667,151.97658759730524,28.025590419769287
5.12,-5.12,2.822477344326246,0.7383600460935318,278.47257585856863,28.676642656326294
5.12,-5.12,2.9496548016154387,1.0632876476305446,129.23027964429033,29.315453052520752
-5.12,5.12,-0.3621114073788112,-5.010771642871448,296.86192565473607,29.98746418952942
-1.3437024462927543,5.12,-0.45876670441322087,0.3091671876668851,543.9494298501926,30.726275205612183
5.12,0.3664731283246807,2.993141262956928,5.009109578381184,254.58115852151468,31.533722639083862
3.5703813750114497,-2.65890675660576,2.995037355878307,-4.0630422029237465,397.62933439027853,32.266401529312134
-4.339096015613573,3.8370545989113696,2.81733095619066,-5.12,354.8422339323099,33.01113486289978
-4.900140827542986,1.300854760766116,-1.2509198695668382,2.3446070935741785,439.8058890595022,33.72037076950073
-5.12,-5.12,3.16603493286737,-3.72942903489134,293.11329697932376,34.61913514137268
5.12,-5.12,3.0596024055965065,1.2449885862085965,221.3286723742879,35.38388180732727
-4.18476517897629,5.12,-1.1984780832866218,1.8882896926889234,227.81001054890416,36.1510055065155
0.5918591706851899,5.12,-1.674716042666255,1.9747558175472735,390.98651835643733,36.975465059280396
-5.12,5.12,-0.7906023815709702,2.0002982863786567,186.0260891685266,37.750887632369995
-5.12,-2.403718189290702,-0.9345010765575212,1.9625547671713743,257.1774658330793,38.541661500930786
5.12,5.12,-0.664496535190036,1.8044475906526927,327.96181236873423,39.39336895942688
-5.12,-1.5409337906071947,2.8157053309440094,1.800475710341746,392.2657116669782,40.2144615650177
-2.4946892123046385,-1.5091022335473867,2.820972596159854,1.0328221812584673,476.29520717548814,41.05440855026245
-5.12,-4.47294721789247,3.1958323149691443,1.043614644655019,353.5362617774481,41.9203941822052
-4.369178208843124,-3.6302722847362494,3.03510192535641,1.1441671154946071,419.91580226506426,42.74359130859375
-2.0653872998097382,-5.01393720956713,2.7616363913451236,1.0796768356176303,151.86920806953577,43.67318415641785
-0.5006892403989012,-4.9920677583313875,3.113250264720377,1.0144264628092845,260.69299225912096,44.63147521018982
-0.16416488635683812,1.231548560575428,-1.177387985220038,-2.9445110497059193,210.63685910427995,45.5240638256073
-1.6655378298773647,-5.000290886272019,2.832970565776187,1.0641046209450975,245.748203521192,46.58507180213928
-5.12,-4.02611840797831,2.635443297159391,1.1495733041316099,286.0645681519632,47.52079939842224
4.772574313562896,-5.113733619732111,2.6831444053302747,1.0818652450345887,321.34817558372237,48.40806698799133
-2.043248988517179,-5.12,2.5159145287218703,1.173046943399922,321.8792556324981,49.30107259750366
-4.741756955645396,5.119966608960508,-0.9555769523065338,1.954999867900681,193.53996831496926,50.145962953567505
-5.12,-3.932975286364204,3.2459301833630425,1.0916537957899264,202.82246694737037,51.127925157547
-2.5072959263631196,-4.958808762975043,2.8586383687544448,1.0313694597091443,282.1926047811647,52.0860755443573
-5.12,-3.8622107720113195,2.862184298745724,0.9958815020829617,147.85121460157075,53.02704453468323
-0.08636839634100202,1.0692658212966437,-1.1291278900430792,-3.127894315436733,97.63165500279041,54.01212120056152
0.17967567120861627,1.059263468613735,-1.0531016470504024,-3.006307872104869,80.98511252597866,55.006152391433716
0.15221326534248547,1.0195172737901848,-0.8816276661550448,-3.1616516041442475,128.6422917169766,55.96565866470337
0.3320246828934055,1.1215605570912377,-1.1279646952683935,-3.1684566600403805,271.3394782251643,57.03725290298462
0.02422483976559686,0.969493657981503,-1.1195863426515524,-2.99862923840413,41.102461532026894,57.98973202705383
0.08195112245974912,0.9398422051607165,-0.8825178490650805,-2.915366887025874,70.03163691810401,59.04772591590881
-0.09724494973615982,0.8635893947045226,-0.9797905658511663,-3.0931614313075504,81.36536194775155,60.04686999320984
-2.0231511844310086,-4.769643448390145,2.8800609523167813,0.9884970155544259,152.19759785072543,61.0066556930542
-5.008406801600448,4.721130309481544,-1.0211132756928585,2.0259786999234164,172.9078507577236,62.10054087638855
0.1639905401954298,0.7411457677755084,-1.1077126733316973,-2.9215745152427597,198.38778205900473,63.067872047424316
0.055481408954634936,1.027444987243114,-1.062849235261412,-2.8216772967036436,81.81529588861345,64.02902913093567
-2.0427798962663584,-5.02781098184327,3.1363254994911776,0.9945705729151193,79.94520598903641,64.96149468421936
-0.0841164580291851,0.8532581699627055,-0.5981610172583736,-3.028830965065589,246.7007239091639,65.95693039894104
-2.0369821468511025,-5.063445592136758,2.9951288891876375,0.7623073150790693,142.18991650189525,67.04707145690918
-4.991785883901321,4.83997671008279,-0.8511255479736315,1.633252150791824,305.89982799416555,68.02180886268616
-2.047458924791103,-4.933600573295475,3.1689008762693645,1.2661989859077414,214.54926334642263,69.02999639511108
-1.9756376992366738,-4.913615946498218,3.3718267112229645,0.8371946269438073,272.8585763554424,70.08036494255066
-0.19670948187534698,0.8557478836385117,-1.2574545413244853,-3.039367100413344,224.7930261115551,71.23865818977356
5.12,-4.913763543378099,3.186461707909067,0.9505591742489807,168.7596919367203,72.32996106147766
-4.965987409329625,4.982725359837372,-1.0359853998163064,2.348054146387333,219.26883367348742,73.57470989227295
-4.83615839129758,4.78168030749218,-0.614808061216146,2.179394088490149,412.2459507365211,75.12974810600281
-5.1161860266716825,5.031892291239953,-1.2845715843313865,1.998723685895758,206.17986643309155,76.25722932815552
-4.775432316228528,4.67548236419417,-1.392066817484226,2.0677579128433763,466.8945364337534,77.50677847862244
0.008839758057114011,1.0472462690804125,-0.9778835194668787,-3.006818939813324,16.677904920557523,78.70899939537048
-5.12,-5.12,2.5446408602126667,0.7536340748612727,407.48715730711854,80.02347469329834
-5.12,-3.5947291749075765,2.9834864512699157,1.19136046189191,323.88518670649137,81.42202425003052
5.12,-4.831823429868283,2.869577952891289,1.0831020675112972,181.95921351323486,82.76444053649902
4.550427128007951,4.057961055210446,2.670064320637837,1.1498668445123288,436.49939530283035,84.16432595252991
5.12,3.5321674131766914,2.9385589979479656,0.929510120017774,290.2655448811209,85.55621337890625
-5.099445424409201,5.12,3.1812985304676795,1.463068890410037,365.95862433878256,86.8587555885315
0.037833757681721814,0.9618462044722467,-0.9945503370551014,-3.0530480938543705,22.47090697589823,88.24323606491089
-0.047889843382152186,0.9648075780670888,-0.9942192825640941,-2.9576648761793316,21.180107577943133,89.6423819065094
-5.12,-5.12,3.061330034555465,1.227231705705777,210.58914888919986,91.15594863891602
-2.1355143011271323,-5.12,3.013441415880064,1.0139983880555494,102.84150315050402,92.58711290359497
-5.12,5.12,2.7983670439610124,2.160445860920629,235.8632313532864,94.05196332931519
-5.12,4.787484928300729,2.7078795233396704,1.8191631270667132,347.59984335939066,95.398104429245
-5.12,5.12,3.2963288485919398,2.098427548907776,269.1256998458513,96.7566704750061
2.1893657156992106,3.7447832526086744,2.6858077088928747,1.0174485333685528,333.00885409083344,98.16130256652832
2.4044830626192137,4.378432964540024,3.071967664840554,1.3261113366259307,546.9628637955391,99.46559953689575
0.04403351589112514,0.9961886586205724,-1.009088906247361,-2.9654259496822197,17.15130672480778,100.77199649810791
1.7330291553879045,4.066648418957693,2.8039306054634405,1.282949491177046,335.64706670770033,102.1107976436615
-0.055261991546707634,1.0283349317649568,-0.9609248039166376,-3.037800991179478,24.566710537144743,103.47734022140503
-5.12,5.12,2.8298118282734945,-4.672112503153763,335.40783250116283,104.72973299026489
-3.807684894795143,5.12,-0.8934397970886412,1.5363911257499003,354.504999642074,106.01132225990295
-2.053166665498573,-4.831138108287604,2.6591596573568914,0.6808321127593047,387.94926950919466,107.30781650543213
-0.0032801088515164167,0.9889975778580018,-0.9331159841455801,-2.999236010933256,19.806577757630578,108.66276502609253
-5.12,-5.12,3.192849548174233,0.8087704248014358,246.24847121395499,110.13352417945862
-5.12,-3.979754896787693,3.0236403897003212,0.685970031448143,219.83271982596267,111.50057554244995
-1.9083243226289826,-5.12,3.0565544587277325,0.9878296026264843,89.95307943075797,112.9442834854126
-0.02002390104956575,1.0023053667761133,-1.0283361356676544,-3.0155724586080526,14.016121251166453,114.3471131324768
1.8121279445968206,5.12,-1.381267876541358,-2.568680790168068,491.3274921385872,115.74609851837158
2.6628442555072604,5.12,-0.8627736818376261,-3.2017841299885985,328.5602716949767,117.18715620040894
-5.12,-1.964408338373175,2.5438817685624215,-5.12,315.6784196341646,118.62433171272278
-2.3074058530044685,2.712242742112335,-1.274959387444488,0.6346437480440965,555.4196667411272,120.1043598651886
-2.0720184632923355,3.4640706791443057,-0.8076657496512141,-0.0030440444712738213,289.04596759999856,121.56916522979736
5.12,3.8436164183860333,2.4471252383386437,0.7204491588868054,432.1040184444516,123.07708024978638
-4.675736525716138,4.935803138481083,2.996570193468826,5.069035805444561,243.19497877879382,124.64413404464722
5.12,-4.41675211038984,3.2316501316982373,0.9432489669296986,365.57414478702,126.27601623535156
5.109879225997168,3.8361827912010567,3.0822250555067585,1.3623913086164317,301.4855512723897,127.79879832267761
-2.955090804428384,-1.8326801424894916,-0.9504760492277482,-3.110389975277353,104.88722314173393,129.51125311851501
-3.040761241238869,-1.7292430685196072,-0.6483565125261386,-3.146870333114144,338.079296059436,131.01879787445068
-2.894496866506491,-1.933964152093783,-1.2301544181522037,-3.0687546447091067,149.4623206148915,132.60794401168823
-2.9717435628450506,-1.6305892806958844,-1.1681598977051273,-3.113008563780563,267.2837639906097,134.17226147651672
-2.8553392610356365,-2.090760480738566,-0.9322513663998295,-3.101598289697163,105.99516429386624,135.84407114982605
-2.8836079086606365,-1.9599071001444823,-0.9691828963729874,-2.8319219600705767,102.48064483573027,137.53821921348572
-2.611222360913453,-1.9060827661711093,-0.9707912259031088,-3.0417027645746555,219.20960560357298,139.24857187271118
-3.1165413448915964,-2.0516030905316986,-1.0253062334638008,-3.021613674452697,57.12873578488461,140.85213136672974
-3.032025990506177,-2.2573883447418717,-1.0945938916026687,-2.832897196578425,197.5570447283642,142.53161120414734
-3.134954981654583,-2.0491666138145828,-1.0452961077493352,-3.313429222067194,207.50972059582512,144.445392370224
-3.0794088300759466,-2.0231952661154775,-0.8528944759238808,-2.9443913799958557,82.02617309727,146.45962071418762
-3.124640289755226,-1.8980344221385956,-1.0461847219230371,-2.9040929453216804,93.6488217185473,148.4506733417511
-2.817638269314208,-2.2663830379011625,-0.5999880881419353,-2.7714131089472454,457.6536895927824,150.25987577438354
-5.12,3.670965087815101,-0.9559432184306464,2.011605860742491,223.46975389025368,152.03668570518494
-5.12,3.7535257124163275,-1.188759241816577,2.59421544460771,418.78246138635154,153.96068954467773
-5.12,4.002621997227291,-0.9798336712253697,1.6129100107720786,249.5883606010168,155.65163397789001
-5.12,3.3024203804969554,-0.7627170589820427,1.5934490096704579,474.9587599062762,157.48856449127197
-4.68228042922774,-5.12,2.902815424687774,1.0901055912011772,259.80709482202315,159.34200525283813
-4.775577010238048,5.12,3.3456117924049567,-4.053408202476248,349.8491795459448,161.14225363731384
4.413598568300446,0.528080647543975,2.578342011951637,4.772638536972885,707.2063105564249,163.0360074043274
-2.958099503936336,-1.8593574239138393,-1.3022002929009657,-2.446316658995307,386.4811205491195,165.1568841934204
-4.562415040056231,5.12,-1.0373849508052766,-5.12,323.6813996835443,167.2211217880249
-4.86430318533493,-2.1382448985357345,-1.231709409999072,2.6446861265369126,356.3340495901178,169.11882400512695
-5.12,-2.6625820266666094,-0.6448032531682495,1.29717504288472,505.3083780946964,171.25510478019714
-5.022418180422553,-4.684604552063414,3.013162753263697,-5.12,250.84179603417996,173.33646512031555
-5.12,5.12,3.043504001047583,4.674547104296837,287.1144308049097,175.46411800384521
-5.12,4.116783358454437,-0.7648858914975918,2.049984165113062,196.33934950003612,177.60824155807495
-2.863205173025012,5.12,2.439117462775137,2.485600370015841,500.7249801945992,179.74998831748962
