-4.770899113880416,-5.003352671820311,3.2965102403439728,-3.145533495255475,4.915744618508364,4.248891342616292,114.45104149959525,0.517188549041748
0.2108370321792803,0.760739811988353,-5.12,0.2931038224934568,-5.12,0.6581781597087515,58.615113973422716,1.1122241020202637
-0.49770718236601486,-0.5189178832048604,0.4714989748441214,0.7273555667253433,-5.12,-5.12,61.35785661111311,1.8272302150726318
0.7693355694835535,-0.45574137769842427,5.12,-0.9586570866702813,1.279530340758348,3.904473393349039,49.31935035800296,2.307291269302368
-5.12,-1.5589108776734717,-2.389928562589878,4.115963522336217,1.8453242798943368,5.12,85.85184153561492,3.072396993637085
-0.8475383900462496,-2.1062409753589475,-4.22009783820705,1.8009302375995855,5.12,4.006301212184765,70.88190975592966,3.5976152420043945
-2.0637850553901207,5.12,2.2011790084065215,-0.08665040584542805,-3.989457351956511,1.2122870763931788,54.67205452143075,4.202203273773193
-2.1636127172470405,0.07118729251680822,4.79933573977264,-0.08648122233710165,0.8672844115051364,-2.9999151048663655,39.22789070902006,4.907268285751343
-2.313301937616143,-1.6812746934750988,-2.4730225404762223,1.2553016128275738,-3.359889204203882,2.9726116707205614,43.47143231901097,5.5425848960876465
2.0935928446312095,4.689162244932251,3.6817488924380557,1.2875263523865756,3.394704035782028,0.6872844800089721,60.9441091759168,6.377686977386475
1.7275640133324428,-5.12,4.578307017455912,2.0412996697919708,0.08083286613575158,-4.964805309495607,82.45947569078108,6.997633934020996
-0.9524653956852998,4.826087160702584,1.1559979359745185,-0.9350051536292305,5.12,0.11351573732981635,54.26049587487473,7.632819175720215
-2.0080997242842336,5.12,-4.772423934211859,0.5610608523053484,5.12,-5.12,109.3677468852335,8.277741193771362
-0.5860526194056943,-0.30519354370578533,0.44276501888141784,0.32317133208958904,-2.37715682606824,1.828652379528246,18.551225950083293,9.037983417510986
-0.2747148211815107,0.062449734541478286,-3.1050484159487652,-4.233852063563997,-0.1700273437688633,-5.12,57.01834380153639,9.552594184875488
1.3883512133167848,-1.2679206920704331,5.12,-5.064069614077785,-4.302428613950369,4.107840246713802,95.55118815957229,10.43784213066101
-5.12,-0.18123118400446714,-0.06184968006157643,-0.9551426721502949,1.9368107651174187,5.12,58.444106717318235,11.037752389907837
5.12,0.1959241432190142,1.973362928966707,-1.9446187187504096,-5.12,0.8383177753036613,62.601493648531125,11.62793779373169
-4.100240399349137,-0.5203693573716235,-2.2362324574275885,0.7960773208104719,-4.7181549913742,5.061866883489206,75.68588615930123,12.277966737747192
-5.12,-1.258552797141785,1.1276300846210674,5.12,5.12,-5.12,110.15561758259317,13.027905941009521
-0.4243216898581723,0.2616702884481068,0.29566228756725454,-0.35661573124146706,1.758119240789613,1.8658427366885437,14.185402659940548,13.847957372665405
0.1726837248890627,0.6061832090872201,-1.0111512489261631,0.5582182883855662,-0.2632417655889894,5.12,33.62410453636926,14.623035669326782
-1.5132392136889923,0.038114668497037485,-0.7063772641902517,-1.2608301380385463,3.0152689092870917,2.189111132182891,23.25909531939653,15.47819709777832
0.5965555750465974,0.2834188098188317,-0.8244220886274061,1.303758970499496,2.6021332149939624,-4.633843501606957,39.43770143030182,16.357965230941772
-0.6892464974444081,-0.17114270407446952,-1.1313241215293153,-0.3536690769213431,-0.016727289226848185,-0.1444252560421786,6.145118766186518,17.158257722854614
0.4622392479989177,0.04275466476202805,-1.445128771133405,0.5953091705287985,5.12,0.4692139918613849,37.12022011463767,17.818476676940918
-0.737024178899329,-0.9713952998703901,0.6238944056716926,5.12,0.6246334253089572,5.12,59.75536957603531,18.55822253227234
-0.5825400675574324,-0.5190441318747778,-0.04195744081420649,-0.760252765237917,0.41280935761625503,-5.12,34.52953099809831,19.38816475868225
-0.6622687790933961,0.35171550681501884,-0.1903837194412752,-0.3425463437580021,0.3450046185139657,5.12,34.186046928754294,20.078324794769287
-0.4172254139910976,-0.5811441958213246,-1.1130303456153872,-0.019090771860037492,0.21752893744870594,5.12,33.07069151839726,21.22358465194702
-0.5317166517100667,0.3908719975798025,0.30261143117488576,-0.23606652082607749,0.6058910094327699,-5.12,35.213399244829446,22.158445119857788
-0.01994380204343127,-0.8762363409608778,-0.6101060345120386,0.7029577652039656,0.24015914956869455,-0.010874602254277832,5.989543675501259,22.908443689346313
-0.2315111786964721,-0.8345523527087666,-1.4269935647700986,0.34377864625012045,0.07192798475745654,5.12,34.325388500873245,23.928526401519775
-0.2915077066232188,-0.5635456502998348,0.16072577025576162,0.32213101430746427,0.3061191301774979,-5.12,33.541731955693045,25.078734874725342
-0.26496694128482545,-0.43304627187908995,-1.4453171814589663,-0.0375453754181132,0.36072218856161076,5.12,35.58051608987496,26.025341987609863
-0.3572516555436094,0.025517103817013442,0.6699745182647474,0.22944074167359219,0.4557901043623511,5.12,33.27455618672084,27.027387380599976
-0.17828773525638741,-0.03640965213667435,-0.18568407206933468,-0.7114333492073124,1.4221458463606131,-5.12,33.40170240584264,27.9509060382843
-0.4668864086472384,-0.680695272642101,-1.0451149025381499,0.561613670391524,-0.15955885437778328,-5.12,34.42788994620485,28.954141855239868
-0.49217301068239827,0.09571037995954068,0.547961320516797,0.30147951495375125,0.19369815617834973,5.12,33.2660827329822,29.903820753097534
5.12,5.12,5.12,-5.12,5.12,5.12,158.91258823547156,30.675069332122803
-0.7330615043338105,0.601678851021469,1.002768646186622,-1.1216910434939193,5.12,5.12,59.321490939439514,31.608753442764282
-0.7308502133621948,1.0019190977093588,0.5476467027664889,-0.25816448381353396,-0.24297714422719974,-5.12,33.53180968906395,32.57973122596741
-0.6174039744445583,-0.2823218617730854,-2.203292543841308,-0.18293890458019124,0.13929171278276264,5.12,36.45629647894119,33.74271249771118
-0.11923341907739093,0.25553045642350725,1.291281238547124,0.5965920309865771,-0.258423568196795,5.12,34.08833836406731,34.64396595954895
0.1481357391180822,0.5632418047046421,-0.2396259615514058,0.19902445906552746,0.09567215558260145,-0.27725547087100644,5.812844814052175,35.762863636016846
0.31237475077280585,1.0143832620541762,0.27337856896902046,0.12952578710328133,-0.30551504140878905,-5.12,31.984301107983278,37.15062403678894
5.12,5.12,5.12,5.12,-5.12,-5.12,158.91258823547156,38.384108543395996
-0.36146575337810116,1.0790819920969588,-0.04317080739156243,-0.6287810896311745,-0.09861401952994964,5.12,31.86545133537407,39.45556640625
0.008565831772000543,-0.6518404152839397,0.1818600702654063,0.8923305338670504,0.03755178303480733,-5.12,30.15374289834985,40.67520332336426
0.612754066772287,-0.3098829382970232,-0.05715453247428215,-0.28323446446578693,-0.05123762675121757,-5.12,31.49231901315683,41.793553590774536
-0.6177709625135392,0.4488255841350073,0.2866684479529633,0.7993293259367924,0.703796247706765,-4.877238558760803,32.76683045823842,42.91137218475342
-0.721984755680027,0.1473694030705408,0.3915054128056079,-0.7920247742526927,-0.6118169874141435,5.12,34.03605422978483,43.99831700325012
0.8650508564363273,-5.12,-5.12,5.12,-5.12,5.12,133.51391832475522,45.456029415130615
0.42537744998509464,2.238893751207012,-0.9142967202346428,-1.4168242383653307,-0.9604467646661412,0.6264206254873974,15.913661431816493,46.92204141616821
0.573345801553006,-0.10786127609566964,-1.3065981750767839,0.31566558849143256,-0.13030190202682856,0.3100280639237267,8.811243345881014,48.24670648574829
1.018390668697724,1.7442045932158887,-1.3598521340201097,-0.6760472249827849,-0.648122021403104,5.12,39.0162907809064,49.395838499069214
0.6422745368539378,0.14162481346585576,-1.4604745698757795,0.6518760437749416,-0.4228779924217072,5.12,37.08398574813148,50.915539264678955
-0.6495128610337497,1.0540130856420706,-1.0307037538134836,-0.9235749971595304,-0.49705839281094555,-5.12,33.95941959759233,52.054930448532104
0.903683794647363,-0.37758760804312796,-0.5552249001290779,-0.379075066577486,0.3327475122208998,5.12,35.0656351730632,53.369709491729736
0.056665771516716035,-0.7315751960635808,-0.6126284975238363,1.2194516102943167,-0.17530290950329253,-5.12,33.211998455165165,54.809675216674805
-0.6994847550534669,1.050373479064267,-1.0623876201985496,-0.3462341050542799,0.3242988908517077,-5.12,33.88786679608405,56.23993730545044
0.5110362741784993,0.43675471668761556,0.06422082311296684,-0.5300783893361496,-1.2446770291434843,-5.12,35.72041450728868,57.75989294052124
-0.9107519651474449,0.3659329767623083,-0.44760486721651915,0.5635423396966655,0.11202239867493535,-0.12751712147483207,7.738428416670003,59.4801185131073
0.2679491968540022,-0.5242951031035368,0.35043775400509425,-0.3363212949797507,0.18793992740366416,-0.3590232068942667,9.206463243269443,61.27006411552429
-0.4247532028385139,0.28168159502638446,-0.8610938268033355,-0.1915920732688896,0.5549599695501275,0.0996906800306041,7.573217679794593,62.755011320114136
1.0029868961155195,-5.12,0.3889578982072477,1.616514388554755,-0.6005976056949605,0.21881425501414942,36.786812052446166,64.2503764629364
0.06175375456473464,-0.39182058111045404,-0.3002305938151526,1.1763075985178286,-0.13915606262842672,-0.08388860791551522,5.867630411907766,65.62019610404968
-0.3993226318932743,-0.5507911972438686,-0.6535849484008391,0.5637244084614732,-0.2572796137410558,0.23235408141463498,10.509386321726373,67.18044877052307
0.531705247999378,0.18902239885989314,0.14328373275157258,0.9838613661347946,0.38005453948466883,-0.2418291076073471,7.177901957028897,68.6103298664093
0.028304898428189063,0.4902687489012161,-0.5495258224435959,0.3388774313157281,0.43363171941701495,-0.5318608644811444,10.518964555670276,70.25583219528198
0.4283343175262022,-0.5612700569049975,0.3393399951636278,0.9743258826510806,0.15340134641387593,0.3459887045341876,9.075479651678172,71.96066498756409
