2.884929145257428,-2.0350011676766457,0.6613697213338741,3.9667734876269423,3.902235039807336,-0.19482890836803257,46.569725759708945,0.18150663375854492
1.3423851034797893,-2.4942591390352145,-2.633210697665675,1.9260147797544764,-4.799929730408046,4.371514592995751,68.52256811824903,0.48197102546691895
-1.6946135264951603,0.02778003736047374,-1.1732773632560018,2.714689742353608,-1.7621956180655447,-1.1597719644345692,20.568076943070785,1.0518758296966553
-1.6750196844039271,1.7122592019964555,-1.1478299973965669,2.811766184218361,-1.844103681298956,1.4325351292831359,26.479634152992666,1.8099403381347656
-1.6846315110934178,-0.3072065350417459,-1.170836503824563,2.7277251041911974,-1.9154881502015035,-2.816102950088259,28.490815217059875,2.3859193325042725
-1.6928595791167282,0.7036296091906733,-1.1687763091707284,2.7076336645419063,-1.7667774056096786,-1.0546304194230478,21.658244340612224,3.1414053440093994
-1.703641975567018,-1.9676718702863871,-1.1978899370217926,1.0138619225098866,-1.730805610260485,-1.6247986036293436,19.690879784373106,3.927569627761841
-1.696613124957496,-2.1012678717613413,-1.1936261546068114,-1.0254220664094449,-1.8403720194355322,-1.4155552149571373,19.676294377469628,4.591824769973755
-1.6902107926614156,-1.6879462679889663,-1.1862644949325234,3.5087493545000585,-1.8480205473270108,-1.2401730508858089,31.093976019141845,5.293857097625732
-1.5180436083584512,-0.4022347792303087,-1.0437978066105718,1.8901967532017263,-1.760178250365783,-0.9941018985191876,16.228947656905618,5.948470830917358
-1.4956242147264476,-0.6738228431652722,-1.0954448637823218,1.8595174431846848,-1.6819763319230527,-1.0297474991995408,16.6696846349873,6.750821590423584
-1.5426538063207818,-1.0770651694969118,-0.990234890784361,1.9032449018892574,-1.845234356837305,-0.9717044080189083,15.204628409737282,7.467761039733887
-1.6702333157382516,-0.8891920908846824,-0.7104192685346069,1.977351719592301,-2.351304133980512,-0.8571086787176654,19.19874281990964,8.323553323745728
-1.5663088440314055,-1.4419490418544019,-0.9690032019122405,1.9245643432024337,-1.8839234063692043,-0.9065768168022492,17.946092736485465,8.918514013290405
-1.1965005301938687,-0.5687024365953235,-0.7978401753759741,1.1297154898729511,-1.3630019817955237,-0.666697179723716,12.718262963418516,9.677680492401123
-1.1847600384798387,-0.7826314129286542,-0.7468325226747821,1.140779651408491,-1.370230403784427,2.400824934181859,17.798583220439696,10.596009254455566
-1.0354363440674375,-0.5479236945435844,-0.6309407189350589,0.9267323148108266,-1.0456048327018568,-0.1074455858244674,7.758254337886132,11.244506120681763
-0.6464041595379344,-0.37350483177861893,-0.23874151861230164,0.46407769024517886,-0.3925438217716213,0.23156929375878654,9.912783429662682,12.034777402877808
-1.1695449788950083,-1.1050108972088966,-0.5701475843496588,0.41602258079250287,-0.493681150916518,-0.03516093301009349,9.84955785140208,12.752017259597778
-0.8512728222361066,-0.06428311056200897,-0.8128198410049414,-0.057824503481944234,-0.4266454673217783,0.17357153579003715,5.205623010510439,13.67677617073059
-0.8590383273062399,0.317130292492557,-1.1138520488914478,-0.7649404319421871,-0.044130691373470476,0.255937590465253,6.735307753327467,14.378402948379517
-1.546498268309496,-5.12,-0.6826287037801197,1.3834339189083007,0.6009161547171971,-1.1510653816295662,40.278244433606595,15.182305574417114
-1.2573595556514698,0.4438898860997833,-0.7644972494085343,-0.5599269935281486,-0.3066166038636364,0.17404837708455112,10.512941888899297,16.04415488243103
-0.41313139169102175,0.23497749877125074,-0.3346574115293084,-1.3596360607932532,-0.04544693396146293,5.12,34.61779318295267,16.977986335754395
-0.7068230409040801,0.0471131849829165,-1.4122647933810977,-0.011259255626964837,5.12,0.6275438096573565,34.237231676250566,17.78040075302124
-0.09559093976106059,-0.19663472230283752,-1.2167574676935278,-0.3267182595926439,-0.23768540368492808,0.14806841121694259,6.140792539080903,18.5976619720459
-0.10302635191203802,-0.2053943832050411,-1.2501662002960168,-0.3253898535143467,-0.2451665812344972,0.16359787269177417,6.644407817505519,19.51438593864441
-0.10893571349340103,-0.40261164446880127,-1.1059459923607085,-1.1613694504419572,0.25486117194385915,0.1584046325504742,7.050934830212327,20.224271059036255
-0.7348064182835143,-0.5093002938096616,-0.8372944125065676,0.02082012448017423,-0.4443056812872763,0.1760264887446814,7.801135018112689,20.882988214492798
0.2316763758239695,0.5366194500290282,-2.5440776947221635,-5.12,2.419978787781604,0.12555235288971645,46.16371613363955,21.685347080230713
-0.01752017746346901,0.15243263842713084,-1.0065847801484225,0.09339607611947187,-0.05919279039831693,0.36296776468653125,3.4996305465804047,22.487906455993652
0.4992786437430379,0.47469969012528157,-0.6147745625822205,0.16719710915408115,0.09049062790951634,0.45618301699995456,9.457799182881757,23.30716061592102
5.12,5.12,5.12,5.12,5.12,5.12,158.91258823547156,23.857762575149536
5.12,-5.12,5.12,-5.12,-5.12,-5.12,158.91258823547156,24.679518699645996
-5.12,0.12472116098557162,-1.3176480931071253,0.28842582963986185,0.5900185027270046,-0.022966137152534927,33.46679637004282,25.291329622268677
-0.287682166330927,-0.023355856633387795,-1.6215139827155998,0.42997648490688345,0.3561548954237086,0.2141306694758578,10.337840690198743,26.168394327163696
0.21788159332662094,0.15832333780144037,-0.8524028180856069,-0.4593844087153558,-1.3944706426832862,0.6009475708097911,10.532016437808435,26.940880060195923
0.21984064090411337,0.2939106199787247,-0.5403559762743244,-0.5066874680109512,0.1664249580917989,-1.0482632391877234,8.405485333058742,27.645575523376465
5.12,5.12,0.6052113762276283,-5.12,5.12,-5.12,134.5827779768801,28.501322746276855
-0.007640864125678881,-0.5355517194505559,0.1565364230010413,-0.9591250177573425,0.369898763143075,0.36947495243586914,7.325889738407599,29.249972581863403
-5.12,5.12,-5.12,-5.12,5.12,5.12,158.91258823547156,29.81949496269226
-5.12,5.12,5.12,5.12,-5.12,-5.12,158.91258823547156,30.590430736541748
-0.25237348631608736,0.835016996499446,0.23325139822630714,-0.4954525708637938,0.4593709559727541,0.6147025078488628,9.768975196104824,31.436115503311157
0.6526900759463663,-0.15005964027597685,-0.22671734299696933,1.2293850496766208,-0.7991042054485238,-0.8515613298714699,8.187294252169176,32.40954089164734
-0.5110989207861607,-1.1824199171697227,-0.4702255394228674,-1.625327547284943,0.4523477382337937,1.3107264675970898,16.046437301089583,33.352367639541626
-0.15148290596088643,0.02668749959443595,0.12763828220546802,-0.2784325725637977,-0.714175532420759,-0.5732151131726368,5.99154905117695,33.92869448661804
-0.10538450816409828,-0.41425824130665223,-0.152197980419694,0.22076094401889712,0.5028436492447277,-0.7788509523969722,7.244080420855113,34.607828855514526
0.3688311641589044,-0.8980012531914179,-0.6062596707008616,-0.298356078922148,-0.5186444432708921,-0.647028055499792,10.64464219391289,35.212167739868164
-0.15086564459924645,0.9912519408609262,-0.3871540165082594,0.2508193915996504,-0.7215027582357925,-0.5159755166665327,8.360275713559027,35.973334312438965
-0.6496739835115921,5.12,-3.3567809991496493,-1.272250113221892,-0.1214472356372065,-0.787377701430434,45.82390630787056,36.658611536026
-5.12,-5.12,-5.12,-5.12,-5.12,-5.12,158.91258823547156,37.672425270080566
5.12,-5.12,-5.12,5.12,5.12,-5.12,158.91258823547156,38.777936935424805
-1.0871598309975044,-0.143836213468866,-0.6645235646850631,-0.649059729141328,0.6438008765203893,-1.2537678183547585,10.3261502457967,39.930822134017944
5.12,5.12,-5.12,-5.12,-5.12,5.12,158.91258823547156,40.583861112594604
2.8260361911628866,-5.12,5.12,-5.12,5.12,5.12,140.95385560943473,41.310041189193726
0.475352438307036,0.427942288555605,1.4197494725168704,0.6465045619017431,-0.37310660009725094,-0.765547985186819,13.537369113407129,42.15604877471924
1.6497756925704872,1.4123573025946294,-0.35440952804563874,2.8656979359617614,-2.8375712151474746,-0.6614584402485537,28.93534129999434,42.81871795654297
-0.44685144720450864,4.861116826000047,0.18026097501517135,-1.4255525940412217,0.27424672358420477,-1.706174236519146,36.07495046625699,43.513983726501465
-0.70236669685558,0.2317693554314042,0.3265101739572742,-1.6770335151541174,-0.8153617950046916,-0.40577623278942276,11.811672935869764,44.37883901596069
-5.12,-5.12,5.12,5.12,-5.12,5.12,158.91258823547156,45.208714962005615
0.26166643182832416,0.473607187524391,-0.9911481006975276,1.2839420802296173,0.9253502535392224,-1.4352085381923096,12.138738295345764,46.04483342170715
0.6131039780777998,-0.07416784452308711,0.14965721520531616,1.1873095345020648,0.36360377892357754,1.4725088403312752,10.645066142163117,46.926109313964844
1.5471819616847942,0.3265276272182005,-0.6828191337731369,-0.42448409765065076,0.9554759436683655,0.2055529047143354,11.583346829850793,47.731393337249756
-0.07230757273328514,1.2739248491570638,-0.7041404311174384,0.05600877461426279,-0.24158391358845677,1.849344698334498,9.564856253447063,48.5780816078186
-5.12,-5.12,-5.12,5.12,5.12,5.12,158.91258823547156,49.57214069366455
0.3164454505736334,-1.4993384548903799,0.6782331412668547,1.2429653776932774,0.5369781819621418,-1.7471552928236802,16.482086968782742,50.49685597419739
-0.01344270273554038,0.016428852710651753,-2.1728405166859943,-1.1468774788941358,-0.026169520113262124,-0.873117277399996,8.05413463736462,51.50357174873352
-0.4280590907531314,0.5262792608291527,-2.1739035589592097,0.048128665762951606,-0.8376779272085368,-0.8004214036731723,12.166995200825282,52.312315940856934
0.12203516521884605,-0.7089536023681866,-1.1140802474850453,-1.9398629885459777,0.8305496883156653,-1.0272211530493527,9.648078079538765,53.1078462600708
0.2202122129040882,0.7750562779386208,-1.049134531724981,-1.6730060650381922,0.2744208899002425,-0.1784938677553427,9.544061315891108,53.98974251747131
-0.7825443917984529,0.7883754853527094,-0.016952180140282103,1.2799250919753016,0.558260405331529,0.560920603122689,10.110805109060166,54.90485644340515
