4.239867021453626,-2.2844383847698833,2.1065509695007076,-0.6971898967358658,65.04565344397284,0.26628661155700684
-2.0800421180669573,5.12,1.5070924630824036,-0.0022766108278684527,56.751925491881934,0.5636587142944336
4.950751204494183,1.0267023846376393,-1.745112728890006,-1.2222503715795603,49.291027286109745,0.8625974655151367
-4.925428795531454,-1.028766926267724,1.4196901469426333,0.7368469273797045,58.69647685975996,1.2104811668395996
2.9449216992726237,1.6282251089375048,0.4023410765502744,0.04825798271724846,47.639019431266,1.5296697616577148
4.8816548727467,4.307134384121793,0.19734827816679879,-1.5329150526508473,87.46223105916854,1.881094217300415
-1.0753742301422236,0.010436772826998286,-1.7825795720451931,-0.6628254105143618,29.070366959431226,2.4162871837615967
-4.9936750950814774,-2.0623020847225,-4.141638831916752,-0.8765828905331459,54.44019325959166,2.7381913661956787
4.640427852645117,4.526447098195004,3.715440154621878,0.8879954921026636,107.3612731716006,3.0462536811828613
-5.12,1.6255178918612083,0.5006674129634323,-0.2422856456321849,78.43980808942638,3.4119904041290283
0.8889794773442103,-0.12403815892560299,-3.1055198546914737,-0.9936804843547664,18.785944427272067,3.745631694793701
0.9088314940483713,-1.872091205424888,-5.12,-1.3953346175533121,57.77241969468611,4.130832195281982
0.921506393683023,0.13511558268742618,-3.913370198949352,-2.3960001916210927,45.891841749730474,4.550496339797974
1.9920003363805998,1.2211414975458572,-2.5459580264890485,-0.6968544363853395,53.49956783330065,4.955151557922363
3.3150303232280978,0.03640475407952515,2.031569985524775,-0.3351895816110968,44.760826583782,5.341855525970459
-1.3623634477743414,-0.44859449341223634,-4.746102405956257,-1.2654158070604926,83.36685398324526,5.680998802185059
3.1339798983113356,-0.0636117087931094,-2.959177712459115,0.4753860252302067,43.14349585063988,6.031617164611816
0.5047763323965562,-0.053742897345138374,4.740678149178993,0.1773599129784733,59.50148093013236,6.418739318847656
2.95376566804475,-0.07928909089740976,-1.9116361822487788,-1.6566144377343988,33.80296459360438,6.905927419662476
0.40018209034765384,-0.04494598520726889,-5.12,-0.9530379489990528,48.92035309741005,7.194006443023682
0.6744293207940757,-0.3007593195282876,-0.896041415947245,-0.8137717494595904,37.875738230683226,7.5081987380981445
0.37186651269407633,-0.09747179404917539,-1.9881830596256465,-2.4509388107062713,48.411910338331644,7.770867347717285
0.6247315332713477,-0.3152004610400807,-0.811616907228573,-0.6246642414019634,55.91504528734124,8.088905572891235
5.12,-4.4554301387175075,-4.332043745327344,-4.853708646868099,129.57601120224942,8.437293291091919
-5.12,5.12,-5.12,-5.12,115.69885490314357,8.801391839981079
-5.12,-5.12,5.12,-1.8533214349503595,94.16354587061161,9.172875881195068
-5.12,5.12,-5.12,5.12,115.69885490314357,9.723623514175415
-5.12,-5.12,-1.998507111550881,-1.3905084770877347,81.50286972570811,10.163161039352417
0.8212799629471457,0.5170043497401604,-1.351224815845924,-1.312175189990357,59.84987161559005,10.53831958770752
0.8257595908323019,-1.6341482300676398,-3.1288824455869397,2.099102754191315,44.59958115712404,10.920554399490356
1.4077450335228399,1.0604299360194442,-3.0565994457422803,-3.472990198769746,64.0714993502393,11.333148956298828
0.7770122662546513,1.2867669511988682,-3.094825084465925,-2.5646878298170552,59.9239721116083,11.710854053497314
0.9485756919781467,-1.007830616622841,-2.7265059053910505,3.1589761129203113,35.91640161388669,12.269986391067505
-1.1201384679416644,2.319612128388413,-1.0712955577340209,-3.729608047904155,50.90941186804462,12.7074134349823
0.9396586958801629,-4.822905871545459,-3.2651549441322967,-1.579607884351879,73.31333391958603,13.102885484695435
-1.0435519463820642,0.4420635332326075,-0.6738904947180036,0.8984388117810669,38.83231409339114,13.540378093719482
3.0426025074035605,0.6940472245885676,-1.5210873507431306,0.06226568850435488,46.52441980076807,13.919029951095581
-1.003423738418304,0.5772171050416519,-2.1923186119971083,-3.7264950179579817,56.80742963853613,14.372303009033203
0.9193687913165691,0.469861023770636,-2.633516038194122,2.0418976084688474,50.275379957031134,14.823705673217773
0.8320062744312677,-0.48697757857240376,-0.184746036141612,4.17937813749506,55.190409187734836,15.237378120422363
0.832038365874336,-0.4843939988777084,-3.5896082410263697,3.29064339028814,80.64561671911099,15.623437404632568
0.06373694795709728,-0.559064098757232,-0.6646809358934505,-0.09596332625780324,37.74912819616655,15.982643604278564
0.07493484680521334,-0.555529808574196,-0.691335503914555,-0.10433135205340349,36.96448205436157,16.35207724571228
0.08664287019141526,-0.5571219053169569,-0.7154365648789209,-0.10650978920778709,35.96108107035906,16.759409427642822
0.9726402667253193,0.2872214044032262,-3.1031384667972732,0.20489942806650863,32.396127178892996,17.344192504882812
-1.0508039399318463,-1.2426466629881747,-1.4727418337006566,2.271247589092104,51.2039574073124,17.74703335762024
0.9054447448699721,-0.9042578346305614,-2.9692210936433585,2.299680402550991,32.46881206632824,18.216514825820923
-1.1559929419681594,1.0913551149906153,-1.7199688481280924,-2.3995300640916315,47.225452388909105,18.650410175323486
-0.9969227556134834,1.0109409623760328,-1.6935419851396851,-2.4831872735771072,44.493333902718376,19.130204439163208
-1.1439308080190749,1.56581187405944,-0.4450002130889388,-0.4996978753747108,66.5920157838643,19.61033535003662
0.10675500975021102,-2.9297221805805655,-0.8653731100293287,-0.03977897864948954,16.150850435168337,20.042916774749756
0.15078384519630372,-4.043878217031242,-0.7349634095141777,0.8949183635752957,35.3014041514668,20.6244535446167
0.039264865178037844,-3.3803921710792197,-0.9573482426872921,3.9773289732138197,46.23180064861626,21.211060285568237
0.16147701549849458,-2.170599897462755,-0.9313185388912464,-4.054067661805364,33.46452025414655,21.778074741363525
0.9064256662395005,1.582939629294649,-3.09029047217242,-3.9713927651604672,50.72855423475189,22.33830690383911
0.1017048885810592,-2.477050697570769,-0.669392392902755,2.8601457475300913,55.11378379651214,22.913920640945435
0.21192179525713684,-3.4074682481206597,-0.8570586363188832,-3.7672689814654223,65.25615570109954,23.340096473693848
5.12,-5.12,5.12,5.12,115.69885490314357,23.77803897857666
0.7511760641143432,-1.5010760573000463,-0.875352680099442,-0.16727360641654698,41.48393809179633,24.36109757423401
0.6914022218607583,-1.4526349054694623,-0.8926364591536657,-0.19587440631754838,45.437659601352266,24.994600534439087
-5.12,5.12,5.12,-5.12,115.69885490314357,25.580711603164673
0.38358668343342206,-1.270141425091004,-0.6117867267637997,-0.26510352822389915,59.48984697056964,26.08917546272278
0.32697854869576215,-1.1467642663838507,-0.6922191555037696,-0.31138719021696293,47.92071829670691,26.63555097579956
3.169811339048324,-2.746539413398657,-0.9903215655349626,4.699615888649851,69.17940445345286,27.150785446166992
0.3306156628023329,-1.0963271154069982,-0.7290240795135263,-0.3214098801305747,44.22569293125517,27.615060567855835
0.3295736787635928,-1.073333648230907,-0.7628644210554665,-0.32159224771174344,41.32367026255895,28.07685351371765
0.33284339857787515,-1.062532281164363,-0.787963844727904,-0.31842011962217853,39.502318742574346,28.61820149421692
0.08802708774943468,-1.842379012898899,-1.017900724017248,-3.9740184611969847,26.434266867958343,29.13697099685669
0.11827394004330483,-3.377992018724724,-0.9876810643707392,0.40844986007124273,50.827041617578516,29.721757650375366
-0.1962250204010738,-2.8293489248176713,-0.973700176911648,0.2295395930332873,29.802186735572057,30.428794145584106
-5.12,-5.12,-0.9841028989509484,0.05564695290859856,59.47586503721321,31.089579105377197
0.6175617768577579,-0.4636666543284971,-1.2208720289894313,-1.3270461412135388,63.81630980983826,31.862934112548828
2.8681721135462466,-5.12,-0.8699350554029017,0.06605952941662085,45.15757616070104,32.473111629486084
0.9916867827024394,-0.2584128681300957,-2.899403836151963,-0.8958142006342724,24.80033666364197,33.163928747177124
-0.5146343770401431,-5.12,-1.1915828082118378,0.02737818148863269,57.12693237206888,33.830235719680786
0.6451926930941907,-0.18484949474796952,-2.960595046057013,1.4153730132080273,52.28245548044284,34.50588393211365
-3.043086289148272,0.05734990682662744,-2.503441287551611,-1.0202738410579792,37.65696885524945,35.19215178489685
-3.195705120381662,0.9459918587051535,-1.454295367695427,-0.36097093305011096,56.5889279175642,35.89028191566467
5.12,-2.7599784834563907,-3.0482748092698784,-0.976785817347511,56.72441240063013,36.536949634552
1.1216750704803324,-0.2598582678126107,-3.113990297049609,-0.8259188168128757,32.97235736292502,37.314176082611084
5.12,-2.165831547258611,-1.0242847700381716,0.04762234816932587,40.182113442952485,38.13192582130432
-0.014195530630592756,2.6558163291155745,-3.101234026854143,-0.975164253470659,35.317403082891744,38.78264570236206
0.059731475752389684,-2.7143960277072554,-0.9994325406913305,-3.031775062113683,30.67522816089945,39.61476397514343
-3.204723179935118,-0.8080159104806475,-3.1541373102899297,-0.9513017260375971,40.20393176345415,40.33292555809021
-0.02941656873863696,-2.9718285273721445,-0.6714233152630689,-2.8708299108049666,35.70726397932196,41.23414349555969
-0.007754833594509236,-1.0217237732864524,-0.9865386589261611,-3.138273621074637,15.549182547250266,41.995389223098755
0.03115870748646543,-1.3182250411576923,-1.1551724671805124,3.4941383925960148,54.01111555778711,42.74353241920471
0.29681697488036285,-1.4934663014939695,-1.3794567284316215,-1.1843204362387652,61.77063798190692,43.511322259902954
0.28782406836859753,-1.4024713336955812,-1.171921713881563,-1.2000153777145353,47.597285686764806,44.25588631629944
0.29294603025813526,-1.3724403357063029,-1.1840317576773707,-1.154905869724825,44.67437323543643,44.992021322250366
-2.86115966632812,-1.2657739724686383,-0.6431094291466106,-3.1718136714805456,56.32681484865063,45.7581901550293
0.5709049873438481,-1.3308434365838377,-1.2760604449176238,-0.8856094423607734,52.50127325462466,46.553099393844604
0.3177565166739331,-1.7732667794527464,-1.270857086437403,-3.2315235607266835,58.12483945073994,47.31467628479004
0.057951707425242915,-0.8120940657211069,-1.1354561066086881,-2.6186245138388156,36.41866183897176,48.192583322525024
-0.13101374597736726,-0.9109906824033649,-0.7987259341812596,1.2749766938492417,26.3841885367995,49.107257604599
1.034003005251508,0.0067737510265626355,-2.962282964533543,2.936543108760124,19.767901361006153,50.101765394210815
0.9523738607981374,-0.15402600012080914,-0.9852859483259548,-0.8065749005893217,13.887540602192317,51.10745549201965
1.0462661550068546,-0.3692249623451378,-0.9304163696088787,-4.464980269463245,59.961695302252664,52.2402880191803
0.7754810065771629,-0.03532620503603745,-1.076091111121741,4.851036602221712,39.13513081155329,53.14607214927673
0.7873908779928867,-0.7483847534415125,-1.2699812581387153,-0.058146109817102776,32.48214902350963,53.98354434967041
0.8608089926305524,-0.24900828565435074,-1.2338049249518628,-2.2524398984882636,40.06060943543192,54.86971712112427
0.8059782814276755,-0.7520474262127967,-1.287321530386472,-0.03143857016447704,31.817587186356416,55.9051411151886
1.0673501972571016,-0.027267600958871263,-0.8195538847021089,-0.06975505938834026,9.557792692690745,56.862507343292236
0.9247711453263365,-0.07728819815595855,-0.7162072508346844,-0.9593270500308178,16.979146359188693,57.754998207092285
1.1660814660553616,0.12060267895373489,-0.6343928411918629,-1.3392096675940777,43.23266731376533,58.760493993759155
1.0142884678586652,0.029418163936029806,-3.2946813899026646,-1.5554653063458432,46.684205393215315,59.593992948532104
-0.1471265438556717,-1.974023362822395,-0.8938758953815666,-4.658812838512889,48.09495130450088,60.42804670333862
0.3253555391399754,-2.875985420883429,-0.8184825857902371,1.9939910510385905,36.303941090660544,61.37011933326721
1.1135013624057262,-0.009072798501339463,-1.0392479513417552,-1.0061655748724334,6.095597436159192,62.23525428771973
1.0072254552932574,0.027760387061346314,-0.9601636567394323,3.8816081723994253,20.119239930602113,63.25409293174744
1.2845311054040112,-0.07281124586362875,-1.0044650543843074,-1.9627550956142517,19.974201863192157,64.29654836654663
1.1780909594478484,-0.0182940980193802,-1.3144496623801958,-3.0131218872278387,31.868575918838317,65.26493501663208
0.9565140813220978,-0.0463274077182767,-2.6760288891792516,1.4362234769723283,44.62257104283937,66.34442973136902
-0.23898704510630608,-1.0035547637802793,-1.0934432685569098,-1.5069574805454216,35.5069164704096,67.37138175964355
-1.0674517436334447,0.12258510044886783,-1.3735996051910595,1.0328408075200173,25.03590910373155,68.59604811668396
-0.8737119643649613,-0.08233866311086491,-1.4319183168322853,3.057888910600247,36.21943967680484,69.78973484039307
-1.3285451686433198,-0.022269351433868323,-1.4566747773349578,-4.499395950688706,78.59864967412219,70.94618129730225
-0.882903818213399,0.21553575867390684,-1.5843398303594545,2.882724096944634,43.30695550672615,72.11622333526611
0.08811821130023656,-0.9254384228600845,-0.8127078135451331,-5.12,39.18193513942812,73.2231993675232
1.108611052840022,-0.09876593345286988,-0.9666311087237798,-2.3566239307456334,28.259218432944138,74.39523196220398
1.4146612143157968,-0.38878419450648316,-0.913286049322128,0.28627133357913603,53.028456924311996,75.40701842308044
1.2702474013368708,-0.4112661016932666,-0.9533113262246173,0.19952825300841592,39.79453110667041,76.44615149497986
1.231745337090782,-0.41981310868181954,-0.9702824873484976,0.17716713895811864,36.03487190324388,77.6196186542511
1.235965799803271,0.12186548125902252,-1.1366399156070712,1.168190258859573,24.657132693844144,78.7320466041565
0.9338394763514568,0.11659624917280098,-0.9225297856885799,0.66449421537473,21.87472357974975,79.80972003936768
-0.08520827488475113,-1.2685191043221096,-0.7707356013031816,-2.663648313060319,45.729829260594094,80.82385158538818
1.3397587320456807,-0.3073749462414561,-0.9833119319239687,0.34528104010152205,47.53876527884189,81.89895963668823
1.2442886313018535,-0.32852507507566386,-1.0096899230839744,0.2861550221348015,39.40561129195978,83.11045336723328
1.0347498946013403,-0.7416849113527464,-1.0268430732167166,3.5972872245287517,44.706388401040186,84.19432234764099
1.2027148818047424,-0.34233348091172733,-1.0298950686200463,0.24481220311535967,35.08830957054582,85.34263348579407
1.3279924056858716,1.1302403825652902,-0.9137146090923771,-0.6449807887692343,39.728043163540804,86.39923810958862
1.2928048692862832,0.007972019971094646,1.3251390905650098,-0.5366091726630557,50.66939883518114,87.48021268844604
0.04964939396084578,-2.976338880764343,-2.412521016658157,0.6667061377817989,49.243713328639714,88.58386254310608
0.8375773895503063,-0.18508510752556173,-2.9647966462714153,-5.037653586989642,46.230249190146786,89.69376993179321
1.124504682419623,0.015142292201878682,-3.8116940522765135,0.24071215158364545,34.44063725396625,90.92450761795044
1.0778318300465468,0.1506495890765498,0.1569397442636662,3.382359315460289,39.847479528196274,92.06829833984375
1.037551527150856,-0.19082329185358926,3.652382986552891,-0.1089170224775664,39.1163866757673,93.24634528160095
1.1712203761140874,-0.3976233561409881,-0.8343510871784785,0.2090877914794227,37.92336668043178,94.4934949874878
1.2841951729506036,0.09758145799490503,1.898102905565728,-0.06985016289055945,22.148044643038553,95.68549251556396
1.4263754359172216,-0.05263171500192598,-3.72848783074578,-1.0406255611046884,48.184192346730704,96.91675281524658
0.02229365199118405,-0.819701786961553,1.8144833843085557,-3.1915938747013666,32.478526124193884,98.10932445526123
0.3419845826383474,-0.8537351617156439,1.6043050857887495,-0.011407447376968527,40.770703437754555,99.28732299804688
1.105551454657145,-0.47362898052751135,-0.38817557421572957,0.018663342933220584,41.28060761963356,100.55378985404968
1.0794762266834574,-0.4702991047950631,-0.41459819552596056,0.007391924809106776,41.211224694761725,101.83431935310364
1.0384404128422293,0.27386579259599664,4.267950097638917,0.914670704004541,44.5181430224926,103.04734396934509
1.0186190201009966,-0.4966627538985282,-0.23985283804164936,0.0011198289635272474,30.771056808752263,104.47666764259338
1.0281947050086373,-0.49802965811134037,-0.23500141944512265,0.006942901922230682,30.584749859487303,105.79855847358704
0.9885319182407875,-0.06305711070846609,-1.1093721412101818,1.0688466527364735,7.345811164783618,107.38609170913696
1.2337257159235655,0.08956989548951722,2.3687041205768296,0.11059281674060983,36.77915468846659,108.62913846969604
1.3753219873437779,0.3797239323486714,1.9290593816959127,1.0355456404491479,42.417905524537424,110.04186916351318
1.5330817132361396,-0.03622080439668096,2.0162937414642634,-2.638054660302149,49.93932700326013,111.512855052948
1.1290272535238266,0.1700803023253492,-3.290300134076803,4.907095965510375,58.66733474397267,112.96383047103882
0.9446711360564759,0.03476496316918798,1.9255011851157553,1.7155206307966058,21.605190351387748,114.42445611953735
1.254686855209596,-0.01603847620828258,1.9417443660219753,4.30659248161981,48.380578856505494,115.88925099372864
0.9043370367593324,0.15099334893052863,1.928804083592321,-1.7955366540604798,21.871999888257292,117.30529022216797
0.8731329114259943,-0.1452094215705655,1.9695706396744734,-1.6661772968401714,29.541326648124496,118.80132937431335
1.0017629293072545,-0.5171333681010166,0.1713885431677955,-2.8876401619834215,37.230842757626334,120.26623773574829
0.6158998724213074,0.11920976912888737,2.1970070459446243,0.8417501205107865,37.349692528802485,121.72941017150879
0.6896279178938185,0.0857010341799409,1.6203639327696964,0.31420223427193683,49.52473167310303,123.37040758132935
0.9398041466390188,-0.10808043121769195,-0.885608197952612,1.606445590614336,27.50443265851426,124.95454812049866
1.1643110887312575,-0.39244696207632135,-0.07623843320399626,0.2661164888087697,36.397290852704934,126.47531509399414
1.150863452172688,-0.39099268566776235,-0.0846044086189428,0.2578993855224052,35.33797964569887,128.17325019836426
-0.07897998191188282,-0.6536770877411833,-1.0392463256131963,2.431833700465746,43.722229565094395,129.88065433502197
0.20433947275506537,-2.7650325321240103,-0.633704547257337,-0.9781909661440382,42.040433561575014,131.58041071891785
-1.404063104171712,-0.02084146272313525,-1.6105839592089728,2.1656804475867633,50.20729762143227,133.14221096038818
0.09023195534475548,-1.1342526837660527,-1.2067556855460349,-4.237583506319689,42.161145105909746,134.69326734542847
1.2416322415088068,-0.3983504054451048,-0.07778221789721407,0.2046176888977751,37.609231360438145,136.20537614822388
1.2423454259693427,0.015142473366376308,-2.9634424645156554,0.5494730788544437,39.97541572864816,137.75275707244873
1.2251278424866259,-0.3975933071844855,-0.08565462058669837,0.19539749903779313,36.19821065147423,139.4872589111328
-0.17744959923558312,-3.045177541134036,-0.7112769304517972,0.5743072906840858,47.47713310784519,141.17233109474182
0.8952236275192318,-0.015429542173343691,-1.2303660573368878,-0.07360356949776303,14.277618410070883,142.69131469726562
1.1610098510143532,-0.06139609317926986,-1.1801105409386232,-0.16494749127049868,18.857117685358936,144.37480425834656
0.9216290239997624,-0.06544578070415508,-1.27624419009353,2.257406646870268,31.706777886596452,146.11740255355835
-0.13258049124229743,-0.8405664855845885,-0.810761694031239,-1.8534735632283241,22.92345033533436,147.91768169403076
-0.7852702883983742,0.1524615435622465,-1.0831638434288582,1.1603321385614622,21.203266386513906,149.60972380638123
-1.1592458254624027,0.12566531808460546,-1.0282457678228072,2.962426239022366,19.187692164950807,151.3112804889679
-1.0854099823483194,0.3970992177918262,-1.1369715481862754,2.0642201314341033,30.560345019571088,153.1185748577118
-0.9931970967042245,-0.13437772715381513,-0.9135288214284314,1.5778931380782444,27.96158876051196,154.86519050598145
-0.7870394808017043,0.1113797105630594,-0.9267602501326904,4.737684002459708,45.79381162185201,156.66225957870483
-1.2217748605393028,0.1256978828593205,-1.0059958311799422,0.2625192179228302,24.578217626653185,158.45598793029785
1.314568502769819,0.2120434733485892,-0.8598456151617961,5.12,56.65458481807879,160.26220178604126
