-0.012574379983036899,3.1446453689932783,13.773485398179455,0.0006070137023925781
2.4252478317630324,0.19645700354555196,31.536441879759195,0.0010700225830078125
-1.797695056284851,-4.206895102699689,35.302187809757775,0.0015072822570800781
-2.864645517320186,2.695927465781412,32.210316393769446,0.0019307136535644531
-3.9763209557255252,3.267874582759519,37.72133944928487,0.002355337142944336
-4.529944313395645,-0.1533930718465708,44.663399343509454,0.0027713775634765625
2.105154051750839,-4.464547727548332,46.22117533780627,0.0031888484954833984
4.901824857703539,-2.8420328521363554,38.48233386686226,0.0036242008209228516
1.5588737059261701,2.2116234635783814,34.25697786463295,0.004057168960571289
-4.675530502039849,-2.6949722931228584,57.0226586654577,0.004483699798583984
-2.6347640874541205,-0.26485782123345913,34.56855065934276,0.004906654357910156
-0.47525318803990224,-1.2165906395354256,29.501528677231743,0.005330324172973633
-0.9006011959243096,0.06290373409477379,3.473666131849587,0.005751609802246094
-3.245097914820394,1.173904099688249,26.999603592699145,0.006175518035888672
5.030078215559862,4.903356772611983,51.31031153395597,0.0065915584564208984
-4.953533025089386,2.522681276036171,51.22322163278511,0.007015705108642578
-2.662976133080653,-2.216448389318795,35.1110097741968,0.0074689388275146484
-2.4672794151589104,4.717814600671164,60.14316320148712,0.007905006408691406
3.626604248578306,2.922384480563612,39.85776674741204,0.008328914642333984
4.5340904937178665,-0.615927780384034,58.17125068630814,0.008742094039916992
