1.7606399205595276,-1.4015661783386402,32.54383144395331,0.20828723907470703
3.019924924901688,3.0763750149208073,19.79178184791907,0.45476365089416504
4.656939346840555,2.892273494302393,47.77656912169451,0.7456433773040771
3.224937322216401,3.807122737917724,39.81360537696924,1.1148598194122314
3.013463787703283,2.1317790443302087,16.897646025568754,1.3891332149505615
3.029616721851899,0.8839484642217972,12.67533136049051,1.6668763160705566
3.036392777342612,-1.112256301258233,13.103095768550187,2.0217792987823486
3.0393946014494064,0.04781358992612361,9.992866429415205,2.3631606101989746
3.087113730136001,-0.22448145298908706,19.44508908868041,2.7312822341918945
2.994560278858205,-0.5533976840542643,28.721913867641298,3.0173938274383545
-4.367062269913041,-1.384066842876174,55.15883919079168,3.2444043159484863
-4.004528394655059,-1.4306919894752692,37.153872143103825,3.461301803588867
-0.16920132068066884,2.8388587830317658,17.928708744550043,3.740445613861084
-0.05773476773931652,-1.5217413755888356,22.87665430451426,4.033246755599976
0.1318745600698401,4.636970592803999,41.27948676813487,4.286548376083374
-0.5553054145633691,-3.997758564226311,35.69371939883517,4.579352617263794
-0.24343454499845318,-3.856509934817757,28.315769367337154,4.828277826309204
-2.221801731645939,4.871492967758871,39.99180171007814,5.085273504257202
-5.12,3.508990651935277,61.221777801536284,5.375184774398804
-2.8127418199392724,-2.7764840095105074,30.123142275956276,5.702433347702026
-3.4424714497051205,-4.986569438019628,56.105874972423074,5.984533071517944
3.933023686348716,2.9274878486196245,25.931396632691275,6.310624837875366
3.7634530725925748,-0.9000285015172285,26.03813266187297,6.5968992710113525
4.112015159780044,-3.43277647672521,50.18998192095815,6.928710699081421
3.5917946714107023,3.9794956945343047,47.202571653147054,7.261056423187256
-2.5972428902902753,-3.164873588884715,39.8556218656216,7.602504253387451
2.095780553404924,-5.007502776258596,31.23534986753448,7.8932201862335205
2.338297548239021,3.096128337701905,32.09054397825851,8.216031312942505
0.8101349518043399,0.44581175793192074,26.591901041681105,8.635632038116455
0.9787907782480936,4.344899553690394,35.5404580565648,8.983637571334839
0.6463261716025874,-4.479752683160441,56.46812726707351,9.295804977416992
-1.6611805097248102,-2.595886538121893,43.03300983249272,9.624783277511597
-2.967408609852239,4.017448300676329,25.214377175097724,10.027452230453491
-0.8169011247422446,4.716312214754411,40.93100443886956,10.36379623413086
-4.737755761789632,-4.506698946451276,73.51637771797263,10.700758695602417
-0.08482064218958207,4.567240039716377,41.37446692879358,11.109942197799683
-0.23342794085088858,1.534133297383379,31.139583111737338,11.445953607559204
-0.14020788302409937,-0.5316037667836317,23.741582691897694,11.770769834518433
3.2736102433631524,1.0485667531962415,23.756049218124403,12.155184030532837
2.9849933809035365,0.44430371656796286,28.545909104472166,12.544633865356445
3.3396002559861033,-3.0210723725470765,35.7043755027671,12.94202470779419
-0.08856513438493607,-5.12,30.4413144325897,13.347933292388916
-0.47086512586181595,5.12,48.979340602674725,13.779911041259766
3.0476838632208176,-0.09649031570175826,11.525349614701812,14.172593593597412
3.0860977252689166,-5.12,39.87660674247506,14.622213125228882
-2.8219041926656945,5.12,42.5221143204099,14.9863760471344
-3.0976815052216655,5.12,40.34541011607509,15.346907138824463
-2.967850023683726,-1.5241611567543036,31.219527974587628,15.746288299560547
3.8410755440400246,-5.12,48.26337154523356,16.15165066719055
-0.22887167453088608,5.12,37.653459965702396,16.506556034088135
-3.052729053912728,1.3176380891800488,25.722192534587432,16.901500940322876
2.585599280573157,0.9336737325416893,27.001129253094422,17.24610471725464
-2.365348882935824,1.1399230562636005,27.145881606877293,17.597745895385742
3.4853409650302813,0.7537295523739509,42.439009564096665,18.055325984954834
3.81144280964378,3.7077371014781066,47.133387323495,18.658956289291382
3.065671277556153,1.1713910643241654,16.869021742412933,19.090738534927368
4.045636612039853,5.12,45.70018876615625,19.5540509223938
-4.139106064084274,3.883594684597143,38.35466349582672,19.978211641311646
2.4648872645331226,-2.7283630862291957,44.63255790459616,20.40638542175293
2.6401338188239434,5.12,52.262779411575835,20.806079864501953
-2.445491561369014,2.702933956350651,45.61983734008078,21.287299156188965
3.0814927902694835,-1.5773141337376986,32.10913657818499,21.770951509475708
2.8887329340308012,-0.00778916833639709,10.70267012684302,22.239968061447144
3.0021044342568244,-0.004961382770478195,9.018388291712485,22.71620798110962
3.191103153920838,2.5612919037914335,42.39422093599019,23.144771814346313
2.9467858640963476,1.8456302588791882,16.99013162858686,23.55120539665222
2.7290185890270893,-1.0758290210200094,21.033139698519694,24.01827383041382
2.646959085309801,2.0439245430382993,27.593796354074474,24.45628547668457
3.290296072603957,1.9217290141560968,28.20911853819382,24.904847621917725
3.277185822502319,-1.0279660314612746,23.65048566155135,25.357695817947388
-3.8748406193491878,-0.835524615265367,23.52974933313751,25.854503393173218
0.01215983163102674,2.5378825756039776,26.188227897637404,26.295064449310303
0.15656611212157134,2.998159900734355,13.474967285513326,26.74407720565796
0.09504277411373963,3.2638580722408355,23.262136354973762,27.228469371795654
0.46901436372821426,2.902626271142002,30.27023695197625,27.658871173858643
-0.08231443821825035,-1.0396594584756933,2.7044509535603467,28.10546064376831
0.07046333532799753,-1.0266594166658445,2.1631214906939107,28.549925327301025
0.0005078187942544332,-0.9431391609508726,1.521002370120371,29.054529190063477
0.195952920357648,-0.8843077296254975,10.017137956281498,29.599921464920044
-0.003516533937251154,-0.992702674470709,0.9984212961535235,30.101989269256592
-0.4030091017362638,-0.9042244338978405,20.936569420714658,30.608770847320557
0.44240222314862443,-1.291439479842924,33.790202271139016,31.174615383148193
-4.4144401049335995,-0.507782308506842,58.322631128739765,31.740618467330933
4.536769210683899,-0.8147185074905039,47.02511619787663,32.2301766872406
-2.964056679417708,0.6114667282666009,27.05951957889063,32.72967267036438
0.0006853928761962891,-1.0583250317286428,1.7841538911207948,33.22946548461914
0.02470031641098913,-3.1330759442967224,13.233647856313812,33.78592371940613
0.4440060908181156,-2.9980819554417724,28.573833459802735,34.3118417263031
-0.3862872489461493,-3.0879233767516343,28.72636822502784,34.8209273815155
0.14530682486762014,-3.4488690959609274,35.290353356229424,35.35572147369385
1.612810682427579e-05,-2.778452309232902,15.941593047691383,35.91401195526123
2.2136140099710033,-0.21539273704433803,20.522801654990438,36.45827341079712
1.5820728943277151,-0.3663648483060271,38.013958930909354,37.11956715583801
-0.27594292079822225,-2.238318665267605,25.975746732779804,37.69862174987793
-0.7219744850366947,-1.5363675821502967,34.37354449158705,38.26974272727966
-3.7960414657627166,1.0697067215076217,23.64541235593451,38.84736442565918
-3.7973880654312007,1.7243969517017987,36.06177806362049,39.430057525634766
-4.499987895960741,0.9442807988894275,41.74815272448994,40.028252363204956
0.055845973834395934,0.5374062703609956,20.62632705011201,40.6334502696991
0.3875149067442081,0.9796277318117266,18.79631790921525,41.240320682525635
0.726018273992473,1.4408405928474046,33.42132282608784,42.01906633377075
-0.1944264278257677,0.9210540001765741,8.670098508029756,42.71926736831665
-0.4912134020704686,0.7597238201400023,30.192649632789475,43.3918879032135
0.016067051764479423,1.00276318421637,1.058212777140195,44.033355474472046
0.025587954342667807,0.914080526796103,2.387292625890314,44.724294662475586
-0.03687933691849299,1.0001055719906775,1.2688444336347757,45.378453969955444
-0.004537640114505415,1.1046814314938231,3.3106033308175054,46.00095534324646
-2.1977078266983567,-0.11578629513781546,14.148161262602638,46.65528678894043
-2.613619046555944,-0.3512132455344661,40.45191637850953,47.3283748626709
-1.866421053798729,0.1123179113998356,9.204828216017189,48.01946425437927
-1.7772205753528176,-0.22197901315293045,19.754265767195324,48.77696108818054
-2.152715897000862,0.30572369618810313,22.418830837554964,49.59841179847717
-1.5109888528009017,0.29697304889391596,35.256195255700234,50.404436349868774
-1.5659387917371101,-5.12,50.53083858367073,51.14252066612244
-5.12,5.12,57.849427451571785,51.8832688331604
5.12,-2.2504494905811896,44.01747892405266,52.60188174247742
-3.8105033801183477,-2.8943278255296887,31.310841017588125,53.394951820373535
-5.12,-2.860123688598838,40.72479515963887,54.12325692176819
-1.5421590994965384,3.8193593660524625,42.39562748912543,54.87452745437622
5.12,-4.642885675884565,66.7145973893376,55.61329650878906
2.2748503196435976,-4.020230492121385,32.97293073690959,56.38508152961731
5.12,4.3997651039168035,66.36413273426612,57.14050793647766
-5.12,2.026450851432468,33.16900407801058,57.891414642333984
-3.6181254009096646,0.4986869672098724,50.70898761687169,58.66697669029236
-3.3273854179007816,3.378436786683234,54.38036298528401,59.484344720840454
5.12,0.2950888129409597,41.807060468279964,60.30187106132507
-1.9108876613038914,-1.3305849148713187,21.79862473725491,61.12085843086243
-2.216107229322239,-1.834683105725896,21.090441197668746,61.9503333568573
0.43664873214736044,-2.2753770483510465,36.17393682336896,62.80095863342285
-1.60678478159713,-1.7496869322479864,33.49515495138774,63.65820097923279
1.8449615735663212,3.872259115434633,25.83118615980646,64.54776167869568
1.449640928051548,3.3042787424372984,45.86799178961014,65.43399596214294
-3.2650241716296184,-2.2436289583576805,36.23665142383859,66.3098533153534
-2.3892323063249217,-1.2604776114779175,35.629383515087646,67.19502425193787
-1.4739494867301448,-0.9350041752121907,23.735452217505667,68.07934212684631
-1.2112106552233128,2.429465157757786,33.990093567588595,68.99317383766174
1.3277176217053306,5.12,45.37892580888831,69.90025663375854
0.5212260104672053,-0.1548808929238037,24.57984081877145,70.83191466331482
2.2716858885568563,0.23816595027619236,25.83276177494082,71.78225994110107
1.5479695092870562,1.964848466607192,26.048967211893135,72.78872275352478
4.01940730557429,-1.8461285468513422,23.958740892121053,73.74513244628906
1.5249596070091318,-3.346832797451099,49.11977566239729,74.74233365058899
-2.1622962356751745,1.773450561674828,21.11663773912501,75.7189769744873
-2.7115721796337957,1.825498163134105,28.50839513574226,76.69865345954895
-3.5105249285082136,-3.658151596914659,61.13996385124803,77.68845653533936
-1.78290689287953,-3.918877949326898,27.75457500355305,78.70627856254578
3.9207041862929666,-2.396565996828932,40.29262692040043,79.73709082603455
2.38980418601958,4.071618534036211,40.98202212313183,80.80300736427307
-2.499793917919927,-2.237782327935934,40.48972576739684,81.82450866699219
-3.5035697028941786,4.428868838682017,70.90514548949656,82.92066407203674
-2.469532360329328,3.952978403315707,41.9752271826417,83.95142364501953
1.930264226770066,1.4650559086705464,26.576915342298303,85.00471186637878
3.0959017864132585,-4.0359360863141145,27.888394400307963,86.08549237251282
3.776637510147345,-0.1575552756718368,27.134608383193058,87.15196061134338
-4.341125627221642,2.514546888230914,60.5444250492103,88.24642133712769
-2.352240491265226,-4.328882332004102,55.019292348532424,89.39203953742981
-1.3527200546884064,-3.5019386368471315,50.107937216187246,90.55194592475891
1.481952905796832,-2.149089176453428,30.82649239668251,91.72181510925293
3.8610834137182204,-1.4095689984304483,38.897044807395396,92.94957518577576
-1.7507448952587943,2.0313841006929376,17.33862054257566,94.16533541679382
-1.8145778875909264,1.530632015674347,31.50375712553223,95.37504887580872
-1.02374472130934,-0.45162694841871076,20.90476257322839,96.60928964614868
-0.6214245241568337,-0.05807091954980326,18.27596471913342,97.85357117652893
-0.1293053695967048,0.03009554144571336,3.3186582079203717,99.16847157478333
0.06040628252920932,0.02870320727936626,0.8783214321260626,100.46435046195984
0.010707486451139836,-0.055873483685279446,0.6357837524756533,101.7499647140503
0.007026052232657065,-0.008478577863558101,0.024050438515248018,103.01301288604736
0.04013431472080509,-0.019020850181200366,0.38957321132395784,104.32636523246765
5.12,-3.285619775105551,51.93943058822741,105.68409895896912
1.3523134919617235,-5.12,46.748292417895975,107.02978205680847
0.8822076097409886,2.15830692623494,12.604862972954447,108.48837685585022
1.1982840238807384,2.3984159446359623,32.02702277314365,109.9889087677002
0.5166152287135795,2.0331873224239905,24.56291894587077,111.51196360588074
1.0410903030299243,1.8920112899165167,7.20993970517671,112.99599480628967
1.2905246638216878,1.6057327515867668,34.63589495619256,114.39862632751465
2.59711546501861,1.4744540612093973,46.98584876521977,115.84943413734436
-0.574064030142253,3.762480957473053,42.63902391640915,117.22243809700012
-0.0051622088439104985,0.024749982252455283,0.12657027285762013,118.65435218811035
0.8551736310390163,1.9175912347476833,9.581637043680564,120.02365064620972
-5.12,0.342678672595655,44.541750166255426,121.454660654068
2.6483038698542085,-4.538305658663495,63.28522392422214,122.89558863639832
2.805900084642934,-3.5522205107339517,46.517337790998866,124.33790254592896
3.691701592500917,-4.183403465048061,50.64781541567122,125.9795196056366
2.271464234056749,-1.85719679264119,23.715735603690298,127.37575197219849
4.583390743405242,-1.7106779875688476,55.03795531679897,128.8622224330902
-4.305960834611711,-2.458263376309195,57.68659627887979,130.34128093719482
-0.006994730260797333,-0.0024964729395486884,0.010941455863489935,131.82473301887512
-0.6655352652734612,-4.791510398835806,45.88424112137352,133.3358392715454
3.441100105498349,3.175533503785652,46.738158806023726,134.83519983291626
2.218767600278758,-0.7339984034731808,24.51558167621142,136.37446284294128
-1.8268162688427463,2.4426377985462464,34.0199459070615,137.86351943016052
