-4.675530502039849,-2.6949722931228584,57.0226586654577,0.18471384048461914
-0.4717204474885204,3.5085741386241667,52.36065864184967,0.3137204647064209
1.352527252101277,5.119752391130299,46.746438536590446,0.5218007564544678
0.39851664546589394,3.1119238922308634,30.250404021545695,0.8672981262207031
-0.4184394506367699,3.1916109644747683,35.48993473274486,1.0553181171417236
-2.3896650126174257,3.0302901534794975,32.765416175845914,1.2119226455688477
4.98614709926447,2.8769936755941483,36.01752431022044,1.360619068145752
-0.3836669196805289,0.35737323651337416,33.9665813528337,1.5644447803497314
-3.7273842484286384,2.503687012998247,51.57537102867039,1.752622365951538
3.310707795161446,0.5438708048195018,44.60162889354477,1.9148552417755127
4.783026790963409,2.0265167419701884,35.06231509438421,2.1786410808563232
