2.544052039287317,-3.5528768658612284,2.5845357052206923,3.3994017152198497,794.9588069287527,0.5522642135620117
1.9270536017223074,-1.8126010387651705,0.9672435519551978,3.1042924469817743,112.38857458336226,0.9899356365203857
1.9601505479870571,-4.108796159126959,0.9653771297679308,2.6850068362116346,196.52030783959077,1.5530309677124023
-0.4672468866320081,-1.8795877055994952,1.0364586741455097,5.12,285.9259260327918,2.120319128036499
4.074107277422299,-2.7373881639284505,0.992749560717118,5.12,197.06054243844872,2.677799940109253
0.9067440646312601,3.7748829874238146,1.773478338498668,-5.12,257.9464079703539,3.2393581867218018
-4.914184306293054,4.861901038476838,1.6808396255500169,-1.374247877079716,414.506436606605,3.797563314437866
2.5065582740892935,3.0969361455956195,1.0735316302349807,-4.880748967467623,296.01106615798057,4.443046569824219
-1.8967573383400822,-4.162062692190248,0.9255349004078903,-3.817995827871603,173.49489834962216,4.882754564285278
5.12,-2.486917528608182,4.2132900210264195,4.264851347367991,481.561676890505,5.306102752685547
-5.12,-0.7005486203346907,0.966401832098196,2.692768686616853,329.976404349601,5.832457065582275
3.9614996633138366,1.1366116499550598,1.8928751229572836,3.3924970465148805,269.47249783058396,6.387916088104248
-5.12,-4.146031227021876,-4.365695306787382,3.3337996675682904,456.6149723896285,6.872531175613403
1.2569259880354853,-3.434666374169734,0.024488211950726146,-0.04172521509440319,314.01981728164657,7.38334059715271
-5.12,0.8156068477241947,0.21127182627018026,1.0482475263401252,195.52743891872717,7.883804082870483
-0.7581052219769262,-5.12,1.7916245974928602,-3.709797718397504,364.91001990507306,8.464883804321289
5.12,-5.12,0.9060123799087929,-2.6454716736648924,292.44679716478026,9.031925678253174
-5.12,5.12,0.05876209568350088,2.340025556184245,272.44932373827794,9.640520811080933
1.7182706235634893,5.12,0.25886992656648733,3.634754919571635,461.1696762944322,10.235968589782715
-5.12,-5.12,0.09108118443667745,-3.886078904984174,162.22045402910933,10.931147336959839
-5.12,5.12,3.6063170590787452,-0.48940621812262375,498.16426878453524,11.534675359725952
5.12,5.12,-2.0483412717958247,2.3971730505205233,300.99962778574775,12.089985370635986
-5.12,5.12,-2.0117746915815964,4.976788942939645,136.7858589000627,12.612759113311768
-5.12,-5.12,-2.039153810071473,-3.247563160785357,222.81966870449583,13.224234580993652
-5.12,5.12,-1.9037938530539704,2.8184022735814658,194.25572208566075,13.833022117614746
-5.12,5.12,-2.1480488158975475,1.8436074734542425,199.39962565259648,14.47191834449768
-1.4449898832951913,5.12,-2.019704502364608,-2.657975133722138,416.05344480223124,15.08626914024353
1.9514409741859637,-5.12,1.4993022261839721,-3.4018604899554314,457.14699467368473,15.827922821044922
0.8786975954242715,-5.12,0.8744823969953233,0.4735976578385692,310.8912397111744,16.45313787460327
-5.12,-4.145296786950446,4.141236267436205,-5.12,216.68317381954986,17.170689821243286
-5.12,1.7695714879754068,3.9872856843076105,5.12,213.71766782980487,17.89141845703125
5.12,0.024024074845065968,3.321862600647184,4.915880596630086,246.93524697930792,18.532104015350342
5.12,-1.803194955188066,3.6064987146147827,4.990662540227299,340.28495529107215,19.286245584487915
-5.12,-0.41351255762164296,5.12,-5.12,345.7183111694694,20.031357526779175
5.12,-5.020958230863144,-1.1201636283767225,3.4382036021552453,312.199140411938,20.891553163528442
0.013025917207405868,-5.12,3.94818988138896,1.9519538224947883,82.82488553828402,21.670162677764893
1.7886795059868188,4.49987521769346,3.900390862402239,-2.2170939465301394,417.937957201971,22.465927600860596
-2.2548860086280764,-5.12,3.991129814225723,3.678977893783361,334.2489341123037,23.311280488967896
-5.12,5.12,-1.202343925764132,4.654929308877866,356.49639302495825,24.07230520248413
-5.12,5.12,4.238542769581623,-5.088393156528994,258.3300340429183,24.85014033317566
-5.12,-5.12,3.238438639691039,-2.837030459531762,265.9153885807542,25.460545539855957
5.12,-5.068889869101363,3.1438786939430807,1.8307192175655995,191.05244983104137,26.215282201766968
5.12,-5.12,-5.12,3.7767703618662773,257.47549380579824,26.90589666366577
-5.12,-5.12,-5.12,-1.8246535856868253,218.07696506604873,27.64850687980652
5.12,-0.9834387325694873,-2.2591012384126468,2.992519658888603,174.71010325973907,28.33624243736267
-5.12,-1.4651320414433373,-2.252955352890864,3.6575100937744507,528.2808549110267,29.10511565208435
0.8904952298524833,-5.12,4.001535306278416,-4.822209497836417,172.30193924461207,29.99946904182434
-0.1241710648275891,-5.12,4.046725063480831,2.845620792164482,154.47663888609014,30.84701180458069
2.74600772612577,-5.12,0.9443880659595392,-0.019249668538000364,171.03189572010865,31.581074237823486
-0.10288512861807941,-5.12,3.8595669921926765,5.0777754049586035,162.35725150326806,32.307161808013916
-1.8026746237473912,5.12,1.9312186230821364,-1.9652058331145241,143.23741760157907,33.0360062122345
-3.6320070921242937,-5.12,0.1323927100003246,4.177014359395373,339.88515439964794,33.87312150001526
-0.25604626930398133,0.6299514902395744,3.97385701042679,-2.39027403239131,472.7493620913506,34.65537762641907
2.4127522574869484,-2.8440575728850908,1.0531573897775077,0.5938122014239324,433.6522174449647,35.33312463760376
5.077798630386286,-3.92526921856025,2.8988347953660254,-1.82317047007168,150.61200149915786,36.02419829368591
-1.7086929839363103,-3.9294051061873114,-3.1522671347344726,2.842685820222467,259.09814733305086,36.72881364822388
-4.701162573298868,-1.1072481729325085,-4.950417399711713,-4.46825462773922,422.6941163005066,37.47779178619385
-5.063957995248222,-4.7554249794578,2.6025740339440446,-1.7002402122630929,473.17912880604115,38.33653974533081
0.007132447600818992,-5.12,4.043096920650101,4.824028247282649,151.82558801108365,39.33117866516113
1.9462012623922051,-4.006977769509545,0.9653475955564561,2.4292286916992136,225.06785926457374,40.26695942878723
0.048067100555758024,-5.12,3.846322567685756,4.153335673194932,175.92648215829135,40.96842384338379
3.663852210304408,0.9547605183422627,-3.603777293242172,-4.378777722471819,553.8855964377191,41.806910037994385
3.955801592411734,3.5455244284267353,-4.943743311373174,2.998611574245122,267.60575746758707,42.697065591812134
-0.8791398096402654,1.6884302689216346,-0.5703793130107808,-4.769565111931845,470.0184167904252,43.725152015686035
0.9604623249244124,2.709657106624043,-4.365492645285231,4.071056090795563,348.2080858633905,44.61495590209961
-0.5465560784911752,-4.385309669061888,4.466426312218819,3.205197514095709,690.6469012148945,45.67769193649292
-1.820643202527776,2.734850162408687,1.6628583930530807,-2.9702668079342973,342.74075406692396,46.69953417778015
2.0970359053904817,-2.583740284779533,0.848089595146015,4.136949323217977,310.3882614178704,47.669066429138184
-1.946722249691946,4.112509770003091,2.001630932899137,0.7656189649027656,145.01674684532912,49.01447510719299
1.8075422301818058,1.4727292729390555,0.9401269925255686,2.6656594670312908,434.1290735021696,50.08885455131531
-1.8397269495668702,4.085165384152838,2.2062446325899012,-0.1985596439372861,226.61268599417744,51.2011182308197
-2.0632556589109563,5.12,1.8578309876790602,-4.038683924130354,125.38476771099694,52.409727334976196
-2.1318863824507854,3.027807787226588,1.98999255700297,0.3664680666611222,218.76141308607174,53.45750689506531
1.8275361919346738,-3.99474918884782,0.7984026205073995,-2.759671206889954,244.7740042641339,54.64297032356262
-5.12,-2.07198629690057,-0.10037097458152555,-2.120906000788053,118.90421947831189,55.670639991760254
-4.98221098210639,-2.445569128159939,-0.01483024348628792,4.5887461359412365,431.9787755894686,56.88296699523926
1.8871587654845685,-3.8232453387060037,0.7665995738235445,5.12,241.35769855648365,57.90023446083069
-1.9897321402323955,5.12,1.7201459745148089,2.9885408968090568,188.28200168186876,58.887168645858765
-0.0101751456667305,-2.5588313443424333,3.9676324650017287,-3.7180491370150555,351.56508487208464,60.010035037994385
-5.12,-0.9339684734781102,-0.09517130590187683,-5.087544063728325,120.66880501855869,61.16451358795166
-1.9978937981859675,5.12,2.2731505890150494,-2.7742735674307277,269.4839105481506,62.456642866134644
5.12,-2.5705184398467096,2.720207275418871,3.237683052976849,479.0296953375878,63.83910632133484
2.132000005643495,-3.9702125032329,1.2630356827054854,1.3314308596078321,315.03169091153694,64.95434212684631
-5.12,-1.5963487851818847,0.12119259426319662,-4.960379712626767,293.4154244910029,66.16491532325745
-5.12,-0.7669164495875327,-0.2853076742334606,-5.111525963606368,315.07218878150184,67.39013981819153
-1.9630105477850317,3.6512992208669273,1.9522327693800943,-3.656354136857426,355.1431224716462,68.7064380645752
-5.088544675346841,-1.0496350004239305,0.021262743183430466,4.048823718312911,68.85260735654832,70.04793334007263
-5.12,-1.0024214936847615,0.12373138371499959,-4.416266965546105,289.0573240033273,71.05829119682312
-5.056438300443333,-1.0972731707781103,-0.11255412384381636,4.62965414876241,265.1374366146502,72.24574875831604
-5.12,-5.12,3.715380131961303,-4.354619104066218,422.08442888691945,73.25143837928772
5.12,-0.6916155890869531,3.0862089856640003,-4.467750628867275,431.4171580972216,74.23743081092834
5.12,-5.12,3.8900752684521143,-2.2685026782720774,261.4318093684685,75.2535948753357
-5.12,2.3550319365558643,-0.07756304378209489,-0.41157911449025875,416.94793333458824,76.35900950431824
1.6983131528514708,-1.7456060833871652,0.817493646614702,3.4257618248216906,501.17306910944154,77.42311954498291
5.12,5.12,1.956530836589157,-0.5906162176987895,298.7433424367449,78.75353360176086
5.12,-5.12,3.0012131749243727,-1.0784424710802236,128.7103782524424,79.951988697052
-1.9307528983215274,5.12,1.9590931621920973,4.542275429161344,290.61037839120166,81.20876264572144
-4.997430436497586,-0.9715601665998994,-0.13170533508083615,5.12,113.18875685410576,82.50949478149414
-1.0279777223880098,-5.12,3.0099127728205852,-4.044810575163172,85.46685557820749,83.77399134635925
-3.684787274216439,3.3650074569138164,-4.347237178664178,-4.737887061276179,637.187878349957,85.22725081443787
-5.12,-5.12,3.0024271509414353,3.5343015003503124,325.8390334402245,86.65561985969543
0.9402079366883358,-5.12,3.252140685508045,-2.496462687107016,379.3049023273129,88.12848210334778
5.12,-4.277286660546055,3.024288615085541,-4.030851517157962,217.10281368627787,89.41303896903992
-5.12,0.05247166716406504,-0.0009320456731360949,2.9356932496612087,75.37841853469413,90.64925003051758
-5.12,0.036355330537439556,-0.0022045111571022957,4.8473459368326415,122.00154494610068,91.88430428504944
-0.26394910338678557,0.01517960542509389,0.024114061449729718,-4.837390658159712,181.63293061763585,93.16551637649536
5.12,-5.12,2.935141066991954,4.338237915075699,294.90442450291675,94.35992789268494
0.8454058577105634,-0.058889306724993595,0.048580834558069164,5.12,109.0093105208266,95.93880295753479
-5.12,-0.04001461230876302,0.06769273558920741,5.12,118.69479882572405,97.48586893081665
5.12,-0.14306052784357082,0.03453443615705698,5.12,146.7526444909015,98.84527587890625
-5.12,-0.19704663646112142,-0.001428098938483835,0.08526318403253175,134.71664516958097,100.187166929245
-5.12,-0.12970941353109922,0.1052490200185181,5.12,159.15577752838976,101.57685995101929
5.12,-0.4382026074875913,-0.009012160210732922,0.6298924063800415,415.1266493810351,103.13125157356262
-5.12,0.5412385629823344,0.03467598065137878,5.12,305.95518267002865,104.54926419258118
5.12,0.4164574554607956,0.24239276326585202,5.12,388.6260574911962,106.13730263710022
5.12,-5.12,-2.277489479700179,-4.083353973208794,259.08615539416434,107.71724796295166
-5.12,5.12,-1.6654264867141277,1.6451476470206812,424.0059139771465,109.27335548400879
-5.12,-0.4960800699857675,1.7902934231766405,-2.9556760956097192,344.27993939505404,110.84990787506104
5.12,-5.12,-2.6339647406853848,-1.8960850459107128,304.35418017826703,112.31121921539307
-5.12,-5.12,1.061344593326691,4.046881212489786,135.78254354502155,113.83081865310669
5.12,5.12,5.12,4.982401386023082,185.38765812541618,115.57415580749512
-5.12,5.12,5.12,-4.000181431262613,175.95412823273983,117.29592895507812
-5.12,5.12,4.9473332984077745,1.9207885322333231,152.3577774652009,118.78150510787964
5.12,5.12,4.937130075812083,-3.1282441930914318,179.24275184226298,120.19894933700562
-5.12,3.6863708706118983,5.12,-1.2252089593723223,345.13460896257567,121.7771966457367
5.12,5.12,4.599148818681589,-2.7197532834742524,435.2895781119986,123.35981321334839
-5.12,5.12,-5.12,1.2913292159275604,287.29718748182074,125.11333703994751
-5.12,5.12,2.6133169673007046,2.2199313408461308,375.31831418015656,126.9894187450409
5.12,5.12,1.308202223703133,-4.491989731296578,464.15768634076693,128.82933688163757
-5.12,-5.12,-3.604949054473799,-1.0356965418096618,302.24324442379134,131.0406551361084
5.12,5.12,3.1021092754862343,1.8513599967448613,180.10237785381457,133.20719075202942
-5.12,5.12,3.033059956432777,-2.7174128549618564,245.7008752363327,135.1272473335266
5.12,3.4853172760813917,3.23263591331859,3.5399423334403286,573.9996341561048,136.9775002002716
-5.12,-5.12,1.0933890237084531,2.041347527490192,132.08063164536105,138.51986241340637
-5.12,-5.12,-4.862643732740208,-0.675265502825539,310.97326038309745,140.50550770759583
5.12,1.7933719728114035,-2.1299783207544247,-4.548170452478022,381.83096501151306,142.35116720199585
-4.018928134920998,-0.04906891297164773,-0.05948584626000386,3.369879711154529,208.23889597846886,144.14970660209656
-5.12,5.12,0.7627842390069297,-4.890677322957574,245.78980278411086,146.1973226070404
5.12,5.12,-3.2079662597653695,0.7819903541019677,271.46795578129274,148.0448350906372
5.12,-5.12,1.0939307875450126,2.563755142192125,323.4040884725188,150.2646188735962
5.12,5.12,2.8826101755852944,4.259128822805347,264.80767692493305,152.3501992225647
-5.12,2.4708328671931064,4.296764543850181,1.9483145249993683,414.1950812390228,154.3246729373932
5.12,-0.7826194421112938,-1.1268892898896703,-2.9066290423036025,190.15082414480526,156.58212733268738
-5.12,-1.8897933795890203,-1.0657382950106742,-4.981214181189084,114.97419932786738,158.65836143493652
-5.12,-1.0707433247450693,-1.0265679247960415,5.12,119.94261504766243,160.7679831981659
2.6986622581683886,-2.0009228173068614,-0.9936443908033752,1.817752955858662,206.06317823631895,162.7099130153656
-5.12,-1.246369976652283,-1.1705140728214878,5.028843521541032,232.99537549282456,164.69326281547546
-5.12,-0.164248495449959,-1.009814954749837,-4.552265079108152,318.62369582171584,166.6864719390869
-5.12,-2.97940620017519,-1.0507275698519773,-5.095222458798483,112.50289637119464,168.9943552017212
-5.12,-3.091205108727286,-0.9627463019735663,2.305785996664663,222.1569978654977,171.04173922538757
-5.12,-2.8560633521603216,-1.1578618525720454,1.7206335626600318,267.5934480987937,173.35091972351074
5.12,1.0088555336991725,-1.272768616342089,-5.085572855301356,210.3398463390409,175.4076588153839
5.12,-2.3120957795899852,-1.100441837311049,0.0026037500248481393,217.1830488541633,177.4624445438385
-5.12,-5.12,-0.9126307732855787,-1.2796643678791764,242.32953180387912,179.64015531539917
-5.12,-5.12,-2.89080644943067,3.9181472956646255,165.9064542390583,181.7890260219574
5.12,-5.12,-2.937895310164753,-4.192556468172612,205.04682115903347,184.0374984741211
-5.12,-3.720054176890649,-2.7716061463813695,-3.9638888544839173,298.28436511069935,186.40906834602356
5.12,5.12,-0.30638458373026634,-2.7860493250659504,326.72476760441805,189.05241918563843
-5.12,0.11282293563449919,-1.3214413755329883,1.5386725863838668,421.99330795828575,191.63036346435547
5.12,-2.2658274588402163,-0.8900503688309565,-1.3265670634428965,340.1344234882853,194.03167581558228
5.12,-1.8501949024927296,2.063499132915415,3.0412525984963272,122.56496296042864,196.32610249519348
-5.12,-1.2072985638798652,2.0979260576022645,-3.7665859955522913,254.791021407465,198.9014027118683
5.12,-3.6804414889534067,2.0665817733041782,-0.22183828627238356,304.53136547710847,201.34475088119507
5.12,-0.03826533971376378,2.1546608570373724,3.757254855591662,214.01368504139757,203.59141373634338
5.12,5.12,0.6203256989168544,2.50948428783565,485.89650750265184,206.0971508026123
5.12,-1.169633283339865,1.9599460489983267,3.15201526601765,165.48569441792927,208.80054378509521
5.12,-5.12,-1.9858778133820438,4.2689747122787365,241.0902834644433,211.07037925720215
5.12,5.12,5.015043450064112,-5.102490553562254,178.29549219763803,213.4719214439392
5.12,-5.12,-3.366798189076228,1.6524335999572033,445.2100448369543,216.41086196899414
-5.12,5.12,4.891639608478806,-1.191856985244924,218.55470863521603,219.1056272983551
5.12,-5.12,0.3675153989046738,-0.9087581100964135,290.8922712490498,221.62503576278687
