-1.0917046920188653,-4.79181194434658,33.17087025178555,0.29473233222961426
3.7740994375520254,0.4224761638377963,41.75083552964837,0.4905388355255127
3.7930496317073557,-3.5326793003868255,53.98496079493867,0.7883515357971191
3.911683659796167,0.18533855998889148,22.88418278245715,1.0737404823303223
4.102241866485165,0.13606337797137869,22.277473800762625,1.3045976161956787
3.3624851542828056,0.07676315184943672,28.946744650243637,1.5399627685546875
4.912610164831604,0.1751109979540395,31.100696400625225,1.8562097549438477
4.552973838949671,-0.022904594635595465,40.28464066400298,2.253087282180786
3.3038790319482976,0.17929866348703616,29.971168012340108,2.5438592433929443
0.2629903483364524,-4.88331357800366,37.30059949878367,2.867396593093872
3.8462743822958574,0.1293594494126058,22.248927453570147,3.1411757469177246
-1.458689349496142,-5.12,50.71751199913387,3.4937949180603027
-0.09480478672066717,-4.578953922508923,41.49265466273225,3.909403085708618
-4.910980085028051,-1.325869967628992,41.98808194096237,4.23956561088562
-4.538712763913105,-0.6752497345324961,55.28742262675418,4.665423154830933
4.1464970002052715,0.17245333914276362,26.486809486449015,4.966980218887329
3.9504776833204085,0.09058673471765122,17.67121448604494,5.241907358169556
3.966768027755017,-0.1735122461166485,21.359561695986557,5.598438024520874
3.627272016931408,-0.31276090097323017,44.06630359159084,5.908015727996826
4.071428086103343,-0.05114383651350529,18.081329563498272,6.244669437408447
2.811060180365959,-0.028841019506406163,14.323535241108248,6.589872598648071
2.497378980275605,0.0007411364734357662,26.235654741838175,6.912304639816284
3.936733688378225,5.12,45.202323294306964,7.4125285148620605
2.8303307857614604,-0.298315622951586,26.25337123823096,7.882715702056885
4.637709828563643,-2.342527785884647,58.97192587516488,8.230950355529785
1.6469857058331208,-0.06482505132103622,19.56486981762673,8.485800743103027
-4.220370061240802,2.381880669549181,49.00397628199926,8.811466932296753
2.807292798108718,0.24903724187343546,24.35985388068903,9.082603216171265
1.2519241993224526,-0.1116783821074403,14.063199183240902,9.476040363311768
0.7695403070112103,-0.4358328098579749,28.755673051954624,9.79460096359253
1.1627798471717643,0.20224935381071507,13.227524470382498,10.113592147827148
0.8953355902410545,0.4656497331087799,22.871991072877698,10.413558959960938
1.0446794283260283,0.3047706886081558,14.949522862120682,10.687759637832642
0.9722450132141685,0.4668890967699735,21.099291865316953,10.971440076828003
0.8619649673434644,0.14443469443547396,8.137866304154441,11.290534496307373
0.4552298328318374,0.10804216399835376,22.042903177422737,11.567614555358887
1.1860966957040118,0.3454729949562356,23.263420999953645,11.857618808746338
0.8856819412103656,-0.02333490072519595,3.362890677386705,12.16105580329895
1.0129022696543988,0.013250595175638757,1.0936259184171622,12.44877290725708
0.9993590260350267,-0.06636631379424873,1.86008992109773,12.701448440551758
-0.6542686442810801,0.06821550446667413,16.99606098555565,13.117472171783447
-1.1145363236267132,-0.3425038128787934,19.329583230365586,13.429936170578003
0.4582442724378266,-0.17939866784148695,25.608030774900683,13.753398418426514
0.6325101984601611,-0.17076840711993135,22.383709892334178,14.07876181602478
0.6896588790331224,-0.04918645804702049,14.652977211678186,14.344496250152588
0.6787404012298284,-0.011564059666990367,14.81647687694466,14.677957773208618
0.677246871084467,0.013018045129360445,14.905934946484068,15.015695333480835
5.12,-5.12,57.849427451571785,15.34463095664978
0.451603239568076,-0.8122728909132322,26.591296550503323,15.677518367767334
0.5269898147083483,0.21350532263876598,27.906870285499892,16.00144934654236
1.069258254852972,-0.1349049854848463,5.475901254433841,16.400799989700317
1.090946106619092,-0.17949160593419133,8.524428604143457,16.729904413223267
1.1034241549948778,-0.19646432542412828,9.99362524230982,17.047182321548462
1.1108418598219814,-0.19880881888262625,10.440923009316444,17.36755347251892
-0.48378666290362204,-0.9295920511800864,22.00901970238853,17.66846227645874
-1.3370293113999931,0.6363518650057953,33.94150401371243,17.982733726501465
0.21277717863480117,-1.8282292290758693,16.35043861004302,18.270581007003784
1.1694278122584523,-0.7791168430843207,15.306297204190928,18.60887336730957
1.164451857919289,-0.7462694494294517,17.02721362505023,18.947230577468872
1.1577623646686357,-0.6783170545963308,20.67731699705872,19.298689365386963
1.1492723590050415,-0.5496294340918526,25.225875358193786,19.618972778320312
1.1468752644897595,-0.3706436675515654,22.292049977871976,20.071327447891235
1.1615621737527748,-0.23160527469069603,14.974527684317609,20.417266130447388
1.1705053206715288,-0.19446331534533812,13.199121901889086,20.743776559829712
1.1808290768923166,-0.17517257103699002,12.684200842232347,21.08622455596924
1.1940129777133386,-0.1523996154617251,12.24801713983821,21.41008234024048
1.2099847924697418,-0.1232390360342599,11.842555740541295,21.746429920196533
1.2270585181868157,-0.0902556662860654,11.642688593314785,22.12645697593689
1.2423373595910219,-0.06107728898385201,11.793226221624241,22.507059574127197
1.2538061161931289,-0.041727146757757794,12.154619437725705,22.863535404205322
1.2610764573718063,-0.032898175969259036,12.49966468084651,23.273929834365845
1.264839241597107,-0.03149386829594292,12.726984923138227,23.657389879226685
1.2659906197777362,-0.033827316340852676,12.831931515184698,24.159948587417603
1.2651978699435995,-0.03728765579421456,12.82877060935368,24.53457546234131
1.2628239006629869,-0.040432228541748216,12.722194779638116,24.918779611587524
1.258781394732571,-0.042688022907173995,12.49537416071297,25.30666995048523
1.252308913766285,-0.04385290663474617,12.09247366554582,25.70155668258667
-5.12,5.12,57.849427451571785,26.110418558120728
1.2763581012936926,-0.006813229700498802,13.286866099633682,26.50750160217285
1.2645141018056663,-0.029775828439150054,12.685064867105998,26.909858465194702
1.2493045892318024,-0.04056857145861681,11.841828430702119,27.349442720413208
1.2283687598781876,-0.044051446703432084,10.536486072002102,27.802800178527832
-1.1470100025224803,-2.0844831149317313,11.008000884982371,28.260957956314087
-1.809907449918967,-2.2164221885535818,22.418314340053396,28.721754550933838
-0.24024696612333152,-2.441344899067248,34.73400576903697,29.278830766677856
-1.3993048397202181,-1.6112388001332354,40.27384887388726,29.772098064422607
1.204899881546221,-0.04818808715125389,9.113026074700066,30.275285243988037
1.1649752342578177,-0.054463398046449285,6.84820510583923,30.768576860427856
1.1207142590966024,-0.05647460380645253,4.623278600518326,31.267483949661255
1.0665946378341324,-0.05759946791456816,2.651418058347886,31.75949263572693
0.9895711183165385,-0.059961873329847926,1.7056609578733095,32.26002550125122
0.8915339106252258,-0.0637348805680702,3.823862108363108,32.79198098182678
0.8059912042070856,-0.06613730691009767,8.059153187994092,33.30896067619324
-5.12,-2.6641827337565114,51.15712962104851,33.85717010498047
0.8541681461578072,-0.0700107432525563,5.598833591627369,34.524988651275635
0.7816247816943864,-0.07218120189592625,9.653083864920681,35.07174587249756
0.7558180567396517,-0.07139243745370916,11.200206420591604,35.63964605331421
0.7504316206509465,-0.06974700392226207,11.485865401906715,36.22264766693115
0.7498967042864502,-0.06788188772496717,11.46931090853676,36.7941734790802
0.7503805661357239,-0.06589536987953348,11.388443043879283,37.358601093292236
5.12,2.6389426068216437,52.314021987564516,37.9121253490448
0.7932400627730063,-0.06945847523480175,8.887795750619283,38.4941291809082
0.7669997698846158,-0.06922610788883432,10.458116709549516,39.07289910316467
0.7579162213212296,-0.06803977302084974,10.981856724960732,39.696382999420166
5.12,-1.2963751295871577,43.478079331131795,40.31900477409363
0.7858630972363212,-0.0691651275850722,9.3175597217944,41.029539346694946
0.7652355745129569,-0.06846791145138731,10.54561749291942,41.73408341407776
1.3050277098590728,-1.8348197845702385,23.378013765659716,42.38252091407776
-5.12,1.4849544409650468,51.085153265107714,43.04559350013733
0.7606544733131182,-0.05885909428362801,10.589204395275901,43.743916273117065
0.7539293011736428,-0.057023233259204886,10.959813784263858,44.553154945373535
0.5598480804044774,5.12,48.53941811377857,45.30320477485657
-1.285166116362051,-2.9571737501896855,22.948000971045783,45.99786043167114
2.131796674624649,-5.12,36.70652626129858,46.70233201980591
-5.12,-5.12,57.849427451571785,47.43963265419006
0.4258027245525362,2.580373357111613,44.52422558179102,48.151366233825684
-1.940123991269063,2.294806382431002,22.507814175125716,48.97812366485596
-2.909143779621815,5.12,38.973500408579014,49.69939661026001
1.6824421758310732,-3.3951711215105727,46.38438870318239,50.47393488883972
-3.2053422753615113,-2.183486544969719,28.21400961173699,51.2597017288208
0.815970754708534,-1.384107274508854,26.018077569297187,52.01420569419861
1.841537922461284,-1.2232613442456022,17.775878710869275,52.75875473022461
2.2544518040698662,2.1953374508688492,26.814315660493268,53.52552771568298
5.12,4.432489367860888,67.68543356118498,54.34855675697327
-0.9596624991657068,2.1248519149052463,8.677767606458312,55.1014289855957
-1.029479327177567,2.822328746407977,14.806690942508519,55.92322254180908
-0.5216088065433855,1.5447714461166369,42.173299101562975,56.900246143341064
3.3741957162804495,2.6769038144263497,50.01925542235979,57.98433327674866
2.266721523675229,5.12,45.11145264794504,59.085649490356445
-1.4382981105428128,1.8366468430804357,29.520637845599744,60.107062578201294
-2.403427676514296,3.093121167732355,35.22215472145675,60.952075481414795
2.457716458110096,-2.141156532332118,33.95599438739641,61.840349435806274
-0.6179670237188075,2.47627533288267,43.7794545509191,62.74528789520264
-1.3748316979693356,2.522388649770363,45.217413042845386,63.65339255332947
-2.5791460782281304,1.9118429857360697,30.591166836570594,64.53366017341614
-0.8172965114961626,3.436854340904918,37.59964858212973,65.45377898216248
3.403050126885982,-5.12,58.70678749068779,66.53985381126404
1.3966693382549975,1.8613320103672057,26.942140537576186,67.49577021598816
-2.2681856187876486,-0.35297334138434433,32.43736654060934,68.41068410873413
1.4622729114380695,3.0075879826319456,30.915549143506414,69.44376134872437
-0.4683742247139051,-1.6981685599284182,36.10577377786328,70.36061930656433
-0.9640660400987926,-2.390491952637811,24.622475173750203,71.27869009971619
0.6389126642979042,-2.5670259440611765,42.550812865862525,72.3084180355072
-0.24291304974861827,-0.26941810010793876,20.903504274974434,73.36317777633667
-3.826069611596621,-3.1688340313564782,35.199029980917494,74.42069125175476
-1.109029240384947,-3.8362260971770628,23.046135972690635,75.50588917732239
-0.8235378755167915,5.12,35.14506876495845,76.65211510658264
-2.990212723125945,-1.22827268468152,19.107997267256025,77.70128345489502
1.1772068251904502,-5.12,35.89460309849009,78.80810189247131
-5.12,3.4283467771471274,59.68183067165626,79.85220336914062
-3.6990903751823154,-1.519424642733723,49.062009218810985,81.06522750854492
-2.5621071901509906,-1.7195478561690107,40.67116163797961,82.15152168273926
-1.9747144195996187,-2.9521471434482316,13.189221674002528,83.28737497329712
-2.5827949089188618,-2.8045012218561673,39.85529998686826,84.42353749275208
-1.7263909428634365,-3.4905452340775884,46.62465798946641,85.55531144142151
-1.6012702484502577,-2.6036224464039415,45.3402198633262,86.6659426689148
-0.6769768618557732,-3.3545937176479077,42.2493624210536,87.85597610473633
1.4065543433073167,-1.2101606425909779,29.291067442408917,89.03365397453308
2.433192055873997,-1.2720785444080973,38.05323864829556,90.33427405357361
2.1709872697122776,1.373122361422304,28.8227217718941,91.65906286239624
-3.014099982344329,-0.684465357293444,23.59479548766779,92.9334306716919
0.8348231473313046,3.8469616289931237,24.692852745016527,94.11368703842163
1.8951754905879383,-0.7054577001791724,18.943340521765553,95.28186917304993
5.12,-3.6862875516109566,56.41053373113911,96.44860577583313
-4.6195564081259155,-3.896729201860479,55.86586314949324,97.69141268730164
0.14400660209161398,-1.3231226061368937,20.02760970981569,98.92753219604492
-3.8822116343852078,5.12,46.612176091992424,100.13095355033875
5.12,0.9812435316108052,29.95691580241876,101.35185289382935
-2.2818089912969812,0.9118927256382605,19.517136244527215,102.57767081260681
1.7246961777113121,-2.2294831088203266,28.242821510704417,103.85435724258423
-1.9149568444221283,5.12,33.985733776827004,105.11848616600037
-0.2257128536772619,0.34157035150161175,24.088839973521186,106.39194226264954
-0.9761302615431591,1.8705337823424673,7.694102197714886,107.76770353317261
1.4124668653404466,4.208372651918501,45.64497259443229,109.11435794830322
0.16827134662245502,3.952953513982222,21.175456366551693,110.42710256576538
3.6244735381589157,3.9343499706018994,46.54908806417446,111.81332087516785
-2.1217102308757916,0.3887701348447319,25.092735174923313,113.14150762557983
-2.0724133799246975,1.4482896716944218,26.886580123188583,114.49458861351013
-2.7418895569801776,4.081922506012741,35.98518767368579,115.84926152229309
-0.707751997084304,-0.44091209520626773,32.63748007389023,117.23602724075317
-1.514455075888674,-0.09118163971313908,23.8574070295166,118.64863538742065
0.43378068066496134,3.46442226229824,51.08842284708552,120.11188244819641
-0.14330744690223884,4.4061589959363365,41.53353976865415,121.70817041397095
0.9652979238423951,1.3049480767812751,16.255765062133335,123.42160892486572
1.424278064270288,1.2033982973372108,29.4797057163402,124.94889903068542
0.6670834969527197,1.6908591590904196,31.912306990330112,126.43424654006958
2.9041978198311265,1.6300768651113966,29.691094795401458,127.97167181968689
2.5464335578491095,-4.0479855706467855,42.89901438729325,129.55399322509766
0.5441640940714603,4.21490655946162,45.491847557378364,131.18303537368774
-0.8775746177183414,-4.228008628115923,30.084303329116057,132.8420045375824
-5.12,0.36822079008735464,45.823853117153384,134.2582085132599
