-2.7157771112938676,-2.923303515273413,4.751924600719382,-3.5123556444193262,2.4589555475343925,-2.224473875591775,-0.7816571985737122,1.3841561912422016,1031.198354475403,0.379025936126709
-1.6659546464921715,3.3453767675092854,-1.579250495411502,1.233126771327811,-4.440199080526149,1.6909717218237255,3.6991365853160287,3.4814349622132115,1310.431251568869,0.8256087303161621
-3.4556675424516916,1.2177113302619844,2.2483471930850856,0.823046550665044,-1.022542383491868,-0.29612033305538166,2.4061954788796607,1.5079023983923001,971.5905537453093,1.2443723678588867
0.06792872501371239,0.9013472842489394,2.270307967384629,4.323936991829007,-3.6434380325991356,-1.888772405357007,2.7216231279736363,3.0187418078719253,647.0663776334999,1.883476734161377
0.4667272884659903,-2.5053866195885286,4.281975183516809,0.8885744363423571,-0.6475910764961741,-4.718930813312683,-0.017760218015275164,3.019583237179236,879.4412542995584,2.466938018798828
1.353577075809957,4.156699920258467,2.244826361077192,4.633364490560919,1.4766178961991612,-4.160190969207091,-3.1222316952399494,3.019638018461463,827.152095017954,3.0748493671417236
4.16174053061702,0.8753920668488107,3.293172581183632,4.556300262748445,-3.9500224154671066,-2.67523374134546,0.40842035833985424,3.0194759101031314,813.5997095410324,3.488085985183716
0.8871629833545622,-3.689940111850265,1.0499503733829503,2.448124643693129,2.2014542829827644,-3.3065031800421805,3.537102555356266,3.026323803651114,822.9009107909937,4.106894016265869
-4.2265062461773155,-1.6729499987094534,1.0718490866330876,-0.6572258666307409,-5.12,1.640522248165527,-0.15768601485388434,3.0086033013324007,693.0582002518929,4.474348783493042
1.0661726053460336,3.8025679842841784,0.9489032710947551,0.1952248160259762,-5.12,-1.879307553935603,2.521640997989106,2.9436441129532094,468.5465427751745,5.080240726470947
1.198525297290499,1.43368535661382,0.968353480739208,-0.4865159592276651,-5.12,0.572439169001143,4.809773137314296,2.946795333983631,810.0789453531522,5.753879070281982
0.7764599814332191,3.511330588872416,-3.291407614330306,-0.796308315122868,-1.9524504432451795,-1.8623918364747682,-0.7916501466545665,2.941317110885289,641.5791534942814,6.4609620571136475
-2.159049333675843,5.12,-3.926621614255625,-1.7032463208843724,-5.12,3.5321376837354554,1.132012604347418,2.7263031919414678,681.3919684457795,7.043496608734131
-0.8797821566847368,2.8110008345822726,0.8993024370249625,0.20141472456703813,1.2541305344978797,0.20929938971985074,4.421523668502002,2.9428440360714108,590.2211394137842,7.705601692199707
1.7638736634785532,-1.201721336838168,0.7619422725091276,0.19879897365936472,-5.12,1.5536504259079846,1.0104205420561483,2.943417252990126,593.7387515984386,8.27875542640686
-2.3548188034970976,-3.4633762007532694,2.564941599798158,0.194678714641908,-5.12,-2.2377330879138073,4.65813740986797,2.944504744745216,982.0264177608475,8.976210355758667
-3.2945638538300095,4.169033185988751,0.8433355531505633,0.21115174284058824,-4.136914145575483,1.258657866945323,2.461714746092997,2.9355383188704858,707.2121093292842,9.484889507293701
-1.3236177682905157,3.790809351982495,1.232339908379986,3.2340097621754884,-5.119306298866243,-2.0852090873101274,3.610688561365593,1.4217842760974415,877.6107253558836,10.005363941192627
4.777748746727629,5.12,5.005587670653708,-0.7825813336018062,1.5137802539728842,-5.12,2.5000850414001023,2.691277336002279,868.991674557592,10.514627933502197
2.5584692485979126,3.79606811121804,0.9591072742790221,-0.9568420642489501,-5.12,0.24721765321028144,-3.1485671832192255,2.9428187973137545,511.5973770509547,11.106771469116211
4.6800105250139366,3.802289452208611,0.9448423715499947,-4.124069975646401,-5.12,-2.551828449358741,-5.098828622039123,2.9439740077591674,613.4277271494215,11.668066501617432
4.576997857100118,-0.7718983454347361,0.9785812382116106,3.520517436823826,-4.533705304889897,-4.786234571043012,0.06677284909920544,2.946276144421625,851.4374861857767,12.234181642532349
-0.8352245414251236,3.854958590396646,0.9426665786682396,1.0053548019038292,3.6281357090940203,-4.983287206370277,-2.2838970288944807,2.9439803427610185,460.64004486861666,12.819503545761108
-2.5975074466501322,3.8490842407323393,0.9432505778793656,1.06577233364332,4.3192070892393675,-5.069841976497619,-1.9768857715893091,2.944380129230896,477.431889500419,13.54845380783081
0.9409933545463742,3.8808530050459895,0.9400404222193943,1.121965433408059,-3.3357599846432424,2.6467639801888314,3.0050740958370907,2.942137756228443,440.71988783808825,14.190899848937988
1.9031578454253921,4.053187604535345,0.9299639871178202,2.321692371924045,0.18713679673750772,-3.4500831158828396,4.00927427467592,2.8869229623436636,520.2048544575582,14.918703556060791
3.3972612339877335,3.939865409331772,0.936418709669617,1.4136060805809167,2.771983175894965,2.294464443387853,0.25037912559322795,2.9403428838606027,753.0156358733327,15.626395463943481
0.45462948866888375,4.015239842098352,0.9372917462034254,-3.202766085748236,-1.7700375633635668,-2.000356525765195,0.6850946835683533,2.924068382461418,556.7296300767669,16.391375303268433
0.6841818798589188,3.9793183940258645,0.9373198643939711,2.632843843227424,-2.412848805807886,-1.2083912608974465,-3.91911907751466,2.937862491115859,650.9059827512086,16.976975917816162
-0.00801294411360498,3.864848379849083,0.9455468943546137,1.5080957817077572,-1.1526634697705167,3.8724532386362993,-3.791248092561389,2.940927543651866,451.38139712395025,17.525274753570557
0.7976223965494764,3.8786283306211784,0.9364642360442819,4.320067543611027,-1.8769463923369227,3.4033354667282465,4.2474974787184765,2.9420102550805707,641.2578946196438,18.019054889678955
2.0627854761160247,-5.12,-5.0680644341412355,0.21769311781344491,0.8437524342892049,1.1190456178234944,-4.989728073615307,5.12,331.35538433093643,18.759979009628296
4.61061235050595,-5.12,-5.12,-4.150738094212025,0.8728866802784623,-1.0623767226227985,-0.8870651763967858,5.12,481.47324872606157,19.240829706192017
-5.12,-5.12,-1.5312854743285804,5.12,2.2471253662527912,-0.3789273560019595,-5.12,5.12,742.8276214555158,19.74026083946228
5.12,2.320257543612266,-5.12,-3.062792463443792,2.44882139082822,4.815089367253431,-4.92956590235142,5.12,643.3478062310627,20.347450256347656
5.06342888409807,-5.12,-5.12,4.139642880724682,-1.3170862517233606,-1.5790482748523562,4.807675677591734,4.889386226189022,661.1557136607162,20.864314317703247
4.98968761776072,5.12,-5.12,0.9763675321417455,3.9760875100522552,-2.1458829393758596,0.1716405227230835,0.42528786153217446,436.60824251577833,21.489928245544434
0.45395069990818016,-5.030927972754501,-5.040794653749388,0.2822313807880743,4.2972403708177,3.6476134268661253,0.052866392243931415,5.12,751.9026719012832,22.131085872650146
5.12,0.877783420457857,-5.12,-0.05690492546045256,2.348208940867811,-4.320995647813176,-5.12,1.8673158411299982,556.5778610951652,22.759103298187256
-4.646324056112293,5.12,0.8476520208159695,-1.2490943193144575,1.6243737548912636,-3.997466846012455,-5.12,4.822619368788842,701.8014521968088,23.512496948242188
1.4532544991555971,-5.032608858730176,-5.061700166620664,3.4801734747098303,0.8422722198966399,2.7180806239311517,-1.9060554610415301,0.9947658028624229,664.4605461983926,24.12875509262085
5.12,-5.12,-4.5103363466934665,-2.9860748958260515,2.313084689951676,-3.399785667530654,-5.12,4.77440549925769,833.2434961641866,25.04809308052063
1.9047494070599456,-5.078124841820948,-5.0613362551528365,-2.0072160749964474,0.824812660874584,1.2541619292970188,4.586863117941774,5.12,515.0903913703756,25.64479660987854
3.6889128348170717,5.12,-5.12,-4.7773825964171035,4.065021695506974,-0.4372371100988488,-4.197623176758039,-1.078448531187644,679.0316171937775,26.250164031982422
-1.3817366536197397,5.12,-5.12,0.7549295099606015,3.8159735591785937,-2.5589464054546363,-4.841197147754401,2.2518964741533205,829.1941134217616,26.85287094116211
-4.586219178116112,5.12,1.003072535953331,-4.203688192713956,-3.136498198970369,1.4069691044624264,-4.774392594191928,0.11944015356392512,714.2364634333222,27.545978784561157
0.98344545087068,5.12,0.33501780894773425,-0.684247613785848,3.0803101528706387,4.628943368659919,-5.12,2.4679394093013753,816.1697056580276,28.22215223312378
-4.259965677932585,3.925620638945122,1.0068450446186397,2.649278766856118,3.6434801256950715,3.861351151343105,-0.7382223970733568,2.8739547271469785,689.5941420159679,29.11990451812744
2.5387395709755207,-5.12,-0.7212228984004607,0.012032508455903645,0.4505443140229568,0.6748665264543261,-3.476723739246859,5.12,981.2843293512389,30.02407145500183
-4.953612359308549,3.4031463497584182,0.9635616402401492,2.9712063226953367,-0.3242867278811463,-4.794349457661563,1.5114107138821637,2.9960868296863685,688.0011503199821,30.93029022216797
-1.5843971776120727,-5.12,-5.069318288787338,3.6474401241157333,0.7289067211584541,1.0204973616546624,-4.995046651564516,5.12,644.4357943486535,31.647849798202515
-5.12,5.12,-3.3379826547643536,0.7992232738541967,3.3191848632726435,0.6631003772164865,5.12,5.12,752.6205229530655,32.56625533103943
4.798871485533536,4.482186443801379,-5.119774148315115,-2.583022128804081,-1.1322014775384472,3.427459806222079,2.941554470759166,0.5856900185496379,995.7540421827971,33.48890495300293
1.6880628490881522,3.8550322192459214,0.8914214839148746,-0.4499578433648992,-3.654607782305716,2.1797766582956966,1.8288336803595948,2.9400627809196402,716.1017562959896,34.217557430267334
0.49499348232095564,3.856376265643143,0.9861333566340651,-0.9486438831385007,4.330706523661008,-0.6859473633284061,-3.454566326182248,2.954807184267291,788.0879568650045,34.91332411766052
4.009167288533297,-5.12,-5.073178283632699,1.7139427970007173,-2.451061107267522,3.0746320775388662,3.2176343111093013,5.11444242814403,593.7167306155351,35.446067333221436
-5.01411660530959,-5.12,-0.6636613007928132,-3.7859238221408433,-4.313327897779624,2.705019763397174,2.379541787339659,-5.12,847.1083285940932,36.10488939285278
4.792918169703143,-5.12,-5.12,1.5667680140727835,0.4142621336367913,-2.33054979886293,-2.45038927083392,-5.12,991.1709292475455,36.741562604904175
1.9770756740701074,5.12,-1.5635794193614534,-3.467055437846276,3.3376842569645264,1.6186472459051515,-4.990399629462217,-5.12,880.7069640512702,37.378761768341064
-0.37532830847845755,5.12,3.5168542038411905,0.7587352375611749,-3.0944513589649327,4.633992906395599,-2.7295664631240535,-5.12,919.5370907976252,38.102970123291016
2.384856142392744,5.12,0.13059604278351955,1.6668291462421747,1.4602367456761742,0.29381308508860826,-0.9936069755902697,-5.12,799.1635541326325,38.94051432609558
2.8415048643885337,5.12,-4.498926452872261,3.121139131529964,-4.848130041253036,-2.2866011965618407,-4.8077685510946,5.12,699.2184966821583,39.85776710510254
-2.944574438508016,4.105419547368334,0.8889228334184249,-2.665122598118216,3.027084925451855,4.691083934157114,-1.52488321460332,2.905472199599278,630.2522136012818,40.73038387298584
5.12,5.12,-5.12,-2.03886683798773,-3.482176225675362,2.2361970872403694,4.951858797902468,0.3561435039925902,665.9591161869575,41.668678522109985
4.647375480014463,5.12,1.5211677353694926,-0.20637498659853648,-2.791237153918143,3.406587015395842,-0.8141547135567988,5.12,901.2178414869513,42.63767600059509
4.272755129136798,1.3943988835671748,-5.1176732855844795,3.6555680743321988,0.8878785061928376,-1.243781781024198,2.761333815483482,1.7526893047685057,858.9362325217027,43.40683555603027
-5.12,3.7266419096742753,0.9187394083762763,-4.984021506097953,-1.5484820195637128,-1.835990097786501,-0.20703927403675593,2.7832323060113193,630.8906833283611,44.38516187667847
-3.268942180737195,3.7981536197282884,0.953485655955916,2.1886778233242925,-3.593014329583264,1.2623807180314621,-0.13492127016172262,3.0698486639701033,637.973744178903,45.1980767250061
0.6895491032067751,4.027446675294832,0.9361362107298348,4.365416694018884,-4.345210874988312,-4.007461667151659,2.0743478105402753,2.408468665653581,745.5581533795391,46.08696722984314
3.3986867540784678,3.078088467356408,0.8174090821038238,-3.9102865207434756,4.407948399912619,4.599808175137013,2.4011656415557994,2.704948709276147,1031.2049486983747,47.05749034881592
4.350849899579811,5.12,-5.12,0.3922636470537313,4.227805869582787,-0.09012577578517877,-4.040220989458859,0.5738258473206974,791.7329849142532,48.04261231422424
5.12,0.20090077877391543,-5.12,4.3930193330132985,-2.139619255621394,-1.2428908142235673,1.4067271773741377,1.9756680700671394,701.9502977634919,49.01305079460144
5.12,-5.12,-5.12,-1.8738359602045676,2.8520729911649507,3.3621364059542005,-3.4134782005735342,5.043226296586728,643.9893847739929,49.95892262458801
5.12,-3.520813206150226,-5.12,2.0446710462575446,3.1722940820884427,3.870649760329999,-2.1159753851838583,5.12,518.8480115838679,50.8678297996521
-3.5019285139990846,5.12,-5.043225044485247,0.7872956865132981,-3.336113836843702,3.452169304803479,-1.3912269206569325,0.4190817224967365,1109.1466468138017,51.720720291137695
2.8551097370785747,-3.9774898964786476,-5.12,2.164976101976074,1.0157026490882357,-3.9582091781893087,1.983804143891124,5.12,249.09639808041365,52.68714380264282
5.12,-5.12,1.6753602025137253,3.986110574319608,-5.12,-3.7241511231379256,-1.5661769455393006,-5.12,701.5153955829898,53.64430594444275
5.12,-5.12,5.12,-0.013897842043832931,5.12,-2.647516401055717,2.52144253023297,-5.12,639.4634954899963,54.80938100814819
5.12,-5.12,3.1054920560048958,0.5830395460530777,5.12,-4.574258216869987,-1.870543452612102,-5.12,676.1540445323761,55.708433866500854
5.12,-5.12,5.12,-2.349588158313131,-5.12,3.868849660521417,-0.30668646666184696,-5.12,612.6821076949097,56.655073404312134
-0.745467879780537,-5.12,-4.175408344290618,1.7922361893235665,-5.12,-5.022701666103961,1.1653370801185279,5.12,489.4834103647428,57.606173276901245
-5.12,-5.12,-4.443919013301362,-4.5396160716829215,-5.12,3.6932734302344565,4.649228746438301,5.12,973.718495035079,58.72500991821289
1.0804092183460794,-5.12,-3.8422646636355373,3.7301144845309304,5.12,-0.8881603632267963,-1.497693703834217,5.12,586.6854647872615,60.045676469802856
5.12,-5.12,3.833135564257854,-1.5691755376782561,-5.12,-3.252411910502082,1.1057766552773503,-3.1763531337378605,617.9677370898581,61.21980023384094
-5.12,-2.560486245266191,5.12,-2.8670565302129787,5.12,2.1978384505054933,-4.277780285969699,-5.12,662.1218878017656,62.46272349357605
5.12,-5.12,5.12,0.6228360368941548,-5.12,-2.2474777600130262,4.372587711458329,-1.5580983600120328,873.3789512865945,63.901113986968994
1.976370574326304,-3.658721521269738,-5.12,-2.8223593491924115,-0.8036828261580293,-2.629950374773879,0.9929799155971093,5.12,587.3671227697714,65.2114782333374
-0.04333945134685635,-5.119233127256782,-4.063967013178409,-4.9605123200998404,-1.966589946019658,-2.739366883960494,1.100308073662748,5.12,302.8040332422421,66.4552869796753
1.2634377930447895,-5.12,-3.797663359473258,4.558105034172475,-5.12,-1.604608756055622,3.6143289215047654,5.12,939.181228551573,67.82426357269287
-0.055933647358962446,-5.12,-4.0996978058140945,-0.4099210214283415,-0.9362344743807895,2.947755759633547,3.212187320706664,5.12,442.726258794155,69.32356667518616
1.4906856832287891,-4.776358345934336,-4.070912406589638,-1.261731500103561,-4.049985009632148,-0.7148261154402471,-0.5415458743336155,5.12,837.6190556491109,70.73318719863892
2.919597969377846,2.430712317160924,-5.12,-0.2625798871826035,5.12,1.817306723594717,-1.8304094092185519,5.12,602.7252365864143,72.05733013153076
-0.9717000712032391,-3.7624355207654805,-3.777516366514929,4.586866809050281,1.154369091909846,-3.8874040773586964,-4.006862288817345,5.12,565.821178815991,73.31479406356812
5.12,-4.3002677065220904,-0.7345113666392304,-3.9939921253999824,-5.12,-3.233439270579422,4.07761832784153,-5.12,564.1394082132433,74.68380951881409
5.12,-0.6744955193916287,-0.11425349536174245,0.24185575835023876,-5.12,1.9612807014047133,-3.76952279178688,-1.6162662704981847,658.2671417952829,76.35249376296997
-5.12,-0.4771639947633153,-0.4787226438651011,2.325309692187898,5.12,-1.4025942651208756,1.2446788895534278,0.4193350548516568,1125.7786758141403,77.96823978424072
5.12,3.671434233945063,-1.9457929126394875,-3.5979453621555857,-5.12,-4.758446671393797,2.3040936926028284,-5.12,780.9295899056256,79.49504852294922
5.12,-3.1239231322241503,1.4809671571652858,-2.4558763687200007,5.12,-1.4331916308048425,-1.804994866946954,-5.12,864.9755235798664,80.79576182365417
1.005882570936527,4.725827536919929,5.12,-4.235091899230248,5.12,-3.248677552015873,-3.6080781258139947,-5.12,707.6351312526704,82.4317512512207
5.12,2.0288978683966015,-2.694043529095932,0.6555669614276347,5.12,3.9915565483253532,3.606482582269762,5.12,671.2735832132313,84.16620969772339
0.06832457404259795,4.6969246253742485,-5.12,0.8252582610686172,-5.007094790176614,1.7017036976334161,-2.0798473064758327,5.12,500.24290604790417,85.98476386070251
3.1602049883707464,-5.12,-5.12,1.7412486398643798,4.731241113613893,-3.859266415688741,-0.8115611769860536,5.12,573.5806566657707,87.85793685913086
-1.2450154355429714,-3.0369797469985937,1.20726774844666,4.095582145671332,-0.7138345495880651,-2.5346582387007857,-1.3599557683739203,5.12,765.5192085698704,89.8290503025055
5.12,5.007427809786392,2.2394418450074545,1.7524478699842323,-5.12,-1.862633258012139,-1.7264483356400318,-1.176466298591691,544.7308664134157,91.61278247833252
5.12,2.0399834058691955,3.069461419559132,4.443503178437584,-5.12,-3.104077131508375,-0.15363646652629903,-5.12,472.9330997498812,92.98484992980957
2.541234219027886,-2.5321601699313767,1.3252727455845728,-2.613321391404594,-5.12,-4.224177888486077,-5.077299856014598,-1.9353928027405392,941.5634684130671,94.60582733154297
5.12,5.12,3.353640514221998,-4.504333239747783,5.12,-4.293338471724173,-2.5563171762375725,-1.2907627906873431,1024.7311162310937,96.07879304885864
5.12,4.504775328548306,-1.3843711375615628,-0.2681235761074774,-5.12,-1.77144383994909,4.960851516196802,-0.03554074547346531,734.7929546162769,98.14174580574036
-5.12,1.3468391906017079,5.12,-1.5807397572352562,-5.12,2.666524712821065,2.9312536625328134,-5.12,737.1135445014568,100.13343620300293
-0.44176728268648535,3.444949401511729,-2.920700898808551,-1.7617645483425037,5.12,2.511875377472478,2.3104302302984205,5.12,970.9960926182777,101.67069840431213
5.12,5.12,3.8621921092657727,4.676971054699098,-5.12,-1.472874296228695,0.3788900920861895,-5.12,802.8370022433177,103.31477427482605
0.22305446994785516,5.12,-4.473654396289059,0.17161918211914884,1.194320760854862,-2.88735767442458,3.3668712037683433,5.12,739.0799806754483,104.89693069458008
4.768129598375315,2.061012611596741,2.9759696010110455,3.433271222672226,-4.183263957895956,0.42734721172582457,3.279585672221663,-5.086337819101188,772.1897552920775,106.33598852157593
-5.12,2.4701584142134694,-2.4586844408441553,0.3984786271695677,-5.12,4.195698242014051,-1.2248675641193216,-5.12,917.4089950366123,107.7813549041748
4.6029710994612065,-4.831288782641724,-0.9588102204802498,5.075839144637317,3.7235544932037348,-2.590326145796904,-3.8770843080674284,-3.6351435096740614,860.705669541002,109.30117964744568
-5.12,5.0810720680044605,5.12,1.1254213459993458,-5.12,-2.7611701496329837,1.1365474688007087,5.12,419.03102370359477,110.83483481407166
-5.12,-5.12,5.12,3.7110337365964297,-5.12,-3.23125446361023,-0.00799291268039859,5.12,503.4150115046309,112.36287355422974
-2.4160965924017552,5.12,5.12,1.2652217761901339,-5.12,0.25125502641885067,4.6298388838852,5.12,807.4964548289912,114.21495151519775
-1.1327274394362497,0.2832303377428058,-4.0636584811787335,1.9746444034348736,3.8192222956404924,-1.3387438925417388,-2.8275744083052006,5.12,526.1040956210236,116.05573272705078
-5.12,-0.6451064447525212,5.12,0.10624787611027475,5.12,2.767942600325938,-3.183853018866084,5.12,562.5763994672137,117.64744186401367
-5.12,-2.299358473810279,-5.12,-4.895620565221428,0.6156562219179174,-3.685320653541942,1.7773328258419943,-5.12,754.7686900655366,119.2380313873291
-5.12,2.301756311824392,3.810439783032817,2.429249065275866,5.12,-2.2828376017605088,-2.816010213543846,-5.12,764.1634190897696,120.8129301071167
-5.12,4.50504079063412,4.443768925687141,-2.345114809560813,-5.096067340751633,1.5054433897602815,2.2079448413506144,5.12,1026.8241385700023,122.64310932159424
-1.316389166310949,5.111532998237682,0.3632104072759441,4.1723242399480585,-5.12,-2.2955180345184902,-2.872045858618969,5.12,706.8529882896094,124.53708124160767
5.12,-4.15932787508972,-2.4165199608442913,2.9051473645210804,-2.3776171394468864,-2.1351624425027125,3.8814632679881322,1.5052956959049126,794.5289723070151,126.50379180908203
5.015695626324033,-3.654797520362437,4.714522578447414,2.2479875736878396,-0.5520862437001961,1.1520963748709354,1.481648278069299,5.1115287180365,933.2770424883236,128.38358163833618
5.0380569521643634,2.2348562206503058,0.29849864380917435,4.318846858721138,-4.464506335090978,-1.0508213163015947,3.296354855161584,-4.932534325108673,810.7639676087759,130.5180835723877
5.040594907329241,3.7992828317488323,-3.516133775500246,-1.9059162783183798,2.734022761448573,-2.889193331622855,-2.6169226841206648,-5.007373530172819,700.4098180486114,132.99221634864807
5.12,2.585467892846,2.3607706626931453,-5.102952860226324,-5.12,2.9974990587951043,-2.9584571596005143,-5.12,589.6293782741408,135.40942788124084
1.2857127433127156,-4.512413560359883,2.3677847259975167,3.5195223131158206,-5.038377198813386,-2.9887172665376385,4.540529108172211,-5.12,1036.8086540069264,137.54871487617493
-5.12,3.4134042273233307,5.12,0.8436479121708329,2.6436386900335993,4.124717715247825,-5.0967476596770975,-1.0639164225740387,617.1635648921734,139.44953560829163
-1.8863629157375112,-2.2318394351382507,0.1206559004092762,0.6065172795427074,-4.827519833320609,3.888994675090708,-4.846064206033673,-4.933656802268655,542.3810924493412,141.58340549468994
-4.288715188886798,-4.543747530065484,0.43301819168710765,2.310091353063883,-5.12,-0.11753199288102412,4.259290715953644,-5.12,949.709696328824,143.41791129112244
0.003162818538338996,-4.719729539073068,-0.586652222520315,4.336949964308711,-5.12,-0.9887191394458652,-2.67466266599146,-5.12,758.455281304656,145.94841194152832
5.0528412871397945,-2.207241996415103,-1.830411687076432,-4.17822967908435,-4.271936247734394,4.488162184102674,0.16277612732885238,4.895545259225805,682.6669244221067,148.10813355445862
5.107724862808143,-1.3459798998572996,2.43306849541802,-2.3682841966027044,-4.076513363364324,2.974504564186156,-0.6846828295777234,4.795451603405248,850.414886599975,150.4025161266327
5.12,-0.8077334104993179,-0.16581224926960392,-4.679541468332682,-5.12,4.817512546025324,-3.209410672074583,4.532415331510168,771.7012093400026,152.77117776870728
-1.8696722923389837,-3.9549531296215736,-4.200725226074151,4.585813466805848,4.837720064885203,-0.770131395520254,-4.435761536017057,5.113963447095405,770.1989193188458,154.75324749946594
1.489831721244233,-5.12,-5.12,-4.5936200931955815,-5.12,3.5323566600893015,-4.758155761806835,5.12,947.5152729692998,157.0539255142212
2.9901474719361394,-1.754636268538066,-5.006332420331516,4.8038760165759795,0.8649826562225362,-4.353478764078957,-1.111622275022496,5.12,516.5761577324496,159.24865126609802
-0.7801252826055425,0.7842020426008922,-4.017569977194734,-1.9254801168697173,-1.736252382615055,2.6859921914600466,2.03335004813316,5.12,509.9408716646237,161.1802773475647
2.8946842391470318,-2.5406792567256633,-5.12,-0.8483390156827078,0.9088628297662629,-4.742918251339486,1.017282381948462,5.058052404181919,506.3062249896252,163.2050497531891
-0.3015268179290924,-3.0627537171291603,-4.059505506974261,2.0647188317265917,-0.2248675627396075,-1.9191447212215502,1.8840105212615912,5.051959628182824,345.155622413164,165.06056237220764
-0.1299014457568317,-0.4438910878828217,-4.003952885418986,4.328215491960866,1.7729326728284596,-0.08473338049872758,4.707628290018756,5.0830992198290845,697.8147050888113,167.34929180145264
-0.48370473973382744,3.7233476940937775,-4.132712634992004,-0.4152051016412255,-2.4849297208883923,-4.960886119453508,0.9026923329554961,5.048057621063399,848.7103108146271,169.62171387672424
3.245513620117463,-3.704200668158531,-5.100226187339732,-4.508898236716474,1.6647757440003828,2.1235695150851974,-2.5472973285368097,5.12,957.5711109949278,171.78389167785645
-5.12,-2.3781485559927478,5.12,5.12,4.525919258574217,-3.127072027791031,-4.728736769947113,2.8526095377846286,780.5807012668256,173.77626991271973
-2.3145139484757484,-4.748238066135901,0.43928535201385177,-4.713593370870743,-1.5796017319011373,-0.9302147943416275,-1.3934022784029234,4.834051393302187,1060.2293911664374,175.94877171516418
-2.1088821933160786,-2.3661782199479853,5.008725145363743,4.816173064372543,-4.633182058001671,-2.282920411995335,3.732694528150426,-3.8763787676300634,789.9664504536784,178.30303597450256
4.10356348851943,-4.066347760853417,-3.5002888699691903,-5.011939425011259,-1.35265122876672,4.993185534642943,-4.2675270294558505,4.71107667903732,762.6064428420191,180.42503929138184
4.8480079040051764,-4.154699812750262,4.68195995189351,4.741015150204668,5.057705924185631,-0.6556524101963275,0.7591030582085834,-4.944331885646498,731.8815424025013,182.46914410591125
3.6715140751354403,4.842786210767536,-0.43394211961446416,-4.850760006342251,-4.836573537733385,-0.30700986975317424,0.5976451118914499,-3.8061558480953233,954.126715614625,184.69281125068665
4.600732353573057,3.218932812363575,-5.0950957204938145,3.67168629396033,-3.9085405767569172,3.28812511989275,-4.940092691732086,5.015063068285126,719.6541989936278,186.90611219406128
4.299367425046062,-0.25075433241867806,-4.071066263461164,4.984592307917759,4.898602009229369,4.632323628193038,0.9018162409712023,2.972273396443433,563.2871586679059,189.1821174621582
2.510309195095224,-4.24546900615701,-4.513167932110824,3.873353825032729,1.9073583139960908,-4.001486698041459,2.777916978781981,4.797745506330901,806.1786257572763,191.69404935836792
-4.493301989941826,-4.339565577664351,-3.256319137993068,-5.050768555981178,-3.004060768165079,4.8904774864058735,-4.418295855571792,3.7350075012807684,923.132073986342,194.07802963256836
4.866467005737646,4.651138440132164,5.075676927841399,-3.6808145105254058,1.2315941978350056,2.337212305001623,-1.5907960003462365,-4.872080218381651,917.7785942725039,196.4062855243683
4.747809862561783,4.834433737214982,-3.327545960509708,2.976013489235082,5.116342499333737,-1.0170855625381874,-2.1194719718699147,-0.09686159196233657,467.24268926217235,198.90571522712708
5.103509276694269,4.467960630246144,-2.9521842547516886,2.8014049103885714,4.461882832857847,-0.9088716221288955,1.8553762540080925,1.2435042864406327,726.9659527277331,201.35294699668884
-0.6521877065174415,4.453888197876577,0.894462887568177,2.7805012072405146,4.199246069246107,-2.8954254620442983,-3.9192542884790056,-4.687406780850195,788.1682366494518,203.72672057151794
5.108587233451231,-4.461368616719767,-4.5723322776721425,-1.357396469121542,5.086881487245431,-1.7666755265871625,-3.694789952267656,-0.9469862359329886,927.6426703495578,206.68062829971313
4.932641911145947,5.11980055395821,-4.325749306176459,4.22763509338773,1.8930597206983517,2.3827904012104284,3.9721123605111055,4.854474946767652,639.7105421091317,209.4290587902069
4.830608999082648,-5.07785150815429,-2.274354392407283,-4.005514541491822,5.067812916588795,5.011588511957615,2.1267611241398887,-4.258536192915012,466.9552254895061,212.08997631072998
4.87793311673216,3.8919240326280358,-3.1164710879305044,4.171297242908545,2.3939029218748127,-1.7470338895076676,-0.8243463855309194,-4.616510471530428,734.9559184251855,215.3402419090271
4.887725664485093,4.839389155071864,-1.6389065086666683,-2.957959111414419,3.560992564194307,2.7042490920819944,-0.04533101155067598,4.748969658012553,765.4158511705627,218.1303050518036
4.82190470028343,-4.245225446917357,-1.2334209794127866,-5.057807719987884,-1.0031651989588966,1.0360660969645776,1.4578289741419725,-2.80680442808941,594.0756416907475,220.86466264724731
-4.122207162304729,4.864387994427038,-5.021499116728632,5.104495933902014,-2.0417983504595036,-2.230186208544623,0.18879095798787748,4.859452855377826,398.65453196237996,223.4668116569519
-4.804547714573647,0.49021802595175856,-5.063183358082954,2.792776545663923,3.812932773429128,-5.026962076651134,2.7601927197201928,4.802528207746506,698.7821031335068,226.33091950416565
-4.628826917733464,-5.057016907190515,-4.810689957362346,4.957523121696174,3.2430913784008544,-4.5531501032277655,-3.505475567897456,4.194854802136402,953.634538041915,229.68618750572205
-1.404019894208949,-5.12,-3.994474103331272,-4.412762008958419,-1.598066397993354,-1.4148232105882297,-0.5434388224904083,5.12,1080.5818795215337,232.68597888946533
0.33901016798722505,1.4679136620882716,-5.12,3.6739162642402965,-0.24433151837367628,4.449114819612471,-2.563404499208917,5.0405568059130195,1104.7230844926544,236.66246438026428
-0.20026348250955373,-3.464390811357915,-4.035204143965268,-1.8285200819913277,-1.7983338731294736,4.585869692125438,-4.4674065502028455,5.099456353280515,896.4347414032256,240.14001488685608
3.8409542959433454,0.4075702395352572,-4.180820176541314,1.1329847183306887,-1.2390891664253467,-4.048181818821337,-1.452646449233967,4.872039006226237,721.703011359873,243.6313660144806
-5.109365209321153,4.879565639042581,5.023663311088506,5.026089172085965,-1.5598487240007688,-2.2162292037616753,3.756135619824142,-0.3567316037433246,704.6694633582118,246.96032643318176
4.8959657300003,-4.011230573504209,-2.996016954667575,-4.619846157267607,-1.561795676508778,3.9616389042403357,-2.387472271254889,-4.9833019768099405,684.9301690974005,250.21993350982666
-4.937734322627044,4.530942949209737,4.872777142862513,4.900071385804549,-2.2134469118822797,4.147982632324626,1.6082093720384494,4.405046152136442,869.7117994041967,253.12864422798157
4.11169220664027,-4.065621620260185,-4.938580006220787,-0.07754426236786927,-3.30786270229844,-4.352835650106333,3.1799007598807085,4.459063254217253,718.5641175977288,256.26890563964844
-2.4759654479525146,4.798171856156519,-5.060916058633233,3.542024436825348,-3.3514681708309784,0.20648449374434463,-0.5737368764698143,4.963020471077761,1001.0374228263217,259.74642968177795
-1.3855952694724882,-4.827480445991813,1.0042887296765945,0.5265387005225008,-4.947816048652033,-2.862557549251851,2.6521316478063026,2.8580675738422716,736.7554138808027,263.14918756484985
2.7332000345040273,-1.267556704918959,-3.4075693654542363,2.184093731351693,0.8407908793933565,-2.429044179801403,-0.11223574683767534,-0.049741039474018756,761.9136935913033,266.97585582733154
3.8208217724363402,1.928724293853227,-2.3268065720344198,-0.9569276658426986,-1.2640526068547149,-2.599319334155717,1.1363295327542096,-4.184017552948743,652.8516910309038,270.76370906829834
3.597776936863224,-4.4666859680545725,-4.8819732508027815,1.5943457950716429,1.0903995757420661,-0.6237312193868947,-2.5888800146258193,5.062834261479213,1061.3885178829075,274.53914308547974
4.048072303200317,0.15001095582984014,-2.1590778523892387,-3.0363601064765935,-4.9294334731099845,4.127049738658601,-3.8135423078935182,-4.226369229670349,384.5186027526988,278.5400528907776
4.9755450335161155,-2.1779141669374815,-2.180386966657519,-4.583670251387206,-4.38589735344803,1.7595388171567512,3.3575582237319734,-4.27368848638716,955.4647362960029,282.9331750869751
-4.312761554084841,-4.06063414413193,-4.0602660982846945,2.5118176790234283,-3.420525204171554,-0.03009781400921696,-3.6818325487320056,4.969500434561753,793.170587435972,286.45841360092163
0.261262319269874,-2.1703218767791266,0.8171564326541443,2.2167184116752505,-4.276163272932293,-2.1214043622126337,-4.471789828270973,2.9697720703388777,703.6273115809678,290.05769205093384
1.9332908309042356,-4.1949299994663685,-2.211398334837424,2.2318976972063957,0.13139662314723743,2.333467259066567,-0.6684065581458141,-4.087993057087459,639.4111001334991,293.68098974227905
4.366395865974584,-2.423511132530659,-4.128918631509518,3.533241888247608,-0.8773141110916161,3.6344240328963506,-4.0361655791522235,-4.22368931385075,967.7016490524284,297.5841362476349
0.500633474352699,-0.5988635994227396,-2.1314106229699457,-2.2565741279072524,1.8639846481997298,1.7371716481498662,4.891241751920524,-4.145568158118068,779.334290712396,300.8275423049927
3.2288461986288306,0.8987036247569424,-2.401715528974267,5.070209984361617,-2.696842705337586,-0.06713894909784202,-3.237430301477697,-4.271877299353259,723.5092171611844,304.33179116249084
5.0025720375125315,-1.993267615670744,-2.239104832898247,-1.1702252913128173,4.257489149887854,-4.442384392476066,-5.0677370287215275,-4.17575300864915,623.7392898057874,308.37675523757935
