-0.4210545808111892,1.4015583305193697,-3.618595543941559,2.1254689727417553,-2.3589873385216213,1.9579198823215735,-2.588450824006173,-3.5207160266274036,1171.4949212316394,0.46660399436950684
-0.3614231531738481,4.9075653798828744,2.8664622816966485,-4.121209989077647,1.0637642131903302,-2.440803554499928,-3.957400543012903,-1.0269827295986333,520.9300127900063,0.9252676963806152
-2.4617537214131175,-0.16701916241420545,-3.414863239337839,-3.1268053126747706,0.9253216345144315,4.542973417453823,-2.9549879957913636,-3.7518918644258017,845.2432339833251,1.2535436153411865
4.2314109887527165,5.12,-2.088794402194827,-2.140800117072548,0.9055345488353428,0.2985676862033282,-4.968850456172856,-4.120977973614431,439.48826902075535,1.65415358543396
-3.172311732157918,5.12,-5.12,5.12,0.789307175478017,5.12,-5.12,-3.6462479892687423,579.8940102873894,2.407383441925049
5.12,5.12,-2.9093560089050134,-5.12,0.8701624192355846,-1.2260659289025768,-5.12,-5.12,409.5864991563586,3.144228935241699
4.504528640022914,5.12,-0.56674252831088,-5.12,0.9924095330532667,-2.593991964395719,-4.793121398813954,-5.12,858.9593459315386,3.5820250511169434
5.026702619904687,5.12,-2.8716354030860205,-5.12,0.9680922261524856,-1.1351128575516252,-5.12,-5.12,317.13884924439253,4.146529674530029
3.8829337116776648,5.107095739043211,-1.53551115645329,-4.560765849323458,1.7867436098349234,-0.7388898840193061,-5.12,-4.03201585301053,761.7131415233432,4.546626567840576
2.4264795679782143,-5.12,3.6540465011848413,-4.405864489496711,0.07273537850835243,-4.327262169000241,-5.12,3.8438729155060836,909.3282908945503,4.922517538070679
4.8564467531318245,5.12,-1.764584727445901,-3.342283164276033,-4.385590460008948,5.0949884953692655,5.12,-3.758965932307402,774.3711277752931,5.332427501678467
2.671591627435223,-5.12,-4.353603230374255,-4.766393753883341,0.17556407225824167,2.0952645923466404,5.12,-1.4078891484234237,815.4744372770188,5.817781209945679
-2.6633534996002095,5.12,-3.492862726002202,-4.802106607850764,-3.680884188180829,-4.337459101301447,5.12,4.07703314005995,923.2961326406464,6.257168531417847
3.8403060777048976,5.12,4.244458818984762,3.9125218670668973,-2.04883610866956,0.8906969330971819,-0.9470330815060608,-3.3907770800136126,486.4667130417876,6.681509494781494
-0.40568480077170044,3.872129282484676,0.4354635201940811,1.6022413291083346,-3.844892292541483,-4.982656746983248,-5.12,3.7692447478039286,842.9099896194367,7.206348896026611
5.015646485309785,3.202945275096414,-2.112061041034082,-3.6883858836391217,4.761652748724427,-0.6260496378012244,-4.881962906718969,-3.3864846056550455,809.5449358425201,7.728684425354004
-2.3839484759715703,-5.119380185234797,4.015342211785566,3.4053524034251437,-2.069076714902035,2.455459409271832,4.992249668577984,-0.9096604898711886,701.5588553938661,8.415998220443726
2.340651959369117,5.12,-4.773547407740592,0.32422020266348905,-3.190402080978085,0.7216983153701912,-0.5742746831876158,1.9804598602167065,851.9590940049733,9.199987411499023
4.731174252738735,-5.12,-4.4568598569494515,-0.6754460857079065,-1.483904310103609,4.96428764083939,-5.12,-5.12,884.7975292471821,9.943614959716797
0.5798795903882823,5.12,3.0527283191476675,1.2056329878580945,-5.110715107735359,4.759365267899201,-5.12,5.12,602.7755758733657,10.46562147140503
0.6928898928511469,-3.2837647669585555,-2.229162470657363,3.713379433646071,4.706373705786276,2.884334376531803,4.873110085602025,4.439453154235104,945.1928814291191,11.090294599533081
1.7686307460492978,5.054770168405121,-2.4363960347063545,-0.39697391035569485,1.086948137747095,2.6040225133614907,-5.101424409486405,3.515456306577673,960.293508499783,11.533583402633667
0.6032441907152917,5.092288377468081,-4.438034582130385,0.9224186698010239,-2.6028051111348502,0.6565034180863663,4.344116590104364,-4.7229316151347644,1103.373705474819,12.354954242706299
4.935769888100675,3.7869885586203074,0.6777757662800061,-5.106417530675491,0.970158507353359,-1.0830340838042751,-0.4027232744016196,-5.0682690539867234,549.5864167998503,13.085395097732544
5.115832629763765,0.8306853131830145,-3.8231314081225847,-1.2165718231321017,0.5183293356861496,-0.5638535049603686,-5.12,1.6715956738629476,849.9319857451765,13.779577255249023
5.030828230163077,2.2221545425689495,4.7951022551788585,-1.0352900077282312,0.6972863168216126,-0.5702382427238382,-5.12,-5.12,643.6469464491522,14.590669393539429
4.534501456773392,1.824252991794813,-0.6617004996269706,2.427535896999257,-0.6175192621064074,0.6352546053226762,-4.394033776380312,-5.12,1217.4077202157941,15.264913320541382
-4.6011720394991364,5.12,5.12,-4.966562540660536,4.346639807336284,-2.4935273334945958,-5.12,-5.12,823.8589637057089,16.145739316940308
4.928621805370015,2.865639845144206,2.055590373727207,-5.062288386584543,0.9725984229068887,-1.085450653255375,-5.12,-2.3881103543245934,372.3946478854494,17.024126768112183
4.094342837638126,-1.5710685265840572,-1.9363392893314613,-0.9521144284541689,-1.3494956541534693,0.19332332474755543,-5.051715121024247,-4.2006937260438,586.9579487490951,17.85865616798401
4.952631249626596,3.251591135472869,2.1892719799973452,-2.7535234735225065,-1.016840066284475,1.7370013433672833,-3.926818023779962,1.4594609545184314,650.9000046645316,18.517730474472046
4.692297328845254,5.12,-2.6550786764755574,3.9562219548067032,-5.092897077503755,-4.045666288064739,-5.12,3.9253257117973517,535.9117397763384,19.153589487075806
4.737935402934025,3.9999829498931385,-2.833854918917112,-2.8378712489558517,4.191466207294348,-0.9007002136594586,-2.0446233349551415,1.2682448386995144,481.7712075024711,19.86493968963623
4.729990017061341,2.226308972627593,-2.847587186658918,-3.890788182372097,-4.16790348646628,-1.6926245901168482,-0.8192140347134469,-5.12,631.4170254476265,20.731266975402832
4.616059389115493,5.12,-2.7388637125911486,1.7980822034857793,2.064419017192341,-0.30690390975856285,-3.4800227167357827,0.47166350872343443,994.5657896402533,21.797277450561523
5.114316580664863,-1.4137626580379892,-2.77845015232432,-5.12,-1.7084196292749634,-1.163231232353549,-3.314180095282826,-4.779497167875677,814.6779687095034,22.38807988166809
-5.12,-5.12,5.0159609625146055,-1.1614917843324322,-0.031050297108860647,-4.344984977678636,5.12,-0.48408383714731507,610.8872145104637,23.080986976623535
5.12,3.8795148792848186,5.12,-5.12,-5.1131626336742775,-0.06954793993132835,-5.12,2.966789835922614,326.38038603959285,23.708418369293213
5.12,4.176576444111258,5.12,-5.12,2.751203622764753,4.433072355728547,-5.12,5.054978975088075,635.4126421153576,24.51823377609253
-5.12,-3.4097477157764255,5.12,-5.12,-1.7222667639222031,3.8757242479489404,5.12,-2.4105610068202417,763.9692019982406,25.267090320587158
5.12,-5.12,5.12,5.12,4.937533661829172,-2.8411935556375765,-5.12,1.6084332653877915,532.6910282912904,25.861034870147705
5.12,3.8824429926749877,5.12,-5.12,-2.854955002280342,4.954157029304738,1.8796071092911344,-3.18669621927624,378.8586627020133,26.402308702468872
5.12,5.12,5.12,-5.12,-3.523942119274735,-2.383390559700722,-5.12,-1.3723484861306465,829.3017970584885,27.011662006378174
5.12,3.0531021114652974,5.12,-5.12,-2.216234536192412,5.096683978650764,5.12,-1.7177556078691123,478.9008837570119,27.562984704971313
2.264602217825642,3.3556350058539453,5.12,-5.12,-3.011946433559547,1.1427980850562927,-3.194176947546784,2.8112464900684344,588.2790976759989,28.072449684143066
5.12,2.5815010370488096,5.12,-5.12,-1.287227405328058,2.9160589685423206,0.4970681754843609,3.010268178922135,710.216371713695,28.592227458953857
-5.12,5.12,5.12,5.12,-5.0953047361832144,1.131630831250682,-1.6545554656669408,4.584435488098765,656.6563618759753,29.155951976776123
5.12,5.12,5.12,5.12,-3.956372598631562,-3.278542900957995,-2.493837117007944,3.6333334500201717,747.5019044310463,29.722594499588013
5.12,3.843507727574427,-5.12,-5.12,3.7048331774804852,1.3969279859887056,-4.953742954690756,1.3017856199737246,705.1188288924968,30.44231939315796
5.12,4.402024391559519,5.12,-2.2821807754421655,-2.283433412116643,-2.932755861005717,2.9230280220535994,-2.354450569227761,762.9815072373734,31.11441731452942
5.12,-5.12,-5.12,5.12,-4.842219055187723,-2.2081263198793994,-5.12,-3.0353968770291306,425.8250740365155,31.647599458694458
5.12,-5.12,-0.5395572948158511,5.12,-2.7012442363262217,1.5663339544286519,5.12,-4.214953943509287,837.7584056620334,32.21132302284241
-5.12,-5.12,2.0189374310043045,5.12,-4.9619217396868915,-3.625469852597883,-5.12,-0.1143447518552918,453.89844860629836,32.85331320762634
-5.12,-5.12,-5.12,5.12,4.880652597669351,1.7913064997888828,-5.12,-3.213764226953085,482.53390698208125,33.51733112335205
-5.12,-5.12,5.12,3.127274500668423,-3.8898929532862807,-2.119892744892915,-5.12,2.984696020960647,332.4012070681274,34.11186909675598
-5.12,-5.12,5.12,3.030041533754601,2.3907651647868864,4.598008811707211,-5.12,-3.3222980492744,764.990120215421,34.82733201980591
-5.12,-5.12,3.795787510003719,5.12,-5.12,-4.699639445386421,-5.12,1.8699992455967633,540.8679801455262,35.536935329437256
5.12,-5.12,-0.8337722256564355,3.6313482858577,-5.12,-0.504758132359421,-5.12,-0.5998836504248413,826.2627037073662,36.156206130981445
-5.12,-3.531555943199699,-1.4394338506861692,-0.2919047199779934,-1.9540766856184812,-4.163499817673786,-5.12,1.7715143986954498,801.4129958713249,36.76631021499634
-5.12,-5.12,3.475145025667598,5.12,1.3932640406579866,-3.249146455981114,5.12,2.3644467483845073,885.8946106162041,37.4077672958374
-5.12,-3.986656253764421,-2.117799095825662,5.12,-1.2680672941575,-4.1518004391868555,-5.12,-4.558394815754219,593.2825354267152,38.230892181396484
5.12,1.035636867497118,0.3689615858724027,-5.12,-4.161475760089683,-1.3946514699043027,5.12,1.1702188047376465,630.2964255878846,38.86015844345093
5.12,5.12,-4.235451881254655,5.12,0.763853695318601,-4.1770383634052575,5.12,0.8298004873830909,539.7875317728286,39.466411113739014
-5.12,5.12,-2.8282111788660655,5.12,2.362508216647016,2.967931158213603,5.12,-3.6184275429021975,642.1060868241759,40.072065353393555
5.12,-2.8431637848735174,-4.42614673197469,-1.7049861871126648,-4.494405578304006,2.193965158446079,5.12,4.855281676710576,851.9087604823001,40.73844528198242
5.12,3.6238726822248397,-4.262110460341406,-5.12,-1.1328133952365884,0.33633523176602154,5.12,4.4763249318584455,874.8607849180476,41.35671091079712
3.868338056254534,-3.809912300097894,5.12,5.12,-3.7059681279661696,-0.2858441886279328,-5.12,-4.3524993229663025,727.429043482071,42.04055166244507
1.9413299209306807,5.12,5.12,5.12,-3.952733678005466,1.5820244315865315,5.12,2.8961406513106143,462.2071434483399,42.74045991897583
4.4620728947996,4.092607065953859,5.12,-2.9587039018853596,1.484266294493466,-0.3413175461160476,-5.12,-4.299452297813001,874.1967791980692,43.51388335227966
4.051204577838095,-0.7711669698119339,5.12,-5.12,1.6168245714759815,4.13223781579246,5.12,3.3060298180541414,640.7563727159152,44.420570611953735
-3.9585885007564374,5.12,5.12,5.12,0.9528293525429801,2.6941096440504433,5.12,2.242708866166314,479.68258777628085,45.1527214050293
2.9091243938760014,-5.12,-5.12,5.12,2.879039175179818,-3.127836833868584,-5.12,-1.2759901564530112,431.63300898451587,46.01202702522278
-2.1903057483050317,-5.12,-5.12,3.026541718627029,2.3565823362229574,-2.640674386485658,-5.12,-1.6014627037614675,759.6015664119672,47.321869134902954
2.1900110018839314,4.194564607932345,2.327982034220999,-4.574685217895663,2.6794928260092865,-1.0921063776974895,-3.9832072752624983,-0.16444051428634143,746.8162423667231,48.15457201004028
-4.951053049153443,5.12,5.12,5.12,2.9108930516391736,2.591498881496653,5.12,-4.805217978906347,545.9440090155681,49.44378137588501
-3.9491482145007,3.8467239898406147,5.106626169993645,-5.12,-2.194296644579014,0.9077494406370139,-3.2435952548848146,1.2221199684401007,457.6095105625518,50.70063138008118
-4.330806544735696,-5.12,5.118716548977738,3.353774200758747,4.167429777930837,-2.3771704530980298,-5.074135590053253,2.635679587885196,899.635759088954,51.6060516834259
0.5684028695192351,2.106737903969493,5.12,-5.12,-5.12,-3.8915721258988496,-5.12,1.6118520251366268,646.9650337492685,52.667742013931274
-1.1769844537220995,5.12,-5.12,5.12,-5.12,0.756927895186899,-5.12,3.0051941483246845,428.99422873521365,53.70198106765747
-2.082825150561546,5.12,5.12,5.12,5.12,-2.978449637485627,-5.12,-0.5938259397104728,477.42365737726277,54.55203652381897
-0.7235707071438444,4.096571627137895,-5.12,5.12,3.1111080848868786,2.7649620506103734,-5.12,1.9274799516684142,456.88809086424004,55.461419105529785
-3.8645277237436906,5.12,-5.12,5.12,3.7873224473018405,2.8159086535145263,-5.12,-3.391961825425767,610.4319943036144,56.600921392440796
4.802997028846472,-5.12,5.12,0.6653707776691338,-2.4107566599795,-5.073778831521451,5.12,-4.351319103368808,806.6567511567138,57.93571329116821
0.5377922309373044,3.842835847623612,5.12,5.12,-3.4286846778319107,2.2257232912661244,-5.12,-4.071898720899021,735.3797252850104,58.96493124961853
0.20022076769319153,-2.7637060549644166,3.978936663321597,-5.12,0.18181348139588316,-2.666129882854691,-5.12,2.983960009836596,516.9491352624431,60.0612735748291
-1.8755925158906046,5.12,-5.12,5.12,-2.81078581863066,0.1196403082806139,5.12,3.6388484011678406,520.9463944090149,61.09078669548035
-3.6945882600035183,-3.084041180857846,-5.12,-5.12,1.7139558054078865,-0.8896582573388967,-5.12,0.36236651164915124,645.1329936309398,62.11124515533447
-4.398769182432674,-1.9498557059735653,4.840212015866361,-5.12,-3.744588948066281,-4.070390624403277,5.12,-0.49515677502299305,728.6960404416036,63.65990877151489
-0.15768554029662862,3.9453316161867376,4.399690799658159,5.12,4.883977992482866,-4.664043926785002,5.12,-3.1316164703697806,637.9450925760146,65.06150341033936
0.20120616300426164,-2.7847873147989652,-0.629090081538985,-3.0893145712973187,-0.6220714282084119,4.317699938409851,-4.788968918287237,1.0551746160575952,788.1297327075872,66.63752818107605
1.3938719168320652,-0.05075124488833449,4.338188277031084,-5.12,1.7688318951629292,1.572165439253519,-5.12,-2.262848715041104,860.5143431588263,67.69160461425781
-1.6104830648342356,-5.094135384592157,-1.983523455141825,-3.0093635534595293,-3.5056526271387085,4.71868629184659,4.95996746384317,0.1113067551813911,641.3641184947961,69.16013669967651
4.77967813981368,-4.982745696424567,-0.2118111053839664,-5.108382781976668,-3.8310253673360055,-4.304435339045143,-5.102453687074703,0.2998591568382496,649.3632072393309,70.51764249801636
-2.184089820977487,1.7037936110770424,1.8354260655356178,-5.085319244975002,4.954558711762155,3.3746172248228374,5.105765087728902,1.6629654961128981,700.8223848046744,71.59157013893127
0.12215210808552435,-2.759532040702218,-0.6697996713770422,1.6770359063302696,3.0028425023115703,4.764470204496662,-5.060937346714533,3.0626349449314754,598.0140174034166,72.76445937156677
0.6036014813441168,-2.3002812316661068,-3.9983917211661373,0.5005193476524603,3.860745937439108,0.8931552496050781,5.078528808827824,-0.01734913948432215,644.1321061893049,74.5544638633728
-0.28423022893611094,5.12,5.12,3.718318701242736,-0.7873304046059291,4.945020611945156,5.12,-0.4974622146489107,722.9505999445655,75.81561732292175
-3.1425295039137353,-1.7823302301526502,2.3940414899284885,1.0703140660636539,2.027132672536988,2.7141304098332855,-5.109637566630349,-2.4847142527290695,715.3892729677751,77.38738083839417
4.221429758918245,-1.2639972873861027,0.23795505681635998,-0.7474442468495317,-2.5302631011010597,-1.2119123088670598,4.989452184202185,-3.867894449694962,759.9624030438956,79.1131112575531
1.1585262134220295,-3.5634877572859964,2.5621028535365884,1.0309625750629205,2.3854381793430006,2.8693840010152334,5.04756441463661,-5.117601183300875,756.9484520498818,81.32500648498535
3.4176595972200188,-3.2017528235652533,3.2782852892553977,-3.1285156678677053,3.9277152560353796,3.6115575046565374,5.096239896082921,3.0743727945559405,726.9828063730852,82.58021330833435
-2.191420278637633,-5.0390936098426335,3.485504865224729,-2.251563583941642,-2.7425365021812373,4.01083631087812,-4.928086480012533,-3.7457299862332025,694.5639996262339,83.77410340309143
-0.4374134283914115,4.2016215551667,-0.5999623529353082,5.114913241993167,-4.975244645421476,-3.012874347693359,-5.011408609139141,1.9807526301102136,578.0611807146074,84.90345478057861
-0.3118341382252776,-3.3487667916298594,-4.952671191009593,2.4704635217823263,-3.471202612659007,1.0054494898188135,-4.945545930116818,4.125943055136488,829.1209764215787,86.51739525794983
3.318114286688828,4.2030505938007225,-3.816437978384029,5.0414902305950315,-4.037455402316653,-4.127315406062397,4.800754618050147,-1.184978331964536,563.7130417909855,88.41046690940857
-2.5971337182030805,5.062548714850073,4.736898665270206,4.83900395044886,1.2944472371145581,-4.582791772389826,-4.798402321996054,-0.8865045874289743,878.2161817657225,90.18304800987244
3.0039209894491394,4.556908068474855,-5.12,5.12,1.3196030700798618,-2.421462763808536,0.35979636468222687,-3.8201244247347637,903.8742051646492,92.13541102409363
4.008486332911857,-4.764494792868758,1.905244071619892,-5.083489276525548,-2.8938846356262475,-2.308947111734296,4.961018127607178,-1.1918952578192772,454.57244003316305,93.78540921211243
1.576013510882154,-4.972076976027321,-4.730901487222816,-4.987165906535742,0.9209991542577045,1.704845341623809,4.277482988779538,3.8108202868665595,733.6257966463894,95.35895919799805
-3.655475737511078,-3.181057717275924,-4.162992089032984,-5.118323551999477,1.4816300942514546,2.9611939288443354,4.986004152861542,-3.161583968706373,651.1536303505306,96.71149897575378
1.5339983047996695,-3.8431414318282373,1.3711122405560285,-5.115389707677649,-3.765729118449576,4.823775328125197,-4.703420425074499,4.494120802890122,1035.7443805083014,98.39225316047668
3.5407333632498412,-5.012659426039165,-0.014883658217802243,-2.0109071330322585,-4.886651330652593,-4.12750493047986,4.891395739247064,2.507699376460801,587.5614308344827,100.06138443946838
2.1029311080625783,5.056770428025778,-2.28181680804116,-5.117003336267485,-3.350418153865672,4.603598571923917,0.3609866408468063,4.470161431240302,987.0986866802198,102.0168707370758
-4.160807567859047,3.0043892012108158,5.12,-5.12,4.537066934544732,0.1550376086755989,-5.12,-5.12,548.2136513203191,104.04717111587524
0.2165869365878379,-5.12,-5.12,5.12,-2.627645929106464,-3.6719952913381304,-5.12,5.12,682.7809100294153,105.98843574523926
2.5944171768819686,5.12,-5.12,5.12,-1.0009918245973521,2.0345656545051316,5.12,5.12,463.72456153033056,107.7807776927948
0.6438264813696515,5.12,-5.12,5.12,2.6018742230089735,0.049599446610711695,-5.12,5.12,620.6668605101232,109.84915089607239
2.765854252942951,3.0262323049702653,5.12,-5.12,-2.811868277275726,2.54845345371033,5.12,-5.12,593.389696616051,112.06610870361328
4.934583398011481,4.150591098590055,-5.12,5.12,0.4247912649778369,3.931957122780056,5.12,5.12,518.3811625706228,114.04028844833374
-2.9140198602461798,5.12,-5.12,4.121770548691713,-0.048831507408351627,0.9374146006314508,5.12,5.12,294.0445008018854,116.20991635322571
5.0376750100667715,5.12,-5.12,3.9990782386929213,3.3800616440264806,1.112593741660639,5.12,5.12,467.0150809342923,117.89119839668274
-4.576341541531246,5.12,-5.12,3.9956807831449845,-3.1323471699979617,1.5139496322414256,5.12,5.12,683.2776887633261,119.91006326675415
-1.427563630063521,3.8624888265210773,-5.12,5.12,-2.0013861190778757,-3.504156442604742,5.12,5.12,671.3621315328477,121.563227891922
-4.185546223453906,-5.12,5.12,0.3770670077441052,2.931024233952207,2.556395174885325,5.12,5.12,681.3133263200523,123.8106415271759
2.911705749928692,3.1996878843877914,-5.12,-5.12,-5.021957188369733,-1.0416963930891958,5.12,-5.12,346.56341831578834,125.90607619285583
-0.048442404785063786,2.3874879657223937,-5.02239828002192,-5.12,-0.6452212774657058,0.7938394819747039,5.12,-5.12,607.5294871206889,127.91879987716675
3.6977438384685835,3.9019149561546937,-1.9920114525287334,-5.12,-4.151390791602031,4.401696717084209,5.12,-5.12,603.651991902005,129.9830870628357
-2.24633208818788,3.1364914940172257,0.37808829943157285,-5.12,-1.565497150308977,-1.7053762312665488,-5.12,-5.12,804.0008467827914,132.22163343429565
-4.058606022405181,-3.0345691611844923,1.7844908697424078,-2.4576572446528697,1.2032601357870014,-3.833492941731416,2.9444171254730653,-5.0642833299180685,504.4475242945142,134.4651665687561
-0.2798122556627076,-3.9290777084112554,-3.310379505370325,-2.4543883703687,-0.4938874617806803,2.9739304295528752,3.7422648283103017,-4.841464222488691,892.1402223069317,136.57869291305542
4.454634560605238,-1.0294076548690736,3.816418392240185,-5.06327031248071,2.8136127642035573,0.363291255344369,-4.814573891562278,4.990275426661671,669.2974535683627,138.7641417980194
1.8635487099655252,-4.82370715040677,3.549321683559188,-4.778579549644653,1.1879808241934482,3.1471039108264174,-4.717104216912799,-4.96963986126019,711.8011838506393,140.9712119102478
-1.3234158559822449,-5.0683597858852725,-1.4265392003022384,-1.142067411464633,0.17012993423935896,-1.8690582206192068,-3.8401330653053503,5.0606623197940435,592.4480545571033,143.57554244995117
4.118032422916548,-1.7314293687466562,-4.934961129637749,-1.4005941169474938,2.245287263066473,-2.693673142863857,-4.8195316077306245,4.852658655342069,761.8671425453826,145.88837957382202
2.9830194328742925,3.2390662479804258,-0.4567715405836532,5.081052547942794,1.7217292980607883,1.8193673976637044,-1.2020562425701518,4.987793013166541,626.8164773819494,148.20274090766907
-2.190823666338906,-4.8917110986655485,-4.6663185896174495,0.6087983195442721,-0.4638879270113394,-4.77700308708153,-2.5614302063551664,4.87192388668356,1021.7258016592592,150.53954768180847
-1.6502894607948013,5.065288060841202,1.6612785965488932,-2.8825039661307548,1.4012230954619271,3.360210674291774,-5.0721401619195685,4.525949500449399,998.7473723403891,153.1441524028778
-0.5875901218250474,-0.6874095020522555,2.2723840406031854,0.3986433897133903,-5.11664961592967,-2.983159232154226,4.7311394604951085,4.742910107221923,946.583281441262,155.82876920700073
-3.061494061039263,-3.08911899608031,-0.2778114870501245,5.007587316289823,-0.6998865513226384,2.7440062122537165,-4.465221506626136,5.005698650507214,669.6469868066816,158.27978467941284
4.63717857227543,1.730695785871939,2.546841265766793,-5.086967114961469,3.5175515285944465,3.762281741155017,-3.3469298336684834,-4.6580824050683525,1207.2358635365886,160.82064270973206
2.082801758447272,-3.6620578244564754,-1.518623399799539,2.8827010933277135,-4.6231259886404334,-2.071204516985134,-2.5399219563903377,3.021718424992188,839.776257661149,163.17285323143005
-1.1383381627540472,4.705982241437407,4.320392218049553,-5.064819720253373,0.06484928717516159,3.5523421620407047,5.076250072993756,-5.094012047279581,676.8746397399025,165.36861515045166
2.888753286691876,-2.5899545513596256,1.4865293307655545,-3.4490294596587088,2.2476779856652715,4.545185477757394,-5.0889794901917025,-5.003953048797286,1018.0563629297194,167.5530970096588
0.25913929978309547,3.470646607813616,-3.9100915944043733,5.085789898581299,0.8695251599742351,4.89558841145877,-4.181631567388129,4.129903171782554,588.6651255015041,169.75069403648376
-0.49695799513327543,3.8965210454713572,1.1271953649705093,3.4547100153471826,-0.5338273146537151,4.736187021485152,2.645780188861809,4.912912491833089,1011.0438974780636,172.04601407051086
-2.2945001322113825,3.307501855920836,2.5384580341846252,-4.8161098559525355,-4.300612280224117,-4.491383409382569,5.052309567331071,-3.6411655503848235,1142.631558620325,174.85923075675964
5.12,5.12,-3.534124576821819,-5.106809081601493,3.221756609003239,-0.5873270625358122,-5.12,-1.0399652976367824,700.5289512689387,177.9806706905365
-3.352393784977667,5.12,-2.681477554869623,4.204204125287046,0.5224402124844154,0.7888674519606322,5.12,5.0202603907230765,817.8210038804766,180.27794456481934
-0.5349147123190745,4.993390542588354,1.9420445119841894,2.9620287717025198,0.46101638671938616,-5.12,2.0842939123924964,1.4233757236544031,704.0935130182146,182.27664375305176
-2.1184046358740454,4.384239713335277,-3.0294526877657986,5.024299277082094,-0.5111459949984036,-5.12,1.002418111503192,-3.3193434281212166,669.6883949148751,185.35598826408386
4.113393289514202,0.1484745810829553,-3.0095317647624276,-1.729062134213334,3.9216638760553506,5.12,-2.77864104024497,4.223056607925817,478.4354186586624,187.98477578163147
2.9534718770563044,-1.9238257731086748,-3.008772811367843,2.3791488889763084,5.026370957329584,5.12,4.956389608927815,-2.14275634739664,365.7393829871617,191.3403000831604
-1.032371582285089,-4.215396484107359,-3.004920048531148,2.181966453978683,-2.613842008467246,5.12,-1.5223843099243526,-5.12,661.9949296715884,194.43632555007935
2.8264392472435995,-2.4776737422814668,4.119116483087432,4.911328656480246,0.1384276958949,-5.12,3.295175114310976,2.128175460768049,612.8201568336461,197.27053952217102
-4.273442690506734,-3.2152279450502195,0.8185868061299315,-0.3311193896525646,-0.8915822837337606,-5.12,-0.5348478562918464,2.7789040054774317,793.3899809968451,200.2780315876007
5.0612914863891225,1.820584999391925,-0.02614924555010667,-1.2215696342775315,2.6791113212646334,5.12,-5.109296899374599,-5.073758487994231,467.0576097666376,203.40019369125366
0.4875947019229194,-3.0207466296982157,0.04622168594649345,5.0138200243148825,-0.308901302647544,5.12,-2.4093315970387335,4.595045194183549,823.013486822941,206.19278836250305
-4.6102421110147365,-3.732355234508846,-3.0097283149733918,0.70293375114084,2.3174732841031105,-5.12,-4.78473805887362,5.12,816.467620149486,209.23996567726135
-2.025399389167128,4.176334898878461,-1.8763037381657508,-4.4321685438528124,-1.2949730339953778,-5.12,-4.429926140104516,5.12,767.3781895703136,212.77005290985107
-3.8185263761027555,-4.605333528375493,0.6371120919578495,0.5716806280540245,-1.2488720469907104,5.12,3.225262054086934,5.07335981331268,914.0947589859369,216.16145086288452
1.5758833590018444,3.2959771023654474,-0.16453111949993193,3.4415809864157856,4.744133349922733,5.12,-0.6432595092218616,-5.12,980.1271699226228,219.5370578765869
-0.4750963141096012,0.1274776735421792,3.9750703386510287,-2.8459784912395882,-4.057095225392714,-5.12,-4.571977302800917,-5.12,638.139003550197,222.8190245628357
0.6534507939375569,3.044326913558387,-2.9563865175996225,-3.839895311152711,-4.859110895459115,5.12,-3.7716764310679523,5.12,511.83125452160186,225.78303456306458
-3.745404519798327,3.471506142869443,4.905543071518937,-0.7512902324212449,-3.6601000383021294,5.12,-1.0244903363659832,5.12,744.0789975399729,228.62594938278198
1.3879791883440094,4.485611932605662,4.11795898009039,2.7776628921323496,1.4003352048664262,5.12,-1.268189159084705,5.12,934.1185480243622,231.35427808761597
-4.254746621382845,-0.4875595900554792,-4.041891868734085,2.3583164453726466,1.6020997192450421,-5.12,2.7996579847608007,-4.773620799986559,930.4284791829278,234.4259970188141
3.760314492965711,4.146895122126053,-3.038289434491949,-0.5704681777436109,-3.837098114876561,1.435060880091088,2.573726625555863,-5.12,873.2502519270485,237.61955618858337
3.0579199879688046,-4.1258703302207635,4.586064138414357,-0.27898275146742524,4.011527377242094,5.12,-4.598802163388758,4.394950932142748,858.0266268956043,240.68989324569702
2.0459932380373855,-3.2179005584217792,1.9901087309459244,-2.701451577118861,0.6770676041920511,-5.12,-2.7604477813669313,-5.12,592.5312913319792,243.91572785377502
2.464152462766185,4.947954383900496,1.8352279435267551,-3.631905146695476,0.7855001742416938,-5.12,-1.0986247864351286,4.878684483981529,669.5235036036137,246.4420039653778
-2.9708153341153105,0.004249311294008962,3.8224758423823078,1.0457389265034047,-1.6057665438895299,5.12,2.7113696268568024,-4.633784367720757,640.5394128600667,249.37386393547058
3.8188806737159817,-2.6266278166344095,-1.278170167721425,-4.767079760716755,3.7116583325525445,5.113712751920976,3.0876177261095004,1.3704919383547107,863.8890321262056,252.52114915847778
2.5469892020861957,-1.8121033232062178,2.9310084737175854,1.7914541704625977,3.5830102785565243,5.107831052042292,-2.3807893055773395,-0.5639738320018912,981.6728528099266,255.9440460205078
-1.7980840599274281,-1.856657895382655,0.05572602422799733,-2.7873991948476395,-2.536552802869025,-5.1130488219541,2.3683490715067057,-2.70466519953206,768.2280224863964,258.84339451789856
2.6061552636147027,-4.3355853220671925,1.9410357359471062,-2.1105779957015387,-1.6983210269947766,4.988617488197126,-0.041107573238937434,-4.5393614097458475,774.3772145778455,261.64661169052124
3.6128856373670777,-4.442528890927326,4.20882616275876,-4.034623525171424,-2.8773791377464937,-5.11503544470416,-3.9147099970185097,1.9672622388904184,635.9982080977088,264.5193119049072
4.290485483148628,-2.006678187691922,-0.33060305384312283,-1.2325403867906188,0.6409449026217944,-5.003277737488488,1.1621513414487143,1.3939579314374138,805.0930138036507,266.74717259407043
-2.881173790115909,-1.7318721766998495,1.0122922056343127,-4.471474807116353,2.1855794083570643,-4.8685586120222215,-2.124133069988316,3.7905009877098115,612.9000858593273,269.561203956604
3.9331230481394703,1.954268987677036,1.587659495606463,-2.994815448245099,5.051110866228961,-5.100193008283776,0.42801579362415776,2.8694051027668728,534.8294044175191,272.7672369480133
-3.282631333212154,0.6986393654033023,1.3427673280317514,-4.486624678561708,3.2912188138378022,-5.12,-3.0731848112558025,-4.9419632174173875,880.5492505744119,275.6257495880127
-1.2536990015726248,3.592898567985734,1.7106671487324503,-0.31941934154423013,1.1179219243766605,-4.975105692940048,-3.2883977596186478,-0.352692347607805,918.3933326998615,278.24933910369873
-0.014826709843259067,4.4145032484944595,0.8629512411393092,-4.926419752887909,-1.2820214745373035,5.020584708816858,-0.40328029393590104,-4.086828282113711,637.3348825915491,281.43480491638184
1.2439909013357484,-4.436471222491648,-1.7341526032822987,-4.69819887257186,-0.9946094444218048,-5.050502088658558,-3.7748844164729416,-2.72464407512758,830.1033261947032,284.2731423377991
-2.789949838037044,-0.845299793884819,-2.9081530738330907,0.48066612880919557,3.81705794777925,5.058663784680632,-2.8820596741455966,2.7728617025849704,585.3237549151778,287.16965103149414
0.11741098975527642,-0.1522542956500592,2.0665040450313574,-0.7461852016375436,-1.6917037783260578,-5.103812186335323,-0.44374238436583635,0.15878506248306845,609.3063323097441,290.519695520401
-2.608762806335008,1.5499664002793576,-1.215082728537161,4.7985061122232215,-1.3098290192687712,-5.115385568466779,-3.3996945089034307,-2.345848578822799,1098.8384114589103,293.78888463974
-3.827729706254096,4.004587788592425,3.8749557394542586,-5.035021667105049,5.046111046070544,-5.109321802529036,-1.6989747598897242,2.5502466817289484,570.2718143781037,297.42280077934265
-1.0425931406956606,2.974520455018591,-3.136250131899396,-3.41308799541586,-3.576618494413768,4.982096393405768,1.486016717737364,2.5102530124959967,890.9713656433045,300.6264865398407
4.93490111573725,1.9361320748712672,4.513683634915572,-3.2358772729907024,-2.8061816848982217,-5.027129361477113,2.342319575673863,1.7235399033018632,745.7463762315833,303.35575461387634
2.142679768603025,-3.3071495648185874,3.9131303704871483,-0.9695900079635429,0.401740979472784,5.036340963215696,-3.264005976801828,2.9773302870112053,559.8172725818796,306.81144666671753
4.83625247840783,-1.5289428433949248,0.9195888970263351,-0.1792768671923115,-3.7331573301702425,-5.071561183478069,3.5028700198856333,1.7274036826231134,832.4284568577734,309.8521513938904
