-4.179231463819642,-4.398641213222729,-4.576455548936674,2.416503802186991,-0.10690103468521617,-3.262114931383961,-1.3800959456233755,-2.4957792514504056,193.8684057805543,0.4775886535644531
-1.063242703255149,-0.2591611316844258,-0.15853429424910903,-2.3373102429816055,4.600409753273332,-4.8325984653595295,4.4388750428042,3.510291746747435,176.7284782267985,0.8882718086242676
5.12,5.12,-0.6394473868327148,-2.454687303934815,-4.606299920626403,-0.44890255211154173,0.1166651683337454,5.12,190.54878587001392,1.3328077793121338
-3.515618078912464,-3.695865730161401,-0.298367045273384,-3.3754574388668974,4.232268160935093,0.25715371971551004,1.4853470946362526,4.808282693866491,189.89206958184627,1.7667770385742188
-5.12,2.878356749023035,-1.858656222070333,0.2067560644451465,2.8985972574623444,-1.3772819422733527,1.1538805569933395,5.12,118.50536474207942,2.1649420261383057
-5.12,-2.569488474972756,1.916407360689517,5.11086087306752,3.2852150184152533,-0.31237367562058527,-1.3854715459373899,5.12,173.3290179502554,2.6093506813049316
-4.959174763648944,0.8154640093829029,1.032510902404252,-3.085839645954172,3.8324538870421625,-5.12,-0.23524137916762733,5.12,130.51773704675304,3.1071689128875732
-4.8829552897996695,0.7501485770158043,-0.9322170419225877,-1.7397175214181395,3.2783223524495115,-0.5914399013676954,0.5605005083563404,5.12,142.2025088049699,3.710653305053711
-5.12,-0.07304673877506929,3.1351263240484704,-2.2501820581848535,4.409370582818677,-5.12,-0.274651132839395,3.469820941475155,168.5293773442923,4.128770589828491
-5.12,2.681929449208967,-0.8662212001079048,-5.12,3.0665644390304037,-1.2832998738547214,-4.702627470518506,5.12,171.23165960768367,4.612828969955444
3.4422720031181884,3.0127336626692367,-0.3367830194450496,3.2445906613365603,0.4008367799338517,-1.9343593958613572,0.39970344573030836,1.9744675017448197,120.92244266854549,5.09451699256897
4.575337243842829,4.526278450846266,-2.9797433623058085,1.623546850031203,0.5942953783164375,-0.052323062285457134,1.3148074456742815,3.9855264414510883,159.71824698445573,5.664301872253418
3.8894232954435095,3.7356632106877976,-4.659209716691845,-2.578244217024642,-4.781081492607428,-5.12,1.134936518915084,4.247699883359556,197.28512784456348,6.202085733413696
-4.856017251492181,4.2894243809431165,1.3770790404504325,-5.07140764597464,3.156585528021849,-2.9018294570740033,3.1980013994227923,5.12,174.65242309952887,6.851977348327637
3.2922470469424523,0.24658542587893972,-5.12,-1.4934095926431565,0.28149264984762556,3.8372889797129295,-5.12,1.7154717615768416,160.0312332016917,7.489815950393677
5.12,4.680563750059304,-0.055710255979585455,-3.459249725806415,-0.3215376003024817,-1.6954715980330097,-2.6308527811082247,-0.026188537330208206,151.8539856455019,7.967907190322876
-4.395944785438855,3.8540805723199414,0.08532512584003005,0.6677865056367809,-2.981016176583086,-3.0526972934134586,5.12,2.8977952920265926,130.96149648362316,8.685767412185669
-1.2779343209703518,0.06471029805342621,0.15526720205645805,-2.807623129957838,2.650728334622859,-0.6979723549353256,0.004384978011812812,3.6535218677441454,98.57145825463944,9.256312370300293
1.938908799190867,2.925511177319872,-3.006677564797399,-1.2935079592448178,0.9253800819109204,-2.9090062658178475,1.8034901893955313,4.199784871664057,84.02079329343445,9.963305950164795
3.7739342854874502,3.0478950238198026,-2.531811888929346,-0.5064998805833785,0.901997307703791,-3.194709647045303,5.12,1.8077561948685537,137.03747708720903,10.565568208694458
1.7199787599204255,2.894065776237583,-3.0013511395601653,-0.5758381468920257,0.8200392219428378,-0.2933804124255399,0.5088950901579752,1.9007770395915937,98.49782637009865,11.24094271659851
1.7084588013987627,2.951983959275993,-2.9707597335061506,0.5922628207723726,0.780394704257743,-4.79293310394777,0.8303621443633258,3.6124718412332433,127.90128446007475,11.789263248443604
3.24345842012782,2.904229536073978,-3.100009532886128,-2.17786093744447,0.7637384154144629,-2.1578058904255455,0.9430867080290719,4.062906522917806,89.88782839883017,12.52093505859375
-0.3476963096080592,2.928017102034535,-3.8518429316544576,-1.3872616228192127,1.366650560686038,-1.9592504983737915,1.2077152616243474,-0.5578914693257921,115.0569626759361,13.319013118743896
3.7061051879249858,2.860768026194931,-4.992180956553483,-1.3041284617092406,0.6823691541567163,-4.686198971996424,-3.8657589353121407,5.12,175.87246109366066,13.955338716506958
-3.592008256314,2.9348758843720484,-3.0593316237086485,4.361234010049569,-2.3667017162571846,-2.241474565705465,-1.0471950651383928,1.7878117082735052,135.37595337311478,14.779145002365112
4.75176354124753,3.035435229299149,-2.5736095365982155,-4.779524785900578,1.9098032724188387,-1.9032016957800564,1.2392594546918874,3.908936646100046,136.8614186684891,15.567376375198364
2.0343351993532863,2.985994749254659,-3.2397738139530947,-1.4181916538850627,0.3377983564812368,-2.016822740864906,1.7464549765560653,2.455162757541072,112.28315007452977,16.300507307052612
0.33756452646344925,2.854728577360918,-2.593950085356343,-3.602206451982793,0.9201502602887714,-1.942540889932192,1.9462443188681888,0.5737833156252963,113.52014518574316,17.080983638763428
3.704147719787934,2.8717952377967553,-4.246604865382239,-4.261201850034424,0.6314603203606843,-2.5822087932764566,0.7529706583319129,0.7855955621638051,155.88314862463494,17.971670866012573
-2.9801334850280603,0.5313490294927439,0.11225872917907864,3.763357198313508,0.42635603597578875,-1.9568786104753304,1.7434453296956987,2.8612112866057666,103.30079854995519,18.75880765914917
2.654975736252945,0.005368897191010191,0.18890758536112262,-3.24257805277216,0.9981655182232929,0.7806628963830091,-5.013686446831114,2.048811016004761,88.54553405739189,19.679229021072388
5.012620004745286,0.6030961501747276,0.36673376584810047,-1.1794694937184618,1.5141399134481075,4.335710069242562,4.213479208379865,-0.9020603465798009,151.73523725761572,20.697603464126587
3.0470869719956015,-0.39914899076805543,-0.08898510014230343,-3.9197994654448216,0.4982337000816992,-0.7027230665042774,-5.12,1.0049534615367213,109.68356911469935,21.592348337173462
-0.1994530723250305,1.9897177708207527,-3.1746399181496168,5.12,1.6105103723807463,-1.6014276171821251,-1.1454358954726653,5.08850343957918,128.82406749219115,22.45088481903076
4.474656431656949,1.8390814426322581,0.31138430874369405,-4.992078022776686,-1.7056884829945513,-3.4247847351926355,-0.2313916899517121,3.6967757611164,168.88710711532127,23.429656982421875
-3.937367182640148,0.06254753639135036,0.3715972388885982,-1.5748968723885777,0.4883000432432345,-1.2549326067447129,-0.33151451883388106,2.9721726040199625,111.57623663602126,24.401314973831177
-2.9064951490146806,0.08186453913330283,-0.2625929585143947,2.991992160616408,1.300616104491768,0.45567200250134565,-1.1297421544437007,-0.7800571351641299,79.04021331564192,25.152748107910156
-0.9843424216229355,-0.06251052754961073,-0.33183665797345263,-4.420793083908994,1.9085227564744756,1.5054204532276936,1.7959977753037712,3.4679211635611678,124.85083570853884,26.317426919937134
3.6000324478560293,0.06678885483541386,-0.061806111356855986,1.5836097290388746,4.227495345394954,5.12,-2.7781798443967567,4.179515278977527,148.35621677305218,27.56164050102234
-1.2217264813792883,0.24176008518539938,-0.08095594310221976,5.12,1.6522225190613389,-1.0164806905878239,-5.12,-0.009194111665530968,97.98613792294147,28.65105414390564
-4.31953167065122,0.16142589581420008,-0.4244053108143717,3.0338671767006913,-1.5377626725295674,-0.013414027458015454,2.978574990723243,-4.041484911657074,113.89021237576704,29.73649835586548
-4.678125879749469,2.7856074216311972,-3.1813018074447506,3.32412624575782,4.335855135179313,1.6591643328296604,-0.1876904212529702,4.207951147414069,176.67413191749284,30.96687340736389
-5.12,-0.2683858462558746,-0.6954737453035174,5.12,0.7944027698723959,-2.7108391513428223,-0.8285830255009072,2.0423329085037825,121.0488188280324,31.85629892349243
-4.542459189668215,-1.402276507902874,-0.8141866593122185,5.079648317961801,-2.7742034240366253,2.5011362934529267,0.49829961609680584,-2.3273231845216555,176.95787309786354,33.006996870040894
-1.304963964809506,2.3985395839654657,-2.621500990076113,-4.483866340883582,-0.6881309276801151,2.4470200986502464,4.15724858222253,4.679314451255705,200.70251608301908,34.21295928955078
2.548625341175949,-1.4156240124175214,4.686016807519741,2.2290188702361604,1.220043719156652,0.1586901732065451,-1.3590121284289634,0.6307358298045278,145.78700103819682,35.286051988601685
-0.46021800679308367,0.37423268002092414,0.015955646292891146,4.8193461398276005,0.8570560072005797,0.2715688857732337,-3.995440940307322,-3.555816883826674,130.0654675715232,36.541879177093506
-1.6162097164323597,0.9180378641659095,-1.2841149965642726,0.44709391513416374,1.4858306688606335,0.22508968531920548,1.4445537565968367,-0.2299197426661701,116.57159275020653,37.88203954696655
4.240650757572683,0.10101281101248816,-0.5988750845814144,-4.920021548004014,1.5852312117882317,-1.2649435542065048,-2.9169022694303712,-4.954955166358557,141.72739657644286,39.28377819061279
-4.5662187914502415,0.03493539782466115,-0.18854816689233367,4.05584262483245,3.1200772260489495,-0.08523812507967943,-2.104500859074367,0.8012016707408485,91.41136279266614,40.53354525566101
-0.16486409449354067,-0.21372431023927252,0.2262023796801529,0.8272085375533917,-1.4581282747032707,0.6380265335178379,-4.978956158172251,0.009302007590742178,90.85103570749955,41.93369793891907
3.9286674205389884,2.781802581066122,-2.9931716389730147,0.09445299181631484,0.3856587054849445,-2.5720279648946476,2.14767459700768,4.689197287062462,130.48223560892762,43.356414556503296
3.624142357366831,0.051181794607613185,0.16283249207971462,3.684785467618414,-1.489117336060851,0.023618063050858673,2.714104369086299,4.109541108208064,124.21167549067667,44.37247133255005
-3.573480683770153,3.201126395414808,-3.80867409345756,-5.12,-2.283911155296824,1.0183657382926175,-1.2996744393128665,-5.12,160.89325774245182,45.48819422721863
4.321962601398487,3.8409280530013747,-0.3103365481448819,5.12,4.83241407156659,-5.12,-5.12,5.0762358478166005,208.26102656701286,46.48150110244751
-2.6830017395404075,-0.10798830371570389,4.076267732701486,4.254774871152503,-0.11439837654354257,-0.04003662474452874,-5.12,4.51599273787108,141.72871810559542,47.570950508117676
-1.1228188919552453,1.0545964461512565,0.7742257265952226,-4.823177259051009,2.698463156710777,1.3411565979218247,-5.12,-1.8863757899689602,116.30372802858261,48.949782848358154
-4.439979552409895,-0.7908187872738681,0.18253392865131257,-1.4215646042541863,-0.9862776032710112,-0.4972887063596696,-5.12,4.899534562554057,149.96331749376597,50.32128572463989
-5.12,-5.12,5.12,5.12,-5.12,-5.12,-5.12,-5.12,231.39770980628714,51.688456773757935
-5.12,5.12,-5.12,5.12,5.12,5.12,-5.12,-5.12,231.39770980628714,52.900187492370605
5.12,-5.12,5.12,5.12,-5.12,5.12,-5.12,5.12,231.39770980628714,54.097538471221924
-5.12,5.12,5.12,5.12,-5.12,-5.12,5.12,-5.12,231.39770980628714,55.352736949920654
5.12,0.2382772106719555,-0.2946519422695806,0.49072115646976755,1.0195925868614326,-0.6058322905618994,5.12,0.6989265597285383,133.2442576493358,56.69206428527832
-5.12,-5.12,5.12,4.969947112712217,-1.8133124297883532,-5.12,5.12,5.12,207.84056428199358,58.03363513946533
-0.8619024800061208,1.010562440762981,-0.19606781008392726,0.4539916609158592,1.004672434217591,-1.4384498159905275,-5.12,1.2839674003775654,96.86131954194812,59.16969895362854
-0.9644244223987606,0.9907253222048613,-0.20953275331905452,0.4664392981148744,0.969528508752286,-1.4772027417575408,-5.12,1.204851619540034,90.48199410700468,60.52231526374817
-5.12,-5.12,1.5463141750374465,-2.1367162107560715,-5.12,4.430356468732447,-5.12,2.94200066584946,193.7011285135873,61.99361062049866
5.12,5.12,5.12,-5.12,5.12,-2.4669200560744025,-5.12,5.12,228.34346439931588,63.402888774871826
-5.12,-0.2523879256017372,0.020473547990210506,3.128100443222027,2.161439456243195,1.2991703054856627,-1.1247949190841888,0.6038542416652595,98.68814245404016,64.82787108421326
-5.12,-5.12,5.12,-5.12,5.12,-5.12,-5.12,-5.12,231.39770980628714,66.1055977344513
-5.12,0.40644776314965636,-0.3544234842312015,0.1637018281293141,1.090779448945434,0.01012567415619614,-2.7957552979698375,0.31079790465978263,100.10227830357358,67.20595622062683
-1.2551346369662433,0.7816515567241709,-0.13389931520653509,0.3989742904188667,1.0883117508282592,-0.8031766091748018,-1.6817540576785763,0.6203665882617271,86.7930304031793,68.31635689735413
-0.8693153321567193,0.7139521376422087,-0.17424870879802068,0.40597273209493867,1.1250771321167905,-0.7261586729071645,-1.8204358869282133,0.6790097368338062,80.63964873611278,69.66394901275635
1.2544824640152443,-1.3160755237806323,-3.047533695588477,0.5549035617255376,0.29659727938163094,2.382816083330849,-4.015801355724336,4.273314104859941,139.02806592699295,70.86528277397156
-0.7117923523313214,0.7186438185721036,-0.17508996801109777,0.4278490355206861,1.1469615799024142,-0.7522229665263822,-1.7157971271364016,0.7555708808532451,91.03484110316641,72.18517541885376
-4.994484110998629,1.6126951985734408,0.21856812610731335,0.6947155183668947,0.9893822985022407,-1.2997864716335217,-0.5878795590359891,-0.09765918794052908,103.5815234602864,73.57578158378601
1.3250782516998107,0.21247716618840418,-0.40629691244099675,0.39731730765373907,1.3643279484735897,0.06562853542657887,-3.8534449933755264,0.6680483642135968,114.09230681243292,75.02344536781311
5.12,-5.12,-5.12,-5.12,-5.12,5.12,-5.12,-5.12,231.39770980628714,76.53446173667908
-5.12,5.12,2.278638613933466,-5.12,-5.12,5.12,-5.12,-5.12,219.4549123436482,77.93322443962097
-5.12,-0.17634957482972347,-0.2416532403056646,0.008578699655533484,1.249898051594874,1.0350088903403245,-5.12,-0.30557167942194585,99.34769388140566,79.26420283317566
2.3522369201695836,5.12,-5.12,5.12,-5.12,-1.7677231126449362,5.12,-5.12,207.08584537056555,80.7645275592804
-5.12,0.4313778248981839,-0.3262299175533796,0.14089995783482134,0.5528875365580488,-0.7104908733619677,-1.305882097607701,0.5070975624820537,134.71236758614742,82.31502938270569
-1.8859334002126515,0.5921785649969582,0.7415168118367923,-5.12,0.5969736735778506,-2.708538566192349,-5.12,-0.035129295056473,132.38143713196268,83.8171455860138
-0.7720239190464149,0.9764591273972361,-0.12036950828775694,0.8232352539398873,0.5332780815351645,-2.1854038196514756,-5.12,-5.12,108.00071215607828,85.20589900016785
-0.7808699740760341,0.9335622465533593,-0.12266113855929195,0.8158616821745825,0.5666302835633994,-2.11436377776763,5.12,-5.12,104.14780532216845,86.59757733345032
-5.12,5.12,5.12,5.12,5.12,-5.12,-5.12,5.12,231.39770980628714,88.13183689117432
-0.2514177829738298,0.6440709189406393,0.0798718206963418,0.685582489212301,0.8467617113369155,-1.7680006176427985,-5.12,2.4455174252699354,113.71676395168029,89.7577965259552
-0.14004242309529413,-4.249627232490478,-3.15696461376285,-2.0965723501836186,1.3243010593640774,1.6793610515981472,0.628731952307696,1.468125366528617,124.93518377231814,91.15436148643494
-5.12,3.7989866016366447,-0.6625147860792788,1.0725134483832734,1.1013160767141663,-1.7670871893182993,-5.12,-5.060162776401796,138.61957578308912,92.94248580932617
-0.5557749281301003,0.384378294660638,-0.09564405700823198,0.5555372875948201,0.6443456047994145,-1.5462175903643298,5.12,0.7725568734796138,135.4489498233824,94.65621590614319
-0.08287970557292379,0.6787992890190013,-0.21180820913966247,0.5666986931051552,0.6369213341314106,-1.1891614905213697,-0.6566054164234565,-5.12,112.74769452833613,96.50506615638733
5.12,-5.12,5.12,5.12,5.12,5.12,-5.12,-5.12,231.39770980628714,98.2362129688263
0.15454134719739976,0.614238076774841,-0.27858755182011485,0.48878290141422287,0.9151269601612526,-0.9335214361129376,-1.2242491026426792,0.6605333607424413,83.97876159490552,99.92988133430481
0.07206908773770149,0.6344890820116653,-0.25762242865870366,0.4652557831497708,0.8944424088787493,-0.9348082270654974,-1.160345673386792,0.6125946490036371,77.1800859800579,101.62502408027649
0.0399219855150621,0.6444443500607795,-0.19943862477879026,0.45408019419456735,0.80947278934023,-1.0197553590841029,-0.9842141734498799,0.6024490282379995,71.09659225980019,103.58109283447266
5.12,-5.12,5.12,-5.12,-5.12,-5.12,5.12,5.12,231.39770980628714,104.90845656394958
5.12,-5.12,-5.12,-5.12,5.12,5.12,-5.12,5.12,231.39770980628714,106.62239074707031
-5.12,-1.38773267407979,-0.8901054519237457,-5.12,-5.12,-5.12,5.12,-5.12,196.1705639342168,108.26592922210693
-5.12,1.7384285471102707,0.5125507436497738,5.12,2.2641610262369047,-5.12,5.12,-5.12,194.6187639590566,110.09614276885986
1.3792652444671072,0.8976558571637474,-0.1824749187789081,0.26859562305063367,0.35049152148592366,1.6434197008938938,-5.12,-2.3822954310736133,126.03944947729238,111.91788005828857
5.12,5.12,-5.12,-5.12,5.12,5.12,-5.12,-5.12,231.39770980628714,113.53053045272827
-5.12,5.12,5.12,5.12,5.12,5.12,-5.12,-5.12,231.39770980628714,115.12481474876404
5.12,-5.12,3.7056529572074366,5.12,2.382656866970323,-5.12,-5.12,5.12,223.1106308619522,116.58110117912292
-0.5406531254425371,0.34241729434269796,0.5050257588821045,0.020960607866243208,-0.26055256169770935,-1.3375475239833263,-0.3299059520211811,0.12342238086010227,101.45070879994826,118.01489305496216
-5.12,-5.12,5.12,-5.12,-1.671301697253504,2.3653335267111872,-5.12,-5.12,213.31086293133276,119.34372186660767
4.9655049096815125,0.9245074007039209,0.49724692929883574,1.74682008220595,-2.5174038588957144,-0.6346499531373828,-3.953940782572288,-1.7775409053350604,131.14316231551368,120.77469730377197
4.814349352678227,-4.691100716986701,0.809188943695716,3.7588131026502625,-3.4918620914431413,-2.9120802390597125,3.925194934140202,-5.021129562123339,179.40242662057912,122.26302289962769
-0.3604503089229194,0.530552063590112,0.20966459989874586,0.13571534574327337,0.045252922358816505,-1.583693652963206,-0.28891231042323273,0.5871636224896539,100.54633276013064,123.64099168777466
1.8697094227974072,1.011092303030681,-0.061925760316667855,0.8757074629218016,4.0585364253886675,-0.37188969613873457,-2.84192673398223,2.4492115739867613,84.44654707572359,125.24800634384155
0.322209881029095,0.16284126987212133,-0.9302383083091232,-0.18909198846507458,4.133118567187322,-0.5863275249140569,-5.12,0.23213252850968935,104.56698490450054,126.77720785140991
-0.18984149108214599,0.013223140294729596,0.16554322645581898,-1.3727938578996066,3.9127128718626993,-0.11097312445803897,-4.72086119750187,-1.593555611530686,104.29384174729894,128.07982087135315
1.3813019681529806,1.1267267619148313,1.0389272542178096,0.7984831962375321,2.028560960874157,0.5960368991621303,-2.4382733249383954,3.2583783595401945,101.75478239359362,129.62978076934814
0.6722121291253735,0.6657778152951286,-0.7056842312166962,0.35394163656525546,2.0291934081298635,-0.9296290619149215,-1.102519841919663,0.7708085931223172,78.70809737974098,131.15422105789185
2.1650007429865967,0.21730426182910456,-0.6639398822919995,-0.9136527013847902,3.3274118221278135,-1.729028803321214,-2.26794571508778,2.743571826777263,109.71253580706431,132.78519797325134
-0.46711587895530915,-0.6911780769046008,-0.01663124172138719,0.43053841020245365,-1.0866914138830222,-1.8344855740528785,0.048019646580002906,0.50012898664367,85.03334835926944,134.1834750175476
1.0533002915726035,0.23419423486127844,1.862991732529343,1.0387778562257575,0.4521183316483617,-1.606290566147615,-0.12309175100043745,3.518172142467926,94.41483738918944,135.62863731384277
1.6062227045596282,0.667005784559989,-1.7420041791663796,-0.5237249419951704,0.02349459209672755,0.0027220500221130095,-0.47833214731699325,-1.2587988662860674,101.94495706028655,137.2228901386261
-1.7177584630518226,-0.7303735827260107,0.9492450767629643,0.4633886002525651,-1.6027858820007403,-1.4351801460358429,-0.015883882672015126,-0.48294967095429087,110.10539699344693,138.9922935962677
-1.5151730195678188,1.9585459281976272,-0.42292610314240164,0.243672754889392,-0.42560005839949877,-0.9663612267849988,-0.6223506424690104,-0.5303812208381347,113.0538940051388,140.6921525001526
2.3349182674034843,3.811207883405058,5.117844376786782,4.163640980581529,4.53030692784952,2.4278198631631653,5.116509376489847,4.883879145702752,212.65908350776584,142.27091193199158
4.389456279984494,-2.1634423038828645,-4.89399178020039,2.935831123424351,-5.046165471345245,3.603935228715579,2.682725957925827,5.000011967631154,185.07784345618424,143.8534984588623
-2.5979048274354004,1.2376789489151667,-0.9495960236118028,-0.40509655264311206,4.558480015813697,-0.9483187696629356,-3.6644431329387634,-0.17750080911654464,131.2267383942565,145.50026845932007
4.526538783143072,-4.232510518184194,4.297854320629228,-4.589202733530522,4.909248499363158,2.641923665521386,-4.8915983766140005,2.6534225408107694,235.97773531034153,147.1664752960205
-3.6877056236395696,3.5655799234266032,4.87911913590592,-3.8429738236149533,-3.7139419376256546,-3.982461389984486,-4.822290999410893,3.8905053665017073,193.33579565723102,148.81364750862122
5.012841284076621,1.2387539422913187,-5.111428440641004,1.7977018173220758,1.9810372341542113,4.832942402774829,4.961341990492902,-4.601546771786945,171.23727494785942,150.4782338142395
-4.406331351740649,-0.6576146929697622,4.98814943603194,4.076260091149284,-5.0481092087697395,4.696822660895639,4.425499509597725,4.536377447592357,236.40566070053436,152.17157793045044
4.327344225386677,0.27377818800084963,-1.1596199152150657,1.874766950166336,1.5918626097092874,-0.06895915945000741,-1.7068931439367185,2.0506511205682605,99.519485753799,153.88588881492615
4.457892549579129,-1.90545551654324,-1.7652041538409806,4.674356987964754,-4.4778623414466745,3.993924865194841,-5.111331409573917,-4.801832545323304,207.70201820555738,155.76708841323853
4.3784201423923,2.784150306710975,0.5382612760433503,5.042336764674544,-0.5020032093518845,-3.3417925506440427,5.04447704290864,4.360694383082369,205.92312708062647,157.83177542686462
-5.09625549981369,4.998442593726344,-2.2582092527233413,-1.1540256227065027,1.400553880250711,-2.002128021726339,4.5062592004137665,-4.840074523975224,166.4502913943747,160.05387473106384
0.7622799485020009,2.0346618024696683,-0.19208548106556567,1.1960099072247763,2.628020924090367,-0.12787492813142443,0.08714101441229793,0.6548634805841287,73.20940097463559,162.4344973564148
-0.05858377831527761,1.6293364324824235,-0.05458025486389584,-0.046658691918000095,0.4392300715204147,-2.4957764670339264,-2.596966961376997,1.1529640729374613,97.46417870091209,164.4384365081787
-1.010652530421198,1.6336620212004593,1.9288257174613568,0.3112324364280967,1.292418334494985,0.09837036509174801,-2.0234414622547012,0.21216827126722393,66.99912224515796,166.2698197364807
-0.4426748819989834,4.475135953816253,-0.6307481361404976,-0.1590072001175633,2.0083514262944986,-0.034087026713200075,-2.7493197852459113,1.111698445107927,106.76034263833468,168.00908589363098
-4.860559509686841,-0.17497196740238685,4.183197775345879,0.5196244038014992,0.024200787179924355,-1.7281901993001596,1.004147882974328,-4.792562955470502,122.1374770465848,169.58817291259766
4.468346940694926,4.813851433107524,1.5967021832062445,4.707715532895336,4.848251830514221,0.8367607500057668,-4.9442128485758134,-4.135450717249293,203.3801098587074,171.29514002799988
-5.092925217125477,-4.509625001867912,-3.942985673990182,-1.866491715975728,-4.6047650471810195,2.2461929616558027,3.8604922311075542,-5.0220060661442965,188.63755640855172,173.2657356262207
-4.296330026546203,5.088980451571502,-0.34390292280717816,4.018451189223556,-4.792856837390417,4.256869568291427,-4.78041493103871,-0.9570958140629351,181.7395401933574,175.07227325439453
-2.4432567557303497,-4.749559241885338,-0.999520960803685,-4.960312974907127,-4.685767716383659,-5.073828398105702,-4.902513532931477,4.2757395664105475,202.2686395716694,176.97837257385254
-1.300825418242379,4.711443197401654,0.15839128499397326,1.1930962866250683,0.1415571750057385,0.03356600669509735,-5.107039807557477,5.03069848879137,119.6308865315522,178.84988617897034
0.37257536096995025,0.8787683329483285,0.40439670626388313,-0.0005509568648598417,1.644485071437833,-1.0919720327704638,1.1773467811594518,4.922163405738334,93.1032771835801,180.6634805202484
-1.8279511305202725,-0.26098477344492466,3.7392502747911776,0.3128499043012827,-0.3080930281872183,0.2001895449867117,-4.9881674059854495,-2.9918444128451966,112.49618340325394,182.9065718650818
0.26286731984053535,0.3964795389003939,0.29635602513155934,-0.14374433898912464,0.21803847165072554,-2.6229890714651782,-2.518912705306073,4.1428729138485005,125.0773724300142,184.9449338912964
4.151921276594186,-2.585285845723303,-4.509690606142303,3.7665399379328397,4.310810682331554,-0.0516698596494658,4.393540651604092,3.3394352104287277,206.67390266369534,186.95474982261658
-2.034422836568777,0.6937918860824013,1.7438573711819796,0.9121976713676574,2.4785787802285055,-0.6456304076750925,-1.0149415228522,-0.5793038888136621,96.81571380553947,188.99087953567505
0.84225985450498,0.32856847697302705,-0.4661018207821259,-0.6439827826227038,-0.8357141436508719,1.1274637532970981,-0.4984089650891175,-1.4683902171825363,108.75106208446441,191.557599067688
-0.148117123850251,-1.5329826859782072,1.098545893936281,-0.29830546965678284,0.932734702439002,0.6456560812744359,-1.3753072743885677,-1.5119461474078055,101.82307219274088,193.6238718032837
-4.583492375585887,3.6512368750444013,-2.644533635238261,-0.0932365529318897,-4.4931051495728145,4.429107425748108,5.075070460120897,-3.5317053734374895,231.57517525560198,196.18515038490295
5.0363795137511564,3.5710361886068034,2.6658545446303403,-0.9367679632605928,-3.2681618562302615,5.085096544948404,-4.316439165951034,4.772975390756689,194.30732062851757,198.3339343070984
-0.7093174303005378,1.7673279929067158,0.8806159697690088,-0.11444142671150903,1.331683885111529,1.0930266332445306,-1.1296887675918335,-2.3685212899247614,77.35860970966147,200.45416617393494
-1.1916584821412912,1.4632711814884587,0.7295378837779207,-0.48809160492057213,1.1216027493029097,-1.3104483769807276,-1.3771907194734339,-2.0085146521700956,104.3116929013176,202.6963140964508
-4.776391195048217,1.709375971454003,-3.6617190338158947,-4.857651054757414,4.054775925916069,-2.6583475897722546,-5.106837553891624,-4.839956020030647,198.4808674019656,204.9200587272644
-4.241590710221292,-4.594789617531096,3.615999940602191,-4.373008231848367,-1.7665310274636177,-2.1974044942918844,4.510911874474814,-4.8328133954526304,225.8701761956148,207.44402837753296
-4.121327493110545,2.7180700598516196,3.977089173671252,-0.7586404511018472,2.468012713691854,2.4947977541772177,-4.4192339569549945,4.94891924989096,180.4675906616193,210.19304513931274
1.0289483975311793,4.278551493064586,0.05549419586825799,-2.79945768524459,-4.1853372422887825,-4.58372981153977,-4.8268872560275,-5.10821614794902,166.89284675639294,212.70048189163208
-0.41967394906316446,1.838123453732745,0.16586431823303016,0.89099171718747,1.3160936270756363,-2.093754413672147,0.12011148942558059,1.6862998726336853,76.3880896486917,216.3075225353241
-4.792952496169648,-1.0269969563085555,4.553602977726022,4.535497410632753,5.114446819634572,-3.747950556907242,-1.7029238835307758,-4.971036053746267,205.50165175146984,218.7838237285614
-1.6777635579898793,3.7165915059426817,1.6664860667335812,1.824269504074742,0.25976604558434513,-2.140978663286443,-2.0434177619461895,0.0801632929502043,94.44361792112319,221.47943806648254
-2.263097229856447,5.011862230373327,-3.8866302123503056,-3.5052040238601148,-0.5101726696150015,-4.99724537493713,3.9164328863512337,4.7014034573119625,187.9174213582722,224.23242688179016
-1.6602324788446272,3.101405667362397,0.21331898468834787,0.1311950250991183,0.560320234214851,-1.0212345279373354,-2.326221476694264,0.8897249229732882,84.52392081376556,226.67175793647766
3.633316434736879,3.760606374793457,-4.130606600314566,-3.7063792214317206,5.011970237051092,1.500704592386123,4.858905148541646,4.365414322339492,210.43490067868044,229.33780312538147
-1.708113109811214,3.446166497795617,-0.6661289141124334,0.7317147526969459,1.6777094520112197,0.5745570882282269,-1.7657732548621237,0.021203267070218246,122.65602128278007,232.118390083313
-1.4562839469418867,2.876853518021469,0.815299423563844,0.3715434397991917,-0.07163075935010621,0.773438971313194,-1.633555700975117,-3.1938365498774677,102.82482303892976,234.93863558769226
3.456078984005331,4.739987234529919,4.397406763677529,5.103402535044517,-4.359201595675428,-1.9968785813394012,-4.3012773531297706,-1.1853496200641769,208.52358308624179,238.00166177749634
-0.5856362326784552,2.4327886644552903,1.4964396954923416,-0.248681875082295,0.6427075689384791,-2.9768024314850683,0.766566607834652,4.219576366982374,137.2619346865275,240.8020374774933
0.31124129289785074,0.32068080475399974,0.14771201042652393,0.3058670228541427,0.6934736986836141,0.8978957183079501,-0.10246721190751629,-1.526614151973153,86.7665306003138,243.7503423690796
4.999198724843029,-1.6033384962521833,4.490113435573593,-4.709294957558308,-4.947606030624017,-0.759471141502547,-5.029230481418993,-4.436389732896409,219.7296080449001,246.55292963981628
-0.08440484145823124,0.5946599706874256,-1.0063231520528078,1.4492467070496922,0.4939385893945447,0.6543811295944728,-1.0905853310493798,-1.9880622158496606,85.69813051832885,249.49361062049866
3.4824525731944886,-4.725271224510884,-3.9957449962981273,-3.262623123592211,-4.34461261622013,4.831758310826689,4.951234396320674,4.752219471028726,223.6818178585437,252.33835864067078
-3.7182726469204543,4.977064192755267,-4.944723128112989,-0.3989438795800151,-4.547722555944837,-4.247993241169576,-4.241639686254914,-4.589433476311022,229.08482386670903,256.24364471435547
