-0.015108454937357685,2.608220757188276,-0.17661445558263544,-0.7828675234100517,1.499649332993057,1.5890871785015293,-0.8001369077225089,1.6120280798846247,109.78006230547501,0.5010027885437012
-3.68773804661788,-0.6699923569824255,1.0965574771361482,0.8513098513502682,4.08837065204091,-1.6743929969824056,-4.321478102070653,1.284565345541358,132.8630205408208,1.0690033435821533
-3.5469588582117337,-2.8818986391791106,-4.743018707959193,-5.12,2.447844147036067,-1.0542260350650716,-1.9510485539471945,0.23377336688158934,145.40148686101145,1.6485095024108887
-4.941121302561972,-0.016749224530658857,-2.1269392839666437,0.707347877507531,4.566585953373784,-4.8820260759781355,2.9209120477488026,-2.3126494290056816,141.2088066983852,2.5975654125213623
-0.23984422984235287,-1.2615793216022535,-1.9450684424613929,-4.8147763683213824,1.016696849192181,0.3742181215357414,-2.7087077664078394,-1.7474723326420554,106.71482615203719,3.203397035598755
-4.236085993185659,4.044288331150484,-3.1716236401725224,0.2676256579011884,-3.338142916514456,-3.7042138170883048,-2.375231923261352,-2.1737326273013253,156.1189563849393,3.8909285068511963
-3.9605694275314542,-3.0783632977230257,2.8614915118145845,1.9343472079909505,2.3232673598575966,0.18627966398595053,3.145925970315564,-2.9618259462003325,91.82799664081685,4.628055095672607
-4.01010430051409,2.834833523929168,-1.101295296843281,2.51974595090262,5.12,-1.0268103012175933,-0.09650205860891603,0.6166860420371219,108.22245618999999,5.240278959274292
-3.948187337847804,2.9181887088101908,-2.8109245927466815,-4.828793207252851,0.10395670065139218,-0.7480146284839027,2.591023904291691,2.0787698719940124,112.0507698924881,6.043637275695801
-3.8956633562789342,4.940216224260372,-4.37937492080325,-5.12,-0.08076608762840376,-2.3589771772120636,-2.0406255533481623,-3.4701676567247146,167.2297136431904,6.616746187210083
-4.007577326884997,-0.1378299731036554,2.8879970855096735,1.4525961850535838,3.544456981167211,0.2697284987592745,-3.884499764157005,-1.4999818520403072,135.34199533944388,7.186269044876099
-4.602561181950601,1.0648567798591628,-4.36596056915027,-4.459201408541747,-2.006900087474015,-1.2532550646208755,2.0033626801761066,-0.03954974989073623,136.5451315639755,7.833398103713989
0.1918714552528309,-2.876688630764187,-2.0314190658743536,-0.6966091006019202,1.8008926884448302,0.08611720569347181,-4.244076130633761,-4.316092851894801,107.53184168821642,8.4683096408844
0.20721688716126874,-1.1106077245606558,4.8828041348600175,-4.509993187218519,-4.281441316110023,0.7418325774920991,-4.822096835711427,0.6054584495629092,166.17584510027842,9.115046262741089
-4.401934177884042,-1.6161966813694422,-2.085074948652547,-2.321568482026471,-3.984713797689877,-0.9851554262480393,-4.564994326044821,1.6622443586793896,158.03686801707767,9.87172555923462
-0.08926036005185889,1.6632880660490867,-1.4072071699396251,-2.6995913113055483,2.0725578297667484,-1.0108218299210332,0.2719265871735539,1.3243593850301743,94.28657124773954,10.629672527313232
-3.9446455842215373,-0.9216136260389609,-1.6790374243206942,0.020925569371756048,2.4870296453795344,4.719687280418177,3.1171931879508206,-0.4323009298574778,127.3393236569425,11.323775291442871
0.035561764289536946,-0.184230513255085,-1.923777472811329,-3.143920305378523,-1.8680526865965654,-1.236985255428558,-5.119094229485376,-3.4691944639940333,102.96801325120487,11.905797719955444
-3.8598782994057643,1.1125943347847294,-1.9974443122749959,-0.62626135980714,-1.3358731681718319,-5.12,4.075116024080164,-3.14084419058641,120.64432308419553,12.526832342147827
-3.755274287344778,0.6544295513944398,-1.871054631686376,-2.07709208256766,-1.8082365173085173,-5.12,-3.1322181009905723,-1.2386041268472976,114.42412041466277,13.178899765014648
-3.805829687220364,0.7260152015263497,-1.8832160034306575,-0.0967892024345609,1.9774703948480044,-0.14747152193901059,-5.12,3.6181237230195,108.4105708341164,13.959047317504883
-3.9604133644493507,5.12,-1.9906717311500786,-3.5965138986616854,-2.8805627748437304,2.2350672151051603,-2.788561797017119,4.036394099120261,137.0211924223181,14.691442489624023
-0.03725140314540898,-0.7193184718268988,-0.8452940886308768,3.1214889883871857,-2.2111672864071723,-3.701948157555866,2.4613304997886756,-3.50264986347512,127.48712939344765,15.450021743774414
-3.8082594365378393,1.9061459713583728,-1.564937519897223,-5.12,5.12,-2.9741219676960875,0.4433153081033492,3.634623050823902,164.11098939018956,16.146892070770264
-0.20306497542265856,-1.5270185450587865,-2.8602595562844098,-0.8712457064829104,1.8490811547442467,-0.8859577862027388,2.8293083201920863,-4.918821469182585,94.49928549580127,16.754711151123047
0.11678127078218736,-3.638575499462955,4.052582442378784,4.034122090948789,2.122647549209412,-1.717870594287958,2.1380019903291494,-1.2525456557118635,107.85289843960336,17.42502212524414
-0.09580287894176465,3.2823050438572183,-2.010573011357361,-4.261664371844004,4.914270874451501,-0.29257317643339675,1.6141397825727495,4.071747962734189,133.52989107407387,18.06492042541504
-0.2869246339529452,4.214848950063597,-1.7544288142307574,-1.1548720625812905,0.27238733290837214,-1.6116733635864455,-5.1174996389174785,-0.009186564254727081,116.98249727165371,18.746471881866455
-3.998919042032127,0.11647568236245753,-3.645080457638257,4.25021730527025,2.554641658715906,-0.8222888995717748,5.12,-5.0471358964572435,163.12031558747364,19.393946886062622
0.3376168032662328,0.9686633050957321,-4.547831787030991,-0.013793272435559167,1.6375549585171303,-1.764702649107126,-0.023040493941135942,0.7865813516486435,96.55971359928557,20.10847806930542
0.09107322703011178,5.12,-5.12,-2.1186958215241836,2.5612455184136627,-3.315227800561993,3.9867529749395887,1.0448528886848383,134.81312393912137,20.968642711639404
0.48325076746112927,-3.474326787566211,-2.335707453737981,3.4476760433691416,1.3631844703819551,-0.6068596191066256,-0.8756507814146275,-3.780321033320229,166.70150338635813,21.55319333076477
-0.32680389898926876,-3.6876821652173115,0.7108544617865427,4.445333994669968,2.1168240498302486,-1.6341008383731936,2.21102727263622,2.562047654041013,158.939551697158,22.403393030166626
-0.07233075200311845,-0.30768812967254267,-1.315567118041654,-2.6314016083246408,1.6137909807971003,0.07290883789435743,-2.2648436616719123,-3.4972376109141528,123.58272182327644,23.289582014083862
1.5931080699669566,2.271360280194286,-2.596558060776534,-3.700692437938894,1.9783624679393146,0.02759257321483144,3.759125989641711,-3.9624286173401657,132.7665640214714,24.09614109992981
-3.9349134049414225,4.90827422642728,-2.130621008946101,-5.12,-4.269365858531685,4.822651961145227,-2.213418187437445,-4.61583496467422,188.3463507713952,25.066221714019775
-3.9862202264829105,1.2924134152726934,2.0299877974215947,-3.9967977661887284,1.5228990992451568,3.3292721253788278,-3.8378068550360727,1.9323212142065538,122.69463921849758,25.954335689544678
-3.940394326730541,0.7383404598166727,-0.280564839665578,0.7066296559549308,-3.7130286383045368,2.450628135015103,-2.4055514578648185,-0.41271782330513496,147.07285544024057,26.729323863983154
-3.9276608623090072,1.2054519498125424,2.828986283352765,-5.12,3.2117131712563856,0.5652017592365608,-3.8523568812365836,-3.7819503225455042,145.87585263237006,27.43697476387024
-2.199512193511298,-0.3630423933189846,-4.866483152009838,-4.910799059856938,0.39313349481888604,-1.857128220393156,1.089493609627402,-2.2057566133908098,121.06277876467348,28.280069589614868
-0.10366277833827908,0.9699776139762761,-0.8318826641070691,-5.12,0.815303513526267,-1.4142382893511978,-0.44773835781713167,-2.0242113503816963,89.00996930962144,29.102755784988403
-0.19257666174341548,-1.9703010717420306,0.6393833448986221,-3.634119480560579,2.1025008601225386,-0.12822322492131022,-0.7023208071078377,-4.310538744241752,112.48830113174112,29.990059852600098
2.127064550595139,0.6594932758735998,-2.3421709242153317,-1.1221068600593087,-1.99681444177874,-2.1272996977118726,-5.12,-2.4136163096883925,113.24471157392672,30.858519077301025
-2.2963589345744753,-2.5345341616590575,3.157471787202641,-1.6037939192817312,-0.2023297365525476,-0.5547871882958528,3.1488730686350523,-2.667604907841891,142.18910016924403,31.82177209854126
-1.0267569909071161,1.2169195248513134,-1.704574178806236,-3.020223558897722,5.12,-1.6867679311043395,3.7316458193597155,-0.9593104408592614,107.4964305719884,32.66050410270691
-0.8460387950580408,1.533786243814025,-1.923984277712334,-2.4831188878056016,2.832410839438819,1.0758076891724269,4.342309740427823,2.729673517524061,126.50355888787583,33.401768922805786
1.5067036943110619,-0.34772154460724636,-1.7938291639875485,-5.12,2.241340681278481,-3.2655426365235947,-4.473177867662753,-3.0505810625720855,163.36003501942182,34.30492806434631
0.15071033084839858,0.07258898527963797,-2.7486392748832853,-2.448229289007364,-2.9703188306539965,-1.1969776807717625,4.010389116290084,-4.499350542320712,121.82574691871747,35.20641326904297
3.985391766126061,0.818118718645934,-1.76175541016279,-3.982664401870765,-3.1936845931604685,-0.33685884618292583,-4.747838870531753,-1.825465355582137,124.21374120887832,36.162883281707764
-2.947628581336971,1.7839350544862809,-5.099621470873579,-5.12,1.0471948439446779,-1.2312340274828286,4.722311577097812,-1.9672668939031466,127.10281814608618,37.114968061447144
-0.04648707993450518,1.293893985543943,-1.6777606994391583,5.062050859695103,3.383428710998669,-0.8429314537423265,0.0006078126293163066,-0.4378217303228942,111.91632859307815,37.98779082298279
-0.2385271577093544,1.3779699114868977,-0.48471770907482803,-5.12,3.112743907640003,-1.0861432815504086,-2.8268578919793783,-0.6047605620985719,123.87900934829698,38.81371235847473
5.12,1.7294388081746517,4.391564102393292,3.821360161138567,-0.25313726912982126,-1.6402102741659275,5.12,0.1771002071604446,164.37471884883848,39.606961250305176
1.145071173135765,-0.15607126180100206,-1.323445191405714,2.4174931835154485,-4.817053171024073,5.12,-4.522909226034343,5.12,177.69668045149353,40.61812782287598
-2.303932859172698,0.7357648089263717,-0.9165492014191585,-4.268027347236753,0.7006808640009901,4.985298610592726,-2.831518496425622,-2.005165902558253,117.17550822004804,41.52563428878784
-0.025903304644309344,1.0311491617831736,-3.0213469098357906,-2.4546566761151474,-2.248465392003018,-4.465830536738578,-1.5570652365481932,-1.9052710286401582,118.03903670356479,42.363649129867554
-5.12,-5.12,5.12,-5.12,5.12,5.12,-0.057502486083127025,-5.12,203.12191752386167,43.36108326911926
-4.127130561431477,-0.6842712779561815,-2.534528775644401,-4.688584865914498,1.4922718677662683,2.34099189712647,-0.8642440624399992,-2.019998547226479,147.90998497934055,44.53822731971741
-4.810031972190634,-4.421288068363652,5.12,5.12,5.12,-2.0506972964798265,2.064721216845207,-1.9403195260275798,168.82370451283498,45.719931840896606
-0.6211211447753797,0.16345820153125512,-5.12,4.135101362606075,1.344758014433098,0.9582830898094441,0.4916396535185523,-1.9323913130491315,115.42299693527468,46.896456480026245
2.079782692766943,3.9139257077958804,3.4572021480312047,-5.074195029397918,-5.12,5.12,-0.7738493936048538,-4.1193984285137,167.31852318429168,47.956093072891235
0.7580826530192653,1.9693351657603095,-2.3863567021035523,-1.8157255723725179,-0.8175616155980636,4.960271863106269,1.2906989801968942,0.9354839457786044,94.01070617225973,49.34975218772888
1.1834833618630975,1.8187272078796841,0.6567892964771138,-3.1114975450923885,-0.8211243222809639,-0.8935631618461262,-3.5664435385423086,0.7369892848560697,96.985418038028,50.68701720237732
1.189356500499196,1.948042458506154,-3.529756003282493,0.022236725799496426,-4.572850765738148,-4.692213958604722,1.8719027541150526,0.5119308496903336,146.6574697114513,51.95321750640869
0.4139484059932901,1.595513874977712,-0.647747420998888,-4.196629650348188,0.1449155752636031,4.879277941769078,3.951831045993461,-0.12083685293163438,129.54443792789894,53.37637972831726
-4.564993761589863,-0.263701679764309,5.12,-2.502194416331292,2.240076115249787,3.9021951070839025,-1.6925395488790884,-2.005991922892738,158.01065998606282,54.95519661903381
-0.7685594932334041,-1.380847592055673,-5.12,-4.665986735073403,4.176108844884401,0.5202438157079685,-3.1453959088224295,-5.12,180.2539434151404,56.458555698394775
-0.7149079377652585,0.2314795579850477,-1.1611829689967381,5.12,0.18046064307091125,-0.5848264605450302,5.12,-0.32652519939550917,124.98078137959244,57.66453289985657
-0.9746991293675116,0.293568521991987,-1.0765707715009185,-1.8205259252301498,0.7654768131007401,-5.12,5.12,-0.5804900365496302,111.73620280661689,58.99239253997803
5.12,-5.12,-5.12,-5.12,-5.12,5.12,5.12,-5.12,231.39770980628714,60.15853977203369
-0.27351321390281313,0.09267018907536251,-1.1292950320959392,-1.1088309905707083,0.5132730761934967,0.004304024187387512,5.12,-0.40908497969546787,88.81535337846762,61.47978210449219
-0.24733745245845817,0.05968851361002425,-1.1179595237019582,-1.0272895533396493,0.5351595803589166,0.057544154615804644,5.12,-0.41470806851057507,84.05544110749472,62.82877063751221
-0.21146532532667184,0.017804668526373746,-1.1094707082701287,-0.9473775258675214,0.5553708916941886,0.1301430758870321,5.12,-0.4182831828429592,83.35134142338129,64.08673596382141
-0.1782127263483515,-0.016595022775225843,-1.1054868279896057,-0.8878177925243875,0.5713932467065437,0.19402655483288456,5.12,-0.42206041535033556,86.09523043023542,65.25227475166321
-0.15961686087232163,-0.03199602269262947,-1.1057603856255982,-0.8583126880244665,0.58133385480836,0.2252123289737078,5.12,-0.4272191449045257,88.28397190658133,66.36367583274841
0.33254217778817274,-1.593922002829121,-0.25234060562369987,-3.028042238569347,2.0894589685500202,-2.485973550985028,3.3406270775235756,5.12,142.97298764009605,67.69632816314697
3.20920875533933,4.793701528490858,5.12,-4.921514956319239,2.753382339009967,-1.106883559207172,-5.12,-1.8872529618685085,158.02740580407132,68.94682431221008
-0.32062758293145244,-5.12,0.05694554302460553,-0.9215705851537628,0.35789193691020316,-0.284350942117916,4.35820350695757,0.35712662815866203,126.26123622893175,70.16207671165466
2.806136441824002,0.6074978021887141,-2.126583791004789,-0.7076780956208015,2.2505889597378337,-0.7351347275629667,4.490452394419823,0.11601400718681809,122.52016221864345,71.34823799133301
-0.052121834282352175,0.4062934052401035,5.12,-4.882193136649269,2.9027459654580268,-0.9787506035287086,-1.549609224148996,-2.248357955124662,122.5465468731877,72.50578927993774
-0.43555205964290966,-0.07217231141657088,-0.9180772469972434,-1.1340711601265507,0.45053528099265616,-0.031018539978909132,5.12,-0.4197539397206631,94.93552324078765,73.79084277153015
0.610520294816495,0.9528049884745995,-2.5531057688707497,-4.483403235667535,1.8542394028137732,-1.658788681094003,0.9159410621560289,-2.429791447924381,138.08373240965867,75.00082325935364
0.03132655294060438,4.503985922200434,-4.175844240869507,-1.0407254175400542,2.6307514807714707,0.7667565973509065,3.4357413595447666,-0.2797419670205379,141.0358780402458,76.34755492210388
-0.4177393733182386,-0.20744648565853296,-0.7241240432436493,-0.9997458776694872,0.4546449331401341,0.18870154773217696,5.12,-0.34052793503215284,109.92080567611357,77.63287591934204
-0.4596515603902507,-0.11870311950679291,-0.7610712013559473,-1.0913219574486464,0.45665863453175337,-0.009501614989093632,5.12,-0.36487662767747775,100.7602605691513,79.19178771972656
-0.45631900214048304,-0.09320976615595455,-0.7866888196580417,-1.0980140649322916,0.4659226729747674,-0.032661040521967166,-5.12,-0.37515327789665687,99.22886300384029,80.8039391040802
-3.1996276892232247,0.2654815607717982,-1.3014482868490598,-4.59877601380605,1.8921988273622876,-1.2675476473330942,-1.8502519035727727,-3.922742774027677,124.89198121370973,81.9002571105957
-0.4972107505191792,-0.06547662933654852,-0.7742447022945731,-1.1649121563102733,0.45859630296832155,-0.1418556672943625,5.12,-0.3920749264462584,106.90421294610499,83.48796463012695
1.15838016048676,1.0040638826310513,-1.4402021566742222,-4.1555725910610475,2.82239558387362,-1.1693183989053608,0.8967004017387863,-1.6444165850751533,91.74797641511539,85.10229849815369
3.2098096173746358,2.196096020064658,-2.2107771161815752,-0.24828638206177,3.392458247817861,-0.7569983187702949,-3.89334553869831,1.2143228449541255,117.72394567530326,86.56619763374329
-0.8601049255835473,-0.022269051268716034,-1.2768159056270378,-0.19710700667156633,-5.103245316255851,-0.07568468347315083,1.461616680509512,-0.4815517561266196,95.743655231405,88.35680508613586
-2.317004431474682,1.2710609214812978,-5.12,0.9087627749195608,5.000469965599353,-1.1415502616715396,-1.5945503475990925,0.998320555544872,115.57491960447548,90.15909004211426
-4.555341931358966,-2.855735585924787,2.2546028627766637,0.33450903860528314,4.1510465922116575,0.42640122339260333,-2.6580944639884767,-3.4014443352542147,175.46609283445198,91.89153909683228
1.42357180273308,1.189745008708865,-0.8225606640621859,-3.366327238191041,-4.622743750417899,-1.2645541652840135,0.0604651667333993,4.107693757425586,133.7420691747168,93.61036014556885
0.1276164192004181,-0.04897959645889127,-1.347699975150586,-5.12,5.12,1.309057499337773,5.12,-0.27626168213012114,134.94405964141666,94.9370505809784
-0.04728668778168288,0.06539278126073533,-1.5778776617250636,-0.95768106747503,0.03261426339986695,0.5864451334244736,5.12,-0.47192854161100506,91.96908508495798,96.38019323348999
-2.2339970689722968,0.3411585585429062,5.12,4.488398403854821,4.224105611528475,0.34523168925709413,-1.4459077267406064,-0.5417022969442202,182.0128373782756,97.92765951156616
-3.221972698114526,0.7312835122127082,-3.394557654500842,-4.026073471000296,-1.0897560321754831,-1.167459056960102,-4.737827336846827,-1.9377788845315917,122.95073190427384,99.58098554611206
2.3358852558543832,1.24449955416961,-0.795308986777088,-0.8522926738180212,-1.8165573240191653,-1.02166075446004,-1.7331935298172092,-2.027882494353077,73.05281411500627,101.16246795654297
0.417550652948778,0.2932594914982012,-0.8315832189541359,-0.8774252937824727,-0.34107646983550755,0.08708859547573322,5.12,-0.8428405489089652,92.13819659922244,102.63799905776978
0.4211835619153659,0.2954985119783986,-0.8341505198829777,-0.8764811092323628,-0.3401506430288128,0.09101691519354027,5.12,-0.8454433894809803,92.24341014375473,104.094961643219
-1.5316074751454418,1.273829194418913,-1.2375352211883337,-2.5947283443196243,0.019797393654233275,-0.9973653241272924,-0.4070462787371669,-0.7206181615863505,102.96244208590986,105.75467300415039
1.7835027273795605,1.0937426609554572,-0.06077692300952542,1.1195273336627167,-1.3710857556213218,-1.2600752417290972,-2.5883797089949905,-2.807518825542021,89.1787818523141,107.28996205329895
-2.580489179837317,1.563218590086084,-0.2622915586907313,-2.658944160669329,-1.9468520700753777,-1.0208649345503886,-3.786504938281366,-2.7421956402187666,125.94112412283881,108.64875411987305
3.220613296807369,1.372341512007278,-0.7592278306207483,0.7374398946267284,-0.3830957107615873,-1.026201144504249,-3.977091122613701,-1.8139743850471737,102.75624256473395,109.92214965820312
0.7679138428270322,0.27551740855405527,-0.6715192598581892,-0.5408283416824284,-0.43068416361625506,0.3281675477791772,5.12,-0.9846910935539404,120.30527468899004,111.34071779251099
2.327743845365063,0.5168231330989776,-1.0299530386566378,-0.5375093566008289,-3.771432566655787,-1.0649106344929073,-4.404159969712563,-4.027082176232707,140.40722225392437,112.78653049468994
3.4912689961186443,2.1476129222745097,-0.4026664466668164,-0.6212789165194508,2.0231473454015614,-1.2213136031951426,-3.7122499203686044,-1.433741699865382,137.98734494693272,114.17040395736694
1.1031650606414622,1.2219959384524648,-0.9431117507534585,1.172087178896585,-1.2153131718297714,-1.2892828210732619,-4.097483130930816,3.6706761193491735,91.46279284282626,115.65809559822083
2.07697490294196,1.2251563599963236,-0.29337349520277556,-1.9393394671763273,-1.6956268232602163,-0.7725598971575627,-2.3664260163764936,1.1699743244138094,86.90295460395873,117.37912487983704
-2.555169816900427,1.2621079076918367,-1.4658377642965523,-1.2533706112848648,1.8431885406983053,-1.2602625326083756,2.4495732765701392,3.8032681002452593,138.7752699778163,118.97329354286194
0.813991379664535,1.274149889769566,-0.8422451264192139,-3.2081472442302,0.6905209831054506,-0.9536735755160475,4.587954415341945,-4.558703984308306,137.93737465044975,120.5419933795929
0.39786267867343206,0.331761581726286,-1.000900839650357,-1.1009902041991326,-0.4497047915542991,0.24339140021058014,-5.12,-0.10208292087259707,97.627559721708,122.17257046699524
0.3766256625902873,0.3318018855281828,-0.9921291152884404,-1.104347414678089,-0.4244034640713208,0.18090056678673783,-5.12,-0.12187122810844375,93.23098559624778,123.68569350242615
2.129056314992156,1.5555872164729205,-0.6827987145460694,-3.7047077616694564,-1.5301723326001162,-1.2028362831753823,-2.0481823863379414,-2.968588914916463,114.90238934165576,125.21332359313965
2.3082914275706923,1.0094850017687156,-1.5711321776572236,-4.001451550859008,-1.566258363335868,-1.039626226554641,2.925831785568282,-2.573281625187418,115.63984688705332,126.97404551506042
0.3976108025775815,0.35092723011207116,-0.9835561954389336,-1.0700879059535815,-0.44186062365216205,0.20662671717047054,5.12,-0.10992441979632694,95.44215789682623,128.66032791137695
0.3678222242644438,0.3287442456965213,-0.9969514682268992,-1.0296297974404247,-0.38100033573555603,0.19276807587269484,-5.12,-0.13091351433915577,90.09961343335178,130.2630910873413
0.23678944431344373,0.43760378962586177,-0.6822954307690594,-3.9543918701090743,0.15948745432576406,-1.7008991651237064,3.7808413586047704,-2.3225259576801056,122.03063786424501,131.78866291046143
2.2141098360365126,1.171814965341408,-0.2098945876375975,4.512728607365676,-2.1529989242138576,-1.2295416668908814,-0.7705118407185871,-0.972619885918319,96.74861783767463,133.27568936347961
-0.23796408409691683,0.44451512807940485,-1.0447586736018613,0.7330908086109389,-0.11149648206044471,0.2850517050263939,-4.163995791027865,-1.549494668113943,100.72830371353783,134.89075183868408
2.8334514373789137,1.249199715625375,-0.3446501222716609,-2.6659255254424377,-1.7991346381598574,-0.8994638500654775,-4.19953300956651,4.933667248034822,125.05339723583391,136.76667308807373
5.055571800583459,1.1923397334219734,-0.29457890366288186,-0.8361897163141894,-1.4806104193200884,-0.8879962461778055,4.12087872633606,-1.1517754345917832,102.98716815363989,138.55957651138306
3.1701431164272362,-0.9400394891624213,-1.5643980116053302,-0.4422242542422614,-1.162522558317114,0.018891797415359513,-5.12,-0.3028011966275814,106.48073686151673,140.6496422290802
0.23603349279595598,1.6106004303823616,-1.0758279543964822,-0.7896922164186249,-4.545460218566103,-0.8243290905461684,-1.1023493589362197,-1.551556072669984,111.4140131097737,142.9192705154419
4.72813389050918,0.7665077492695547,-1.7399312859615517,-5.062473997666861,1.336734727897447,-0.9353505313638699,-4.93527450389331,-1.2803194050935742,140.69048737096145,145.05624914169312
0.8193792151053492,1.5980087041298114,-0.6650898329839512,-0.3936634515942705,-1.8279185077761584,-0.8686549225323645,-3.726986351000447,0.39626579447576127,116.74645761523229,146.85058283805847
0.7583101687464344,0.34406133439807274,-0.7696544626711272,-0.549432842326306,-0.47020003080002315,0.6995326446770402,5.12,-0.033243996986217716,117.72434979403499,148.57056188583374
-3.696327341235771,1.4187130183673524,-1.6340692954515457,-4.218230632206255,1.6938764125815355,-1.0860123088053557,-3.0361036723144363,-0.9996318825466979,122.2467236077095,150.14964604377747
0.46178392627900955,0.2628555830380117,-0.8367924482944673,-0.6942507070799122,-0.2917301256376188,0.03524582524758646,-5.12,-0.1889268786430902,98.36827006862393,151.72497820854187
0.47807451646882626,0.2914962223055193,-0.8218324227665814,-0.7497138325409001,-0.3413456097605234,-0.04407278293510064,5.12,-0.1940283780579568,101.13690092683542,153.55843925476074
-0.04308606238915935,1.0988889079033326,-3.1935090380799753,3.4318051407425587,1.372066631627625,0.7353406462388135,-0.09346339239808099,0.9535431244636206,84.33791865208495,155.6196265220642
0.11213758740085567,0.40127896378334516,1.184111871838585,-2.0378088349759365,-0.48919746846802603,1.1278615218313508,0.23475062646735445,-5.12,95.07362115186511,157.50648021697998
0.0028010157670443903,0.7956432101405051,-1.7517747385494253,0.9522329375849639,1.335000154306825,-0.6110576758572037,-3.4070125177851507,1.6199061462037756,106.89229055943049,159.50710344314575
2.3333518232690276,1.3019040692674473,4.098371938849962,-3.8519269183304417,-1.8135426513038788,-4.81291679599176,2.6108446394658866,-3.27387428949942,158.26818771511623,161.5314745903015
0.015550463232334444,0.2921141061064274,-1.6439968758740973,-2.3774939249085394,-0.47270225398945254,-5.073196214311497,-4.865492156199453,-5.12,157.2780911698548,163.55409002304077
0.19166294895896652,0.3830154740461875,-0.5657695917053394,4.327520204673882,0.23605942660843304,0.35294999311006947,-4.1983219412184525,-4.917819073858048,152.16043230566447,165.78755474090576
0.5457494533074279,-0.05989880660284186,-0.7539277261476851,-0.5075133951357014,-0.19818489667106842,0.5218025003660092,-0.14940365990563276,-0.2786109658068714,94.1583691111075,168.31715059280396
0.5000057323876952,0.005345707837633107,-0.7997481170381171,-0.5359811280386593,-0.19075787311888703,0.45319492451343724,-0.15492225929915904,-0.2797906608010514,90.36679224823058,170.92773604393005
0.483384475882608,0.032893893718897615,-0.8199737155020097,-0.547041032595704,-0.18764384366307407,0.4220221796961301,-0.15442127978203324,-0.28360589942393766,88.44247075932735,173.35316848754883
0.4765802144147777,0.04632151163863796,-0.8307836956494974,-0.551320232408596,-0.18538209987595167,0.403343762398765,-0.1513822062226975,-0.2883148670875446,87.30225691752018,176.09278845787048
1.575098348635028,1.1603974235732162,0.20550753079694495,3.20697007936963,-1.2163970193489946,-1.1021918490016303,4.047393497409389,0.7581092277748258,91.77156865532596,178.82393741607666
2.1444864409103355,2.5408246772256478,-0.705435977293777,-0.4829589337940643,-1.2474676647762135,-0.9971517793002924,4.336898329590329,-0.8238185267081777,120.60953497595779,181.04831838607788
2.0340710030129756,0.5657866207038476,-0.9146422262611003,-0.2622439319085368,-1.9971104729318383,-0.8581871478354914,-2.088139626608046,-0.2302841843458152,60.03449606436486,182.91743302345276
2.0550488799395996,-1.2781826189012997,-0.7750474063778423,-4.88385284768392,-1.9210739721856034,-0.9972043562667618,-1.1013171117869422,1.8426649511914253,70.6022008209846,185.0897994041443
2.1388143674454856,3.5273659448608745,-1.049404182484718,-1.928862612801713,-2.0691134294689757,-1.0741247072377629,4.014591227235836,0.30114085087866993,83.55611061676865,186.87652683258057
0.8853155850721635,-0.11778622503525238,-0.6165976304862797,-1.5904257180025048,-0.9497242694850385,0.11457339240956,-0.16202428626000032,0.09692799259295803,55.14635104493413,189.55466437339783
0.9668254327028611,-0.25340855497470294,-0.5313919825836502,-1.6421851185910485,-1.0101259753082408,0.16473006089481146,-0.15386658994402325,0.11831804121142042,63.44186414568884,192.45308184623718
1.0356132298451328,-0.3462780875026761,-0.4721858742410383,-1.680798526818088,-1.058253082432424,0.20391636293788995,-0.15182071664366603,0.12971299623617494,70.6018414658848,195.29693913459778
1.07652768653886,-0.3913255335381498,-0.4426873090474226,-1.6947400616436337,-1.0851070335619344,0.22480171658959947,-0.15344414515725102,0.1328051784944,74.70455812429437,198.22108221054077
0.49534104312573657,0.08144947837626404,-0.5188883727043514,-2.514483409316831,-0.9973794338657767,1.5304652102494414,1.7656343340404241,-3.9488227079089353,119.40729815036623,200.31596302986145
0.6697930758887871,0.24812525099434168,-0.6395561978278357,1.1581707595639879,-0.9938978325466854,-0.275982193255361,1.3074082921875165,2.2665904160029546,92.02570369447402,202.74028515815735
0.9581214320875917,-0.2994438343193515,-1.1064945149704615,4.168522682386484,-0.9613637019221777,0.16149884429908035,2.059216028082237,-0.04403767022943583,51.53926483315725,205.26484489440918
0.828076494625722,-0.09536233484249745,-0.9275229456013943,-1.5489435213395906,-0.9708955073712451,0.03638267795707861,-1.5828434662730193,-3.972775930086556,70.01575945287749,208.02534437179565
0.6734375111361643,1.917558769025816,-1.2478961489132536,0.3105622984622549,-1.12955442919572,0.11843521156897019,0.4920867739151902,1.350278520959729,90.31762057164084,210.64141654968262
0.9780710184359318,-1.9739985678937626,-1.0512426601854266,0.5457481467503342,-0.915206520094844,0.06443331896944571,0.47921044241476807,-0.06142095470772624,50.507542592893,213.39131116867065
1.2792165283027739,0.545220848594477,-0.9447726877084364,-2.1417322819440425,-0.8955744824355909,0.22119071458937256,3.092839859320777,2.4350640423136225,90.59889904210848,216.00853562355042
1.1859676162337385,3.2598973096275694,-0.9466976232612305,0.4463427379551943,-0.9989580787005927,0.059653748115840344,-4.849333207154865,-1.540658149265306,101.2445687345281,219.0930643081665
0.6273926287382956,-2.3543450307744354,-0.9097121839544986,4.049633981560375,-0.9781235120079224,0.22203923426330885,-1.1009403294440663,-0.26403442650235487,81.7326165176384,221.92724919319153
0.9446305811018227,-1.3077990703112312,-2.8085919347980286,-1.0032779890859818,-0.862836975767963,0.5046880555576054,2.7988160867927796,-4.863105324325037,98.47686404782883,224.4224991798401
2.1928905784393598,-1.2060946568926214,-0.8310993522590904,0.4456593512794518,-1.9727114801289662,-0.7543526141710046,-0.3950916105710309,-5.020688766440115,103.14868214039126,228.2359778881073
0.9332052548865555,-5.12,-1.042267953980823,4.608792328954094,-0.9149001951845142,1.7906253002605101,0.42441936784160283,5.109285400979373,131.45348206495197,231.06998705863953
1.0736713637098498,-0.9131060081891249,-0.968997829851789,0.31558016385381826,-0.9706764200007383,-0.11893791355398342,-1.740045032301655,-0.929911618743855,38.98729508180361,233.7850160598755
1.2029825697015477,-1.533031332143119,-1.4158206189262592,-3.2952760071073266,-1.0205098416754224,-0.10671565458637922,2.0415576789941507,-1.2851815222958836,96.6267587505452,236.95852303504944
1.0690820572926807,-1.4179381410282481,-0.6830550593738192,1.9644316287654195,-0.9053505025511974,-0.1313704173990624,2.0208255850968886,-1.286963880820494,65.33679304197108,240.0125482082367
0.9656310328692737,-0.6632133923216532,-0.9055201126146146,0.5611768392877403,-1.096055598346143,-0.016521534399023707,-1.7914033229872635,-0.2644306808700154,63.54172528054114,243.19236516952515
2.1791468897458808,0.040861093258906855,-0.9975406062897996,-0.7571628767320124,-2.011597856274623,-1.2631689202812084,-1.816868666664095,-0.28390808711030946,59.803785056326795,246.25954747200012
0.8814434432820146,-0.35187728365937687,-1.0413634241802834,0.9558409727215258,-0.8712463981537875,-0.15279005543844182,4.318644227199511,-0.6468644852279848,79.66921355985554,248.87093305587769
1.27140426078621,-0.9045155153949782,-0.9569078471841399,1.2749958132525236,-0.9844080250168261,0.1320297211334216,-2.7161869236056435,-1.7781981691405417,65.15971456106152,251.15439462661743
1.0605980454854294,-1.5510264289894082,-0.9024994041628442,3.821447580295959,-0.9762741863307118,-0.0005551713310625317,-3.128097714960565,2.698778480453403,80.99714567452364,253.42247653007507
1.699109468341642,-1.6476394786347006,-0.28669611391134353,0.5703873574398779,-1.6497931001104518,1.1413966465241332,-0.2872515089365617,-0.26589880887585693,113.54930855818975,256.19969415664673
