4.473770077381928,-1.0763687639321287,2.4124371498876886,3.900121459630408,3.102923695490868,0.06807317450156791,-3.949071988136974,-2.239440433695358,126.63514971671616,0.45179247856140137
0.36873338167466585,-2.020776902722362,1.990386028842373,1.2142187929035284,-0.17574224655734572,-4.129537867539246,2.365375728719468,1.0317065855141436,83.52379886286963,1.022303819656372
0.38368664197706615,-3.6301428897815633,2.005892664201257,1.2188480466616705,-2.768199335417666,-4.837464812315835,2.3492126084391165,0.9547986317018777,128.55023142220045,1.5370068550109863
0.28802329139887917,2.5058302881870658,-4.299041281703674,1.7957111569181032,4.231154259458212,-2.1623715109723083,5.12,2.2031339726729984,157.66972001376584,1.9664113521575928
-0.29391682478354486,4.987932610587939,2.328437382500412,0.5425035750989737,3.4141500253028285,5.032171318890765,1.1019782165268417,3.122311722324988,149.33188835974735,2.3686089515686035
0.30430859786641307,-0.21201124170850694,1.4345115831962758,4.854178806425009,1.7754753708675661,-2.4122543208379637,3.267632592920097,-2.1371691591819366,135.55372998025348,2.7873029708862305
0.45476506290837726,4.110319181578645,0.23520837785920357,0.8392108390262729,-3.380075770899354,-2.357382167983859,0.2486142005874452,-1.317824395394283,129.8900876756351,3.216815948486328
0.28824543804018354,2.5463648852927783,3.5188941048416575,1.5063680701983184,-4.6576664152271565,-4.0528490388615275,4.585406127461691,-4.396351355056178,224.1478251614672,3.9812660217285156
0.3454542977507735,-2.007593080205806,3.6642613179063757,2.4088524827355355,-0.23993339379763157,1.4059028823873803,2.368429105957106,1.0387479236600745,126.03083691781143,4.713293552398682
0.5372192922969532,0.9958545140571831,1.5090517102000778,0.7241470670822112,-3.2942704854085596,0.05855924409257085,1.0580894736420179,-0.22015931375475528,89.6477990782641,5.288437128067017
0.42955856576355167,1.0268306642031026,1.4621105227047222,0.7187960787715539,4.653851855862544,-2.625051220974438,2.6442562688852664,0.00010849548743863124,139.19394355045154,5.92086124420166
0.44994968227592125,1.089192253475768,4.2292976516008265,-1.3563177687650385,-5.12,-4.86118976356811,4.764990517309973,-0.21674741724820645,162.91344383365887,6.777282953262329
0.7395731965248409,0.8863884642272346,-2.396000317475568,-3.182832122957495,-3.604313361551962,-4.392077998415935,1.6555377880362547,-0.2935420308430565,153.26253475774027,7.593418836593628
0.3663059030211402,-1.949841394997672,1.9765565736827044,5.09308229852303,-0.13705823119903204,-3.7050769831888903,0.9687912722854506,1.0148001570710026,84.93895437659233,8.341195821762085
0.5198680751061611,2.6117236751277213,1.7707078300729542,0.418358846562187,-3.5111057484303583,1.3605743247891189,-0.6588906338723195,-0.5673187728451738,161.22348874680387,9.033094882965088
0.3671720888659671,-1.9513436707390834,1.9552561793714096,-4.363471348475572,-0.14035439995324328,-2.815156185449832,2.3290401695955563,1.0299675594940547,99.9512386435621,9.702462911605835
0.3765579753167341,-0.5807983664541556,1.5964393725132222,0.006362698717031989,-0.9530174754510439,-2.626909579046782,1.4964316363543562,0.5733250998062154,123.88416399524357,10.500272989273071
1.096124063329893,2.2921829688333677,1.988860467003029,4.348497985192648,-0.15761886954711457,-4.078730092332195,0.44291845947576913,1.0162963927552822,102.55571192843506,11.16174054145813
-2.466211018039883,-5.12,1.8624218752289243,4.075792071442193,-0.1765475452714078,-0.6612927384805536,-1.4154211460155826,-1.9498446010241612,125.70854361406492,11.961859941482544
0.20083090934261616,0.3679056845903377,3.132522453358418,2.672054388577938,-0.15139220329790426,-4.219910882261164,-1.3285462097001544,0.940444971515328,107.03481891432817,12.600236177444458
0.3575603204972886,2.9161060150389373,1.3964343119731,-1.42316747884984,-4.233171585501149,1.7797120777720705,0.8202618152126888,-1.615972869714391,131.68118029784762,13.538687229156494
0.2341509156494821,1.3907673534484797,4.0734964991434515,2.35521993664908,-4.176908271691351,-0.9011606105576835,-0.6575188985519613,-0.24753499932496048,119.57957003556933,14.308810472488403
0.31146858736745475,-3.7094172685602045,4.432027943822887,-3.4907966977741793,0.4525128825928393,-3.7549083185857555,0.4309888929754342,2.0564796485325028,178.72604699292174,15.311990022659302
4.902083829446595,-1.9547705982190662,1.9857141309427053,1.176975098590158,-0.14725307285182598,-3.9871876677728566,-1.2106280972842751,-4.477078639052638,109.9186212522868,16.299384355545044
0.15604909001172462,-1.9534514005216441,1.987580575382788,0.1603841163926294,0.04370792131937762,-4.0738436713091675,-1.4830431442617042,-1.5863627059201377,78.62035827264681,17.06592559814453
-0.13160084018583618,-1.8896027719779314,1.9910244974917326,4.551931627702042,0.3375177294148246,2.087351568310324,-4.5901226490907385,3.4883223884351784,146.11491346523067,17.786932706832886
-0.8495769748639246,-1.9261111597630332,2.0027375726428076,-1.4844437371923922,0.8893013268873062,-4.800185570441496,-4.128975799648252,-4.128078592373228,109.12065717704635,18.876619577407837
-0.24958316617716925,-2.008868652039817,1.9834234086180835,-3.0488802898857874,0.726891076088334,-4.007350870070745,0.34460431020418447,1.1986535823279176,79.86897278870433,19.759912490844727
0.07318204030291131,-1.8446376643984008,1.985234802716949,-4.1378074816804755,3.426660178919602,-4.026068678981468,-2.7470059404780893,-2.6061479823058433,122.89585174903121,20.716991424560547
0.08266427747608951,5.00836374643288,1.9865093682735662,2.921142384044942,0.11322483738304889,-4.050283639659201,-0.7371237142643876,-3.5131680236536593,103.1387478917108,21.786433458328247
-0.1744971788522358,-4.5667679834508705,1.9797993228932755,0.8679347885120956,-0.06168406718117936,-3.837499215229335,3.476797269835573,-3.442124380330522,136.8770012744542,22.695860385894775
-4.336803376058026,-1.7481225634879234,1.991199776939534,4.689025854959392,0.39405862338429554,-4.392208126066778,2.1882649091186464,-0.2599754874406326,163.67940918059676,23.61807417869568
0.06554212416010863,-3.8397929237735338,1.988392748049062,-3.538302543651469,0.12473410357229309,-4.156107618780322,-1.2133058125540463,-0.47266078454068605,110.35467107778375,24.501314401626587
0.17110149274512843,2.4521079206638703,1.9831195926742682,-0.779100891928806,0.034702637014428106,-4.0643539583394706,3.9110482975866665,0.30603933254000637,91.53733494192053,25.58096981048584
0.17330969272895302,2.6481863041087514,1.9597293216942013,-1.881680217284464,-2.784223561166065,-3.0664457575408024,3.635837271586708,-5.056075549698327,120.56761698380363,26.577160358428955
0.136553598656608,4.709037966838442,2.105863104162715,4.502327530682089,0.5075262362978155,-3.9660994686967532,-2.0186456562519366,3.009562452522206,134.45718306387002,27.579612255096436
0.35485713191780555,3.2257604503703847,1.9471745655790382,0.870131274462933,-4.020799502984465,-2.610045861478815,-0.6858815871123323,1.8359970364858755,106.76462253256744,28.58546543121338
-0.14248539918424719,-1.511774289362989,1.9804477431727063,-1.7810051642306584,0.5392698028895522,-3.9389919469447365,-3.9976686798359635,-3.1756283890895434,109.05067402275068,29.541831254959106
0.1941142585315303,-1.8366638821874188,1.98945073774388,-2.4132910379124364,-0.03633341415969227,-4.167630742849387,-0.4238824976352147,-1.2580022685756274,96.97258597565826,30.754576206207275
0.03346023104848328,-0.6816006033264443,1.9844380979366045,-1.8708502113740506,0.23068917172883285,-4.193768776013545,3.436290503051283,0.42927213767652717,108.65499824984494,31.676639795303345
-0.3055688111203283,2.2182979559606277,1.978140977840959,-4.879433062204209,0.8987414969838872,-4.244412589419816,-1.3059528799878422,0.5920755883314328,121.30801340486386,32.523444414138794
2.0931129089810927,2.0159320000385996,1.944904721134182,1.2316014017252455,-0.2103100850426891,-2.0828398198583513,1.7525595103427767,0.14426699495074402,54.902351574243085,33.565985441207886
3.465807123184601,3.8691321430920764,1.9344149628333582,2.8747106561536455,1.5235333936623965,2.6077631255051426,2.4626699647241663,0.799558779189292,145.90417424244717,34.6071937084198
3.066148106903026,1.7077657066890195,1.9523215329509025,1.2473869335974612,2.553814062656042,-2.07652430540898,-1.5399342490111123,-0.0031253809252405063,94.90214719556624,35.84227538108826
2.8325206282853745,2.996642740661245,1.9077239926693519,4.998109259865784,4.757160779203777,-2.8936157177558623,3.4831943827393337,1.5068142198121768,149.3491183583664,37.11294603347778
2.83555941954313,2.750050503209316,1.9587495571250937,-3.3840010405011567,-1.2480363414209434,-1.9250228839912649,-0.8994542203591074,1.9866551904289205,86.51118392344546,38.67576050758362
1.3918265103241252,-3.3831061167757412,1.9483120052807292,-4.4964698251215225,-0.6014419896648953,-2.1280835269047604,-4.208415228990948,0.18080762616495427,150.05940711449065,39.89234137535095
1.7089439696754525,1.6570904784595335,1.9499574295674948,-1.9989710326384835,-0.03244822144062276,-2.031355561645609,3.2038141676378205,0.3527831499554397,80.09188849642553,41.110424757003784
2.7063277410078186,1.9173523575363234,1.9201732143673498,-2.071650803690549,-0.5306943935450299,-2.290367182795766,3.3040638900860246,-1.7175191399134304,112.3119600185907,42.33915114402771
2.0564721899222933,1.8120055075061048,1.9691082214704725,1.2546716028852458,-0.4492611904051058,-1.9087850178659704,1.3244424057701165,0.4419169661001625,91.00892389627752,43.545767068862915
0.90484211969396,2.4573082664513324,1.9467230304639678,0.7369057240652497,-0.18896303041150642,-1.7585780030158027,-3.5706022012916074,3.545664860610139,126.73598782508645,44.74626159667969
2.20738145424171,0.5693992187510286,1.9449031386812825,-1.4279271616584404,-1.929355864611619,-4.672712267919563,1.391484904136072,2.9749060277222865,126.88984573018386,46.33043026924133
2.0920753735188624,4.817977743333421,1.9108354687120315,-2.6988181193134784,-1.8535347647412674,-1.818884053566173,1.6155884023701619,2.2177380579692603,110.1843367851922,47.325679779052734
2.5825593335244683,4.366367320006346,2.0138460173180466,3.6639431360221506,-1.755200840577532,-1.9193170142224774,1.7836251932574498,-0.15403736847283245,126.89460783893884,48.72626614570618
1.4254365131269946,2.6694196700564117,1.9445702085555947,-0.49504215137763374,-0.8495740853782765,-2.4245633833505758,-0.23810575184079052,-0.17667799953178687,112.08878690739941,50.00662112236023
2.1764842175367747,2.232187832916485,2.2406119051361957,1.5166066565567675,-0.18830960207553815,-2.080752873480156,3.9377388858091136,4.54385108538188,129.19850565164603,51.25411009788513
-4.417567910241977,2.830739371595433,1.9306166801364215,1.9554592891434925,-0.8045697686600954,-2.085424870765245,-4.756345194211661,1.1607234289259836,111.52596476608396,52.7041654586792
2.723706771925152,-0.10571719980825556,1.5202469965759322,3.5262966511415845,-5.12,0.5081656665278693,-2.8197575894496216,3.299588617687095,162.5590471557993,54.14611506462097
1.2717842027510402,2.05206543152328,1.4221178611914995,3.406557817500805,-0.22666156523134173,-1.72581855538771,0.3042292937647604,-0.9653356002492073,106.18675746201188,55.261433124542236
2.6058337974774464,1.610911310818456,1.886570923047052,-3.145718525429924,0.787991513320609,-2.229077148293265,1.0033017790440217,0.8083525682408972,94.71038388317717,56.42824077606201
-0.5626865994891066,5.043671041410263,1.6951314887679931,1.081458502020344,-3.985091050730096,-0.8081823868924722,3.9231143790994887,-0.05555172253630136,104.2120944944215,57.73205041885376
-1.1714304659280952,4.069259887050255,-4.171173192405381,2.931803274840701,-4.426718247554796,-5.12,-4.907859352067659,5.12,178.3904409160022,58.8621711730957
1.437914995099237,-4.353979563938304,2.482004773386654,-2.9305844521012068,1.075937324242699,-2.6881722589388284,0.9410479852674429,-0.4436969314263317,136.4026461122855,60.124587297439575
-0.4510077352255282,-1.1361641671887286,1.9952315841879242,-1.9767915021401548,-2.3953931940047513,-3.996439776698896,-1.5540433356969863,1.8137643001217372,103.32771461089314,61.40413689613342
2.4114171484447446,2.5279521290564446,1.92972943565377,-2.289701526008368,-0.6858112855926937,-2.091536186605308,-4.662587134785864,-2.4768537074565247,156.3042098914581,62.68913507461548
1.3377603987888849,-0.27701753733198586,1.9300704674983198,1.6806928090059614,3.791651905962751,-1.9614884057079878,1.5889493882864647,1.2725811658595498,110.47765309639553,63.877055168151855
1.1823774186612512,0.7508116401904452,1.8478640388499308,1.1978554383808682,-2.5435934087006347,-1.2791492042518375,2.497167461136886,1.7266587189663127,113.88276765495812,64.86250257492065
1.0702868523063414,-0.5373370594140381,2.0264258593714217,-0.1655073041588686,0.43723360349798757,-2.9424766059683187,1.3776856429248499,1.2820167307894978,92.78500511027629,65.94175267219543
0.3270467466332754,1.5151221569086646,1.9820296128991979,-5.0144628422051944,-1.5914273236554202,-2.1965659412501157,2.7908477195767487,5.089436633784763,141.33811300579285,67.21431088447571
2.161528918829422,-0.9813395786736763,2.2378504104408163,0.42936762969556863,-4.197069025832204,-3.7680359844624505,0.22869390073855378,-0.011534021143009276,100.04981849566119,68.50643944740295
-1.4699401084291592,1.6255655536892517,1.3805773187587906,-0.008815726969425342,-5.12,-0.5176179651160169,5.12,-1.5488700792351713,160.89453986156755,69.66515517234802
0.6337025951061825,1.110994632215311,2.2672849707798344,-2.03334687043617,-1.053467479528476,-2.7708348522172295,1.8938474309840867,-0.3812397784058783,82.4812896912923,70.88560748100281
0.316034653911605,-0.6210033806161341,2.3983824583840727,-2.88917169364229,1.5981417257915211,-4.241613957740046,0.28548378047911793,0.4629238237107005,146.63437016135126,72.18350648880005
-1.6546397449717398,1.0711315635181737,3.237826071258749,4.618679133591237,-3.0915336639880837,-2.480948012639427,-4.93603123768193,4.352349599766581,176.25549625599615,73.39838671684265
-0.8628543120544148,2.62713956923845,2.258504867756285,2.123167935563929,-4.778131109310291,-2.3162113564918307,1.2284765173797698,-1.245878762672171,123.03363198637622,74.68914532661438
-5.12,4.227126015597423,5.12,3.961303875273628,5.12,5.12,-5.12,-5.12,215.97065274536118,76.0435242652893
5.12,-4.869325710490982,-5.12,-2.9716018354703744,5.12,5.12,-5.12,5.12,209.43327317927714,77.33323907852173
-5.12,2.875999783724523,-5.12,3.761320453973968,-5.12,5.12,5.12,5.12,208.14115595519627,78.70783734321594
5.12,-1.1770821466529058,-1.1179384532610595,2.131358092172694,5.12,-5.12,-5.12,-5.12,163.21785009623386,80.5211923122406
5.12,1.2696347358029998,5.12,-3.2095729146820258,5.12,-5.12,-5.12,-5.12,204.17929141836794,81.88926911354065
5.12,-5.12,-1.1504014224190957,-0.3343699818980914,0.8476189058408146,-5.12,5.12,5.12,170.21996276831086,83.34552907943726
-2.659600899126728,4.015692834066221,-2.0682316220202517,5.12,3.1839716259138777,5.12,-2.099893922101854,4.058575584259761,141.22339597330912,84.65397453308105
-5.12,0.29226957457035585,5.12,-3.37715877080739,-5.12,-2.639173194026957,5.12,5.12,209.28469721213597,86.37452054023743
5.12,0.4640301413415031,-5.12,4.716238360876241,-5.12,-1.220422861923625,-5.12,-5.12,208.5746466656602,87.98090171813965
-3.1466970030654844,-2.43471903809828,-3.3637727441901815,-1.3685134061420268,-3.5582532169022083,-4.96205795354479,-2.252364384387517,2.0266811336589647,161.84850828334413,89.30868744850159
-5.12,-5.12,5.12,0.2940642210922979,-5.12,-2.994299305721805,-5.12,-5.12,195.3403996384301,90.63127398490906
5.12,-5.12,-5.12,-4.321136347412977,5.12,4.040012685947697,5.12,-5.12,223.17885825456176,91.79008054733276
-5.12,5.12,-5.12,2.3756302767400186,5.12,-2.982782196602627,-5.12,-5.12,205.24636632728388,92.91775608062744
5.12,-5.12,-5.12,-0.27748569091161546,-5.12,-4.138284908729627,5.12,5.12,206.01218745618075,94.43523931503296
5.12,5.12,5.12,4.769446839478891,5.12,-3.0533390467061476,5.12,5.12,214.95629640764466,95.84211373329163
-3.971232695006176,-0.28956010287800193,-0.5209413816905206,-2.5065399189601956,4.834554565478174,-0.7988668140976065,4.873482970862054,4.717494603482311,171.88967637175173,97.10876965522766
-5.068452378911397,4.145140644440661,5.063547837516409,1.0041246183857595,3.440376125823888,-5.001000733482974,-4.769128107464229,4.3955268602778785,200.0387155526919,98.6418948173523
4.416402194580416,5.070133254769289,-4.686009347198929,4.988233867067142,1.6659280736060689,1.3358875136925539,-4.833579700939322,3.443006743568577,219.90817896181485,100.3459095954895
-4.862842331728556,4.724254591117194,-1.0504455487178976,-2.1577619417752287,-3.9718539926984873,-2.684264642337883,-3.2865887334662,-5.019621970500088,157.3502352196024,101.89674544334412
4.6653189222221,-0.5645971056590522,-1.4116883419723347,-2.433748040090132,-4.790206097228996,-0.5949354148118928,4.89052123173331,-3.8784479533419187,194.99103069338585,103.41960215568542
4.706829565199173,-4.605159566070945,5.0790160706542755,3.6330090669755313,-3.4691345614469,-2.299606277693463,-4.294479818984895,-4.972551934278333,237.12332982884507,105.0688123703003
-4.647876199645001,3.6484957562733813,-0.034508789829951425,2.8136709501845774,-4.615176102675885,1.6171949072163638,-5.028201444091706,3.60475044903687,196.27391205195164,106.52496933937073
-4.040636237779508,-4.906063502481785,-4.921020455541578,-2.4162580085525387,-3.934577756455524,0.07001081772835249,4.948181244674509,-4.737802461682381,167.81369146828362,107.74421167373657
4.674675492450031,-4.959115234123447,0.7946580869410864,1.627026627093545,4.34633193533194,-4.014848139362211,-3.1228932251985313,4.393725720311932,189.3099114370846,109.76602983474731
-4.963753357566662,1.2307502446984948,-5.035698892265183,-0.03842996196081039,4.384233020702557,-1.9620618197217339,3.286231022240025,4.619781494546712,163.62634335238053,111.69274353981018
-5.109457660790226,3.9306400818440297,-4.970934356732145,-3.060543569066619,5.061577903478574,-4.52241788699979,4.802491443562942,-4.10913203032271,195.40506206476772,113.62454152107239
-4.315115528804995,2.9649399085004466,-5.0280485303349955,-0.7575368487626459,-4.575935836982178,-4.961778538626109,-5.087920482353314,-3.865290273319998,187.58421695965336,115.41019582748413
4.058856353179245,-4.319801612613799,2.1819712672076825,1.7132094008163525,4.289014042851178,0.6599781545437837,4.571047950636584,-4.782179272214726,193.29241947123586,117.14486074447632
0.8066994279302442,-4.754922949976791,-4.774415137986007,-1.020069200723757,1.3359635126742653,-1.293404270187053,-4.768976008464494,-5.050487802114277,160.70372731840686,118.7139048576355
4.704550307976581,0.8873860167708196,4.177900327520995,3.9985977791770777,-3.6135807765105423,-4.3117128875439255,4.726330298154838,4.633279716890743,212.1758443051948,120.77653574943542
-0.9383652960408275,0.42823274272157086,-0.864690488684519,-0.35930965407614046,-0.05631548955937671,2.4333733323805076,4.9711319396849065,4.716387042214667,126.32118936016307,122.85730361938477
-3.6267408399619496,-2.9999603537226567,4.817884025180562,2.5695256881445134,4.8738534085814225,-1.3317108805230697,4.553862607574106,2.415676830318514,201.93891944679277,125.04288911819458
-4.845967551136516,-0.9215870450095816,-4.790148424600769,0.9580444207715129,0.5527681687673835,-4.648603367707972,-4.9389992904963185,5.047469748329877,169.92074920943455,127.10216188430786
-0.5072360337273274,-0.7060498470520944,-1.123823622382147,-3.2261524141489346,4.760520679558264,1.6904211352897347,-5.007456086374028,-5.117171474164144,158.90408246990833,128.97522950172424
-0.48700379966765617,1.129332396989951,0.7171010505147537,3.8766544249442516,-4.793338713396115,4.866512283891786,-4.803478518332632,-4.785418727728139,172.80883926284386,130.98104691505432
-4.278311717709363,4.444719622780458,5.06587547923085,0.5174940063839015,1.8719501887640373,-0.12918240546361304,4.621491879306979,-4.436942182843019,203.14575136246867,133.02641367912292
3.67834735394377,-4.884421694364761,4.73668794540296,-1.2701358841377783,4.612284215127866,2.7730721160835143,-4.838995087412952,4.480774935852435,223.65586722691043,134.9357340335846
-5.043343899450409,-5.115022924209585,-1.8659204838505268,2.9550949939833293,-2.099616467004501,-1.3311225066827688,4.226961303143285,4.683092034866298,155.8128646691313,136.91378211975098
3.9224018213996397,-3.1009548329133345,-4.998121590922552,2.0429443528483056,5.109327326885015,4.1892259263434,4.336283093293669,4.511263275665825,184.11486493746654,139.26980137825012
-0.917146694328907,-2.8897223912931858,-5.023761038439475,-1.8625953518432885,-0.6609775657191914,-3.5651201220191577,5.004426157546056,4.6087446601087665,156.8136659041252,141.29944157600403
3.780013652105958,1.3543160577031994,-5.065422043194614,-3.248627591318153,-4.5369638714016,2.606034268311933,4.961582772997176,-4.757870919459051,209.32067689442175,143.32672715187073
4.829627878376489,3.82425354465152,0.5530978094791168,-3.4327010281797614,1.5683322737649226,0.05629758699072429,-0.1598162688484681,-4.747327321201401,158.84923123063263,145.10098028182983
-4.075416146581916,4.869628414573682,-0.05848592594049595,5.068269822990996,-1.4200422318671664,1.8187561611580874,4.7101498078778805,4.068923937402537,153.9044675523764,146.66115736961365
-2.8000541222767112,4.3764008519072215,5.0164902384884575,4.079832319723008,-3.457240456164935,1.1897107275925887,-4.128836107819938,-2.9937918707324656,162.5586420689453,148.94838953018188
0.637316717516959,2.6510955341352442,-0.9184339000550059,0.8847545556142222,-4.355322039110912,1.3255641487765493,5.003739959737129,4.352160192061137,156.5909521196706,151.09388041496277
2.820196370786946,-4.903567981112827,-4.5607325407687025,4.596442135001477,-1.9056751433424126,5.075061845694674,-3.924388638116617,3.7389482567986585,192.30427356588402,152.8430471420288
-0.33850431072063003,-4.311674838224652,-4.529392095015056,4.6902422947974385,5.007504940206236,-2.8255897302560316,-4.3068430294477205,4.117289693004268,213.86267166094345,155.36173725128174
4.708433175521539,4.722950458255235,-5.1086286665767435,-1.0430301498275911,4.949890156597456,4.944496182716496,-3.385366442734322,-4.742656519790098,210.51267825014708,158.0011327266693
4.879952632393766,-1.6664130346395933,-0.3497597341855352,1.2055679442879077,-4.83101534004408,2.928318597330075,-5.062082646137302,4.398893320304244,170.81562859461852,160.64363479614258
-4.99424330372193,4.37680101323322,0.270727865528686,-3.223267224855144,-3.7539552857648433,-2.355977671382106,4.788349824219011,-4.5013972434512945,207.7216349175295,163.17945909500122
-1.0966855683493542,1.922947650416151,-0.6702630521000001,4.444713519904197,0.46432222102088083,-3.497906687539558,-5.05681106263611,-0.8732068318670496,144.42241556231886,166.06637001037598
-5.068751477602922,-2.154300436895832,5.107762251608466,-0.20790354508285436,-3.9969316285376735,3.9510298264974244,-3.351049640696808,4.22321195915186,156.69745110419083,169.10817861557007
4.993101672160162,3.1440691672856635,-0.9390098532234026,-2.80547077316663,-0.7706906020342048,-0.006242707031239192,-5.066072554645566,-4.67813553050411,126.78126700187796,171.6489381790161
-0.10537081113502467,-2.3212675970301833,-0.797692251770366,1.0487709007897097,0.5904508402675379,-2.9828627797395093,0.461446441759108,4.55855880120603,118.85622766537625,174.0615849494934
-4.91451531076351,2.045568352244385,1.1792817288043942,4.96797038419244,4.674316590760321,-2.584732745488811,-4.962006504981255,4.986627541852315,173.65767562685562,177.02249598503113
5.1096571321619235,4.1393472088219925,4.879152362418506,-2.813482332565669,4.8763695312881685,0.9054941302120891,3.588661334024187,-4.969705237105842,175.1272106921596,179.6017551422119
-5.054675005318651,1.8595063644365917,-5.101517218214549,3.5411856683658423,2.3400001501289047,-0.23904411469625497,4.970013903949556,4.833441771178934,176.87767310199246,182.39170241355896
-4.987321062746161,2.356100513766604,0.42788127746413807,1.4269619166363228,-1.8064163613801059,-1.493961180909051,-0.9030892354326099,5.115043990938237,150.10941996995075,184.93846940994263
0.06794403910843894,-2.194450787550273,-0.9612400469611826,-2.9379970850022454,4.458484539730654,-2.793958989292109,5.012243444103171,-4.946815947661099,127.69334719713089,187.4864854812622
1.2656023883835292,-3.3221094231678565,-0.37513471714035074,-4.381697824767352,1.226228486012782,3.348998663075675,0.7832582750221011,-4.9146815762483405,162.9276766273987,190.68449187278748
1.869797771383599,4.1298116627367785,0.26005246124785586,0.022390593390935187,4.473619214494819,3.8352886440497675,5.066019909863161,5.114822650881039,152.30453058861485,193.7526500225067
0.9937315035721159,4.117082701087511,-0.24552824265566286,-2.116615053606285,-0.5246324225585326,2.69030928947695,5.081884462018944,-0.46023219817627137,125.43553368555666,197.58274579048157
-4.435517595209231,-0.5119151887065279,0.9682049172446305,4.595225651980702,3.250027107312886,-3.2530280333952097,-4.90217080680796,-4.830740070369374,195.28983534650976,200.65980887413025
-1.1847005768562018,4.745853871866555,4.762823298756037,-3.790149985669781,5.009059133354472,-3.1702144114431823,4.2839184818115426,-4.953855393632523,189.72372592056513,203.86181163787842
4.679125905194314,3.7405801469231283,-0.35146843481586654,4.679969837502159,-4.168039405718688,3.768103637839789,-5.052375501113021,-5.024657329463105,209.963574352981,206.54533219337463
-0.9026171202473234,-3.372334058012018,0.9269634215409797,-4.84172876382057,-0.17293399100552165,4.384282119292018,0.7535972054017099,1.3459000758363961,130.72854223590625,209.45135974884033
1.996458103262147,2.3568641556436374,0.501475810750815,-1.5728941464519681,-0.03921742871370171,-5.020193637193988,0.7016955344967402,-0.09288234263795037,108.18986992098492,213.23747944831848
0.0214815446558001,2.6900417286659044,-1.010325766200995,-3.336034946240501,4.996175339140993,-4.62350270470042,5.1083044991049045,4.216721873107947,165.82965189415276,217.1091012954712
-0.11167739179609981,-2.1779091321434096,-4.283417822217387,0.5061471948550649,1.2593419314782954,-4.1456931054749075,4.531208211355321,-5.022010605157093,162.34367297541993,220.30851197242737
-3.3979020215321505,0.41032519553494584,4.748686026431517,3.526491550203981,0.9297013080814951,4.557392166156608,5.1038051498855515,5.083173515262758,210.336417671093,224.49540734291077
-5.043569319330316,3.7422652361010735,2.5841756194528918,-4.931449537948692,-3.1048620933210422,-5.110572527432653,-5.017514410625747,2.8949115276980697,176.73188879348098,228.486754655838
-0.19053200123341973,-2.3080990327602304,-0.8054209912599228,-0.6535739807057466,-3.127092086854073,-4.903651668623487,0.9787877556500231,5.10642296535405,116.54166419143436,232.06820845603943
3.437392491690809,0.08699759673472052,-4.477122955870628,-5.082537539821827,-3.7597309952391003,0.4283144581642615,-4.361229474568306,3.5320810710679416,210.04282235490092,235.10983729362488
1.3636451345208132,-3.826276434212635,1.9531422648975978,4.554393966605214,5.0555976605987185,1.3091623294636454,-4.855675407519069,-4.873546016526332,178.5164380239121,238.3695888519287
1.574168363237776,-2.0147477954944595,-1.1697886798740376,3.988151200097085,0.34283319210843466,-4.50922613052295,0.30011500969956195,0.2606876979999484,127.85373314766518,241.77492570877075
-0.4225240854331833,0.14043128325233134,0.7809651711363417,4.730480854234199,-4.771964745955192,-4.661721463220456,3.6028782594746334,5.1183260248242,193.15411741463532,246.1144666671753
-3.048776511525223,1.700743717004185,-3.6200906018640087,-5.0765115903659135,-4.303600579674375,-4.312064289585111,4.6893834168164945,4.746871478832898,215.65231605384545,249.54416918754578
-2.0938395561591614,0.9791541469595835,-4.816493321414458,4.591873100990365,-4.58494928615781,-0.9067218542634556,3.2686940197807344,-5.076183596020827,166.5927591009901,252.91420984268188
5.022814373074428,-3.932062326262438,3.5255509968417558,-4.658723860781382,-3.8320390038329046,-4.8277326707073405,-0.5474168212034911,4.582192576524835,219.04147946363076,256.9645040035248
-0.7115312722384628,2.4361371442266195,3.0936616892972912,-4.915124188353586,-4.529667422704786,-3.6918892180996656,-5.104650472860433,-3.3304592232428956,196.46289114053957,259.855749130249
-4.536323430133559,4.829391598111605,-4.900912225768161,4.6340811282158,1.2286777776552116,-4.33370318812724,4.731909424633023,-4.991209851200416,235.31182089217302,263.0614068508148
-4.922241049778952,-1.5427899967243532,3.979864436543541,-4.921977274659443,5.063821970004985,-3.4926961782752515,-4.51406765119384,-1.6672555044147312,205.45167714963054,266.86386799812317
4.91212952910539,3.477433906035812,0.5116755241721522,-5.073515609567531,5.112056834723535,4.741598353539268,0.1448378519952307,0.6826106370491152,184.61049121782816,270.6265244483948
-4.340589319886164,-3.183972762672177,-4.727548019192678,-4.309153183024844,4.476076346560837,-0.5029649264722318,-4.437961106300838,4.9114583205619615,241.0430010249545,274.45511841773987
2.4988279699250935,-2.4340394494827473,-0.2528995161114187,5.0630869565294025,-0.1924231280597759,-2.1909763361137795,4.999473380434952,0.2117455579991141,138.3112912915973,277.8874695301056
4.783087347666231,-1.3497899096190298,-2.8600166378070386,4.951725593128894,5.1158101389216695,-0.21855258587511806,4.3092110459499375,-4.589360515705341,193.8039959509818,282.6526789665222
2.0998810036389326,1.4533221067498596,4.984692411800167,-4.469282649526081,4.861682103687712,0.8312891088547039,5.079176910165411,4.888823843398014,178.91854104818708,286.17391324043274
2.060215245038477,-4.905559288108034,-4.640095244546599,-4.9597484772989695,-2.4630153112574598,0.11729422166653869,-5.091104034838492,-4.656944840780341,186.6693617763616,290.7183268070221
0.13662645778871152,1.3740801620033514,1.2433178716284488,0.2468929774647881,0.5623268642596448,3.606929359438845,-4.746168822652795,0.28657493215997043,138.9152006106694,294.7263345718384
-5.008758667351722,-5.03175971443152,3.8879598392500574,2.9285330274687995,-3.43960231532576,-1.40220228473988,4.494590771379985,-4.458665109400129,208.67715532880734,299.65498065948486
-4.749543895575865,4.102146976020774,1.9319153605896107,-5.059770932725353,1.2715464112285852,3.163382807818869,4.917046639146194,4.18547283694626,159.21100842542072,303.4181635379791
4.275296199503134,-3.2867515197631514,-2.869195059685473,5.058574893640478,-4.441615767120012,4.559634756535334,4.65634651418794,-1.623665124895961,226.7926078343699,308.27251386642456
4.858463821322485,-0.5426412357000752,-2.13293103620663,-4.307753165086568,4.85007110622329,-5.016190482717698,-5.012017470802789,-4.9776735546404005,190.06834046913878,313.19995379447937
4.9863859746548576,0.18164883175941338,1.5461251779924758,-5.118386609123564,-4.833860235799988,-0.40601918737924514,-4.82856765413198,-4.849724078334092,184.6240670006043,317.974648475647
-0.02052000512455532,3.615708105680562,4.793702861625412,-4.791404742831321,-5.108249301244578,4.8233232114546825,-4.79164308936948,4.3358991886504965,212.73184571868836,322.4986774921417
4.631206437838332,2.0438809101825166,4.8627722064348005,4.863797553093874,4.815463874916342,0.65792862804199,0.717717118890091,-4.766715246186248,186.3265032432194,329.1833429336548
