3.1828216857903344,-4.974126651714613,35.47580339571137,0.26958775520324707
-0.2109728951096308,-0.26953380357130463,1.9968201880872123,0.5523531436920166
0.13767446744548995,-0.03737218095989636,0.39917975694989905,0.9480564594268799
-0.2387461811089393,-0.17982435567731248,1.5919080126153144,1.2009172439575195
-0.17535130924341935,-0.16111409866909998,1.0747798493014913,1.4689569473266602
-0.15719547445983473,-0.1651984409509728,0.9934120926156715,1.6762468814849854
-0.13419779590795056,-0.1687441526481992,0.8927460344356318,1.9704418182373047
-0.10492200831258103,-0.1711931801822617,0.7746899181080851,2.2185354232788086
-0.0654262874767575,-0.17134688815761123,0.6426322092189362,2.509833335876465
-0.007983904899179883,-0.16539841174872016,0.5217932127432366,2.801229476928711
0.06020900691489217,-0.15848163701656937,0.5555919923263296,3.16322660446167
0.1526656874754373,-0.1428383910131119,0.8459744942930553,3.6013948917388916
0.22076767744537662,-0.1286080382733319,1.191740895223663,3.9651381969451904
0.1665368911417806,-0.1429861373537591,0.9246176519943663,4.240198612213135
-0.6617039330732588,-5.12,28.45004024482452,4.536123275756836
-0.05357220099617521,0.6201681186199304,2.171841868471967,4.967666149139404
0.15936248983432577,-0.20231125479364387,1.2319481110486388,5.370660305023193
0.07575965179232735,-0.22273230570490643,0.9960287008488309,5.794395685195923
0.14305443465189072,-0.19907878911947563,1.1230601529185211,6.078153371810913
-2.001058808778481,1.2934000235198129,6.946465494025809,6.486645936965942
-0.17088015874673967,-0.2722696291725102,1.7658986618278312,6.824913263320923
1.9464617059370255,1.1783975831739824,5.798514355032022,7.322941303253174
0.30936180073321573,-0.10150753538690438,1.6669885632319068,7.702653884887695
0.16672377306756303,-0.12767754208952198,0.8492978696611416,8.03368592262268
1.4596168205367004,2.3874355409994283,11.558454208749108,8.467507362365723
0.34192636191449655,-0.06018428633975592,1.737192955284416,8.954371213912964
-0.14130361061361274,-0.21288839526364178,1.2031249027657585,9.386033535003662
0.20789267385815524,-0.09641537746166762,0.9689735538117028,9.720182180404663
1.909217810013752,0.11494259201915646,4.0662905452135245,10.207825660705566
-0.0301024758034778,0.11002921821910228,0.2604499815584247,10.629838943481445
1.0937661310857631,0.8852704565648777,2.397381060067028,11.28361463546753
0.320087612025052,0.03611937484872474,1.5556796237477464,11.684101819992065
5.12,-0.8297913717871488,27.693380539113026,12.220412015914917
0.3192197394076617,0.008029544425299129,1.5245763613921723,12.794605731964111
0.2687839054262806,-0.0043506095500509545,1.1903862644300216,13.379580020904541
2.6201661500024898e-05,0.0010123254547416138,2.126776962363408e-05,13.885948657989502
-0.0009095620413583916,-6.130744728771731e-05,1.723551788734845e-05,14.359007358551025
-0.001352184320007943,-0.0004550611606894961,4.221408904525603e-05,14.779396295547485
-1.7788272777868537,-2.020030967664563,8.072522921298205,15.218549966812134
-2.450202076641986,-0.403048070663548,9.937511035015222,15.710161447525024
-0.0010129602403701199,-0.0010016041055065372,4.208592678112133e-05,16.281059503555298
-0.0009799455811974056,-0.001133376669212538,4.655595583358263e-05,16.753356218338013
-0.0010355230821348371,-0.0012288911210189823,5.355839905951676e-05,17.29038119316101
-0.0010608205833921858,-0.0012980566928799675,5.828295536114414e-05,17.74940013885498
-0.001070045176436274,-0.0013529056589636212,6.170611054434616e-05,18.213292837142944
5.12,5.12,52.970862745157184,18.675060987472534
-0.0012266148177682012,0.00022046688584609342,3.221177541079534e-05,19.131544589996338
-0.0011965565831708602,7.892925470276424e-05,2.9822382171418305e-05,19.650545120239258
-0.0012294402091796997,6.398185558698088e-05,3.143254710535892e-05,20.151455640792847
-0.0012752752214675311,-5.722948407616002e-06,3.3729240455637743e-05,20.820788383483887
-0.0012309575234166203,-8.698647540583693e-05,3.15819965414077e-05,21.424646139144897
-0.0011779399139557611,-0.00014108303225590646,2.9189209315605424e-05,21.983105182647705
-0.001090949022997556,-0.00016593103504725093,2.5254102234195663e-05,22.534757375717163
-0.0011519567841373757,-0.0002553505362694608,2.887318459865451e-05,23.06725573539734
-0.0013285881533473543,-0.000662479385040271,4.5709528482484885e-05,23.570998668670654
-0.0010127476105692423,-0.0003344812881547199,2.3591516190690776e-05,24.118704319000244
-0.0010366026606254408,-0.00041295225239501576,2.5821786037383276e-05,24.637152194976807
-0.0008722089931225696,-0.00047475139665920096,2.0451668902743414e-05,25.14879608154297
-0.0014681602171462416,-0.0006900915339089764,5.4579489664363656e-05,25.74920344352722
-0.002182036760632222,-0.0009508474486219498,0.0001174942907379295,26.443949460983276
-0.00011379215959195221,-0.00036274414596881854,2.9974775901386863e-06,26.98593282699585
-6.0101334194762046e-05,-0.0004275685103456439,3.866346337422222e-06,27.553860425949097
0.0005969260494023132,-0.0002814368008783319,9.03248464845241e-06,28.218329429626465
-0.005029896754498608,-0.001775753061025398,0.0005900538215066753,28.74389886856079
0.005531681097321162,0.0018341445994458638,0.0007043162852599094,29.318857192993164
-0.006336350933881185,-0.0026599118826640122,0.0009792903092763483,29.93047785758972
0.005554904515751247,0.0016841428228033806,0.0006987100572739546,30.493112087249756
-0.008073929768265486,-0.002404024608300581,0.00147153534875466,31.106783866882324
0.006581111002308404,0.0021034339047529826,0.000989872513246337,31.775329113006592
-0.009339456111996824,-0.002497947267271705,0.0019378973562929058,32.32046413421631
0.007634402694399078,0.0024958411545830117,0.0013377322665487634,32.921834230422974
-0.009548826622618911,-0.0026424238387194876,0.002035269456615696,33.55487823486328
0.007534979543424747,0.002471937965228932,0.001304002314988173,34.207863569259644
-0.008875785939428837,-0.0028805142659091842,0.0018054993516899431,34.85754466056824
0.007558051161002943,0.0023661310895670695,0.0013006055281477025,35.52224349975586
-0.009068907126491332,-0.002995260901525576,0.0018913170021297443,36.21653914451599
0.007720752324129165,0.002263326685595146,0.0013422717991874444,36.867794036865234
-0.008676000004831153,-0.0029784396361209886,0.0017447085966987297,37.571484327316284
0.0070999876461712574,0.001279862743031046,0.0010792665262854273,38.39661478996277
-0.00857237240912223,-0.003226612070708512,0.0017395912985667117,39.111974000930786
0.007872612392803013,0.002061592778135335,0.0013732696720754056,39.89283895492554
0.008442905166532455,0.0024979882658957564,0.00160742477503939,40.714704275131226
-0.009529496045041164,-0.003368994406440784,0.002118203146373565,41.58278775215149
0.008312763481771235,0.0022475269832895606,0.0015375714210511537,42.50257635116577
-0.009710648788606946,-0.003487424340549161,0.0022072849052204857,43.32069635391235
0.0050619610628412914,-0.00019190003473923412,0.0005321311746262491,44.15369939804077
-0.00934691514492414,-0.003557573377612755,0.002073853534316328,44.94174146652222
0.008224578668419191,0.002453271365205012,0.0015273969985216684,45.90604758262634
-0.008870114116426464,-0.0034240420921456405,0.0018744755752424513,46.766321659088135
0.007642519822910643,0.0015300845311960742,0.001259669871775615,47.67617082595825
-0.00911118981628345,-0.0035937217023427337,0.001989025289423907,48.595218658447266
0.00790382690975111,0.001666979976172378,0.0013529649890700046,49.40822434425354
0.008061671723318398,0.0015618446411664877,0.001398168323765825,50.275068283081055
-0.006776793677004456,-0.004898317572805233,0.0014498789445233085,51.193795680999756
-0.008883291907094026,-0.004327804457645357,0.0020246065910212163,52.113473415374756
0.008336160172494722,0.0016414782300095965,0.0014967668431582482,53.04711413383484
0.007546775095967462,0.0009131715373849048,0.00119826043042226,53.926629066467285
-0.00929028227584272,-0.004396116747357404,0.002190282252877096,54.91981053352356
-0.007053455573378109,-0.004338660968929098,0.001422011956053515,55.82456374168396
0.00828960868925055,0.001617748333707425,0.0014791186241323029,56.78359508514404
-0.008423776134568683,-0.004185782174996433,0.001834674409945669,57.611886501312256
0.008220461168211735,0.0013073366392539754,0.0014366216720365088,58.49074840545654
-0.008455057870438765,-0.004136844779437432,0.0018371739042213342,59.35318064689636
0.006896848364114305,0.0008230032822096334,0.0010003923643213675,60.265202045440674
-0.006920631338649841,-0.004609685075050329,0.0014338205139834415,61.14319682121277
0.00857903569857843,0.0018993672424585384,0.001600868831206581,62.031707525253296
0.004824864809820362,-0.003196845683113736,0.0006947037424775981,62.96534538269043
-0.007103320330390517,-0.00475934585039095,0.0015160144853739732,63.939966440200806
0.008323497475800856,0.0009423694241403879,0.0014549309868986393,64.87910103797913
-0.007092842855979775,-0.0047194172485678365,0.0015050825677888069,65.81968259811401
-0.006464210190352482,-0.004574075253197307,0.0013003761850000073,66.71580743789673
0.007818752483299996,0.0013304671814333702,0.0013043162648025408,67.78655409812927
0.0015296655580803176,-0.004501924767560617,0.0004688284807111698,68.76702237129211
0.006088876042758429,-0.0021414473715086757,0.0008639091376054786,69.72072672843933
-0.007056706116331135,-0.004596165743713243,0.0014706728623796739,70.70672678947449
0.008479748474591098,0.00016415195691799056,0.0014914994301891138,71.78300094604492
-0.0003422048869552441,-0.005383741035200451,0.0006034931650826802,73.00131940841675
0.007341875303279011,4.804769084465477e-05,0.001117767536742087,74.04229474067688
-0.008072408096724715,-0.004213983412617139,0.0017194286168417117,75.09398937225342
0.007327404924935443,-0.0005952743995631948,0.0011206677929137543,76.09437561035156
-0.008445499588443539,-0.0044199298598419645,0.0018840559061800155,77.15898752212524
0.0071663939403814325,-0.00028640272862290317,0.0010666376326627924,78.23706364631653
-0.005858226671096922,-0.005683348923563258,0.0013814868179991002,79.32285809516907
-0.006125919620641795,-0.0047547566502421645,0.0012470194295260972,80.38258290290833
0.008098509692539224,0.0004813268847643215,0.0013647242807709459,81.39076399803162
0.006102758913421269,-0.0019741272645683594,0.0008531375121468843,82.47617244720459
0.00784153807009158,0.0004154388946737697,0.0012785819800311682,83.60165476799011
-0.005759757390096709,-0.004569385765396561,0.0011209393132415313,84.73090600967407
-0.005973994773862401,-0.0055860747923484055,0.0013871587457172652,85.83209824562073
0.002412968624253331,-0.004240321183440088,0.0004936268269506439,87.00832772254944
-0.006815777403940793,-0.005011592255277364,0.0014841422970737206,88.1991457939148
-0.0009966384839792397,-0.0005588426931000257,2.7076904214107245e-05,89.5023729801178
0.008126516440507103,0.000920240770565961,0.0013869025497563747,90.66370415687561
0.007865602246936554,0.00018737144586111754,0.0012835666922981215,91.84713435173035
-0.0035056683428305035,-0.006103554364943697,0.0010273844864058246,93.1423065662384
0.005289207990089473,-0.003175905037953619,0.000789320285468742,94.48325538635254
0.008023416972860353,-0.0007070752672406755,0.0013451906944885739,95.80082368850708
-0.005484324206737057,-0.005705512883036334,0.0012987833826785256,96.99036526679993
0.005700304603570849,-0.0037267747359592818,0.0009618515828401231,98.1741452217102
0.006705324043420724,3.795031822129147e-05,0.0009323618517274035,99.42243766784668
-0.004077313762237189,-0.0077955541914063176,0.0016048564775017482,100.72203946113586
-0.007181666544646248,-0.005058685140281405,0.0016001595863214257,101.96658706665039
0.0053707279386694395,-0.00026611152310884734,0.0005996312668764547,103.23494029045105
-0.007571396085785054,-0.004233409981725167,0.0015603455604645822,104.49048185348511
-0.007050026192000125,-0.004910048006871115,0.001530592724184876,106.0055046081543
0.009201782624209898,0.0001283166169914196,0.0017559228950934092,107.44217586517334
0.005627671962964875,-0.0030284013883346006,0.0008469582350708604,108.93228340148926
0.006561491607948611,-0.0008468466443982692,0.0009076414373726527,110.37883520126343
-0.005637379271762555,-0.008533519337487583,0.002168932006973212,111.79120707511902
-0.005322970256974813,-0.006388008259592404,0.0014337623608735584,113.23394322395325
0.0071233744102414676,-0.0005723315283043817,0.0010589847387574292,114.68467450141907
0.007675445629465649,-0.00011974174450024577,0.0012218699195953864,116.25965785980225
0.006113159209434116,0.0012677427529981244,0.0008082796857553642,117.78073024749756
-0.005032151736578783,-0.006157836162227426,0.0013114436094598947,119.2239944934845
-0.0003060186358769812,-0.005071097958128767,0.0005352294377010125,120.81634140014648
0.0029367397037800558,-0.0061791942932982735,0.0009706382028548122,122.26300597190857
0.0076093764564726385,0.0020700962733881667,0.0012895091231629463,123.67390584945679
-0.003702988943071084,-0.0054328158133163384,0.0008964377483084984,125.17870259284973
0.006579365833593975,5.7327749960478513e-05,0.0008977064852468963,126.64800477027893
0.002922229897972528,-0.004292465277805135,0.0005591994666056532,128.15574502944946
-0.002473815974934901,-0.004586346246959749,0.0005631283087933481,129.6995506286621
0.006007040463372526,0.0005068476830123458,0.0007536079413225094,131.31634187698364
-0.008731955588348939,-0.0029421466123453754,0.0017604443895281596,132.8473744392395
0.007542381610432969,-0.0018604445152483606,0.0012513749096155768,134.46208572387695
-0.0029068435654640012,-0.0046906685225884814,0.0006315166093043834,135.95750284194946
-0.0073240244988328485,-0.0029315329619628017,0.0012905175910401523,137.50991559028625
-0.0015265925285739002,-0.004065176813975668,0.00039104348848906234,139.06967782974243
-0.0016635892303442645,-0.00665224258321917,0.0009750270462657307,140.63344955444336
0.0009432065769807707,-0.0071617673206567645,0.0010820124380895857,142.17871046066284
0.008145984044151788,-0.0025915334219055453,0.001515189461259503,143.7385082244873
0.0011500104267376798,-0.00762917545451014,0.0012343195129022044,145.3381838798523
0.002355345717898416,-0.006992116649473523,0.0011288303342394945,147.01099562644958
-0.0022578752399393665,-0.006351630861397339,0.0009423074743692972,148.63545083999634
0.006114871128855448,-0.0029062720217662985,0.0009505497991415535,150.3498010635376
0.0014864598597066347,-0.006380751516795513,0.0008900925680492833,152.01214027404785
0.0013743697404677846,-0.00724829671358318,0.001128587176064788,153.6498420238495
-0.0048143127248643225,-0.001920650113408584,0.0005571542654015937,155.35520386695862
0.002624096865727843,-0.010630667517379955,0.0024857360950110152,157.0050880908966
0.004898539242111255,-0.0035920973496148534,0.000765204754130222,158.6378710269928
0.0021279258939754797,-0.006841913660037058,0.0010646042655092502,160.40600895881653
0.002987428148222726,-0.007853647618509818,0.001464029423322244,162.10344052314758
