3.9943074077019665,2.106304887296883,-5.022188453257,0.2706857765073041,47.04150517421752,0.0
3.914126716134274,0.20733152259374776,1.2746426583985757,2.429886921018616,26.828349517699056,0.0
-1.442450144730365,-4.705794542381277,4.788688105491711,0.9311059229480954,52.08472215952174,0.0
0.7297224619740446,1.0641988677823075,-2.173957870990183,-0.204975701962403,8.901490332622203,0.0
3.1929634007392336,-3.86958695753341,-2.5197060691083855,2.4667008443734426,42.53938428734034,0.0
-0.511378836419591,-2.2351575836715196,1.9631140576383288,-4.418207202333503,33.43369331248435,0.0
-3.1922930958899847,-0.7186864431898341,-2.4146328996368602,-2.6243799552970843,28.835280736324307,0.0
3.458329925348429,1.8095115580597154,0.6437446754698009,-0.4959189375926991,22.114163150716248,0.0
-0.1902904413552955,4.712679441915086,-4.709525186007708,0.9047615611570121,48.53504147602248,0.0
3.630178623728235,1.6717918040187145,4.838463103824144,-5.080832800330696,68.95283559612783,0.0
5.079290400510517,-0.1870751757689595,0.9919427397129947,-3.7427865800794335,42.609584785744055,0.0
-4.1272071248109,-1.2878144425563591,3.792453180282558,-0.9194146341871239,36.3203438237672,0.015626192092895508
-0.9772510489416444,-1.7549567853830563,4.15674206730542,1.0600975266211705,23.933715278336535,0.015626192092895508
1.2963836187438975,1.8876724143333625,3.338090360245652,2.582926665028639,27.97745262928361,0.015626192092895508
2.786669234844103,0.1714813190383344,-0.3041793237505983,-2.40990964382183,18.171082863512606,0.015626192092895508
-4.757724973277142,-3.145889656750446,4.074082215667834,0.8839971186933155,51.61562767747687,0.015626192092895508
-1.1276509710935971,2.415012863032585,0.8866017621647186,-4.99428122912838,35.24226036817364,0.015626192092895508
-4.371438214122715,3.3234048227163475,-3.946721461444863,-3.062668262677218,58.379218795699614,0.015626192092895508
-4.566527183807881,-0.628798213438051,-1.7386057528003431,-3.850409689214283,44.182561225322175,0.015626192092895508
4.405528960336768,1.6967820493262726,-1.994585216393546,-4.808281361485716,53.18533623805051,0.015626192092895508
-4.561785453205501,-3.596633037677334,-1.69907564369491,-2.6082725464547125,50.27437921075685,0.015626192092895508
3.276456361672815,-3.074143909859417,1.1486845424580894,-3.5146407748293287,37.531053118956514,0.015626192092895508
3.767104912405647,1.7415613995403882,3.917006854858358,3.665055482333254,49.58706897968467,0.015626192092895508
-1.411277195792065,2.3723589697464478,2.4111106381277345,-4.388040249813843,39.842671599094956,0.015626192092895508
-3.222355585828204,5.066795848757136,0.03747467123847947,-1.209363385396494,39.20895267742267,0.015626192092895508
2.908217272526632,-4.776349784171657,5.048800190640926,3.5206881991976227,72.19199972439293,0.015626192092895508
-2.181521509352255,-2.3121438398816037,-4.082207533143546,3.1748622136167013,39.48841654192668,0.015626192092895508
2.907606098393374,-4.599700920624313,3.201067070829631,-0.8820846761884527,43.56976653686279,0.015626192092895508
-0.5429249024267717,1.2444485903989486,1.891113646413248,3.3429381856566485,21.300309650869366,0.015626192092895508
2.6193001268485734,3.297560949145768,-3.1832211357225413,-0.6158944511800577,33.612244405770674,0.015626192092895508
-4.887001382441675,-1.0470859995528699,-4.264928286275899,-0.15960732619077422,45.035088550061865,0.015626192092895508
-0.08079062749633437,4.843773336691437,1.678639261325861,-0.42332614412591685,30.35578957530477,0.015626192092895508
1.9260003755350281,4.981434626178168,-1.177558950998213,4.0511807851518915,47.04748835176703,0.03125
-4.306289329438215,3.787918480939248,-0.07230193813902996,3.740813449539501,50.160829017825606,0.03125
1.8987111652005888,4.066880326406481,-1.596158551801572,0.10586766575247886,25.022485687137017,0.03125
2.002705419274271,-0.6081881107194551,-0.3163174918753695,3.064879419567,17.138804886055638,0.03125
2.1654404036899075,-2.7497598723194194,-1.4180910381465623,-0.6556300217325255,19.61526590865807,0.03125
-2.539207637739347,-3.5533264348445375,-3.1268545285025535,0.9078499333037255,34.05348283249796,0.03125
-0.7405933085539553,2.2510334081699215,1.3912982757605707,-3.168778806310919,21.945286395777657,0.03125
0.9819970539532656,1.5551997183762092,4.993047963828006,-2.618895912138333,38.853607622789625,0.03125
-3.7988000287454255,-2.714306549611632,0.7583529406510943,0.9079775460941653,26.228509830142418,0.03125
2.07135792442764,3.8060993069112348,1.23024510218384,1.979993413759603,25.84848782771691,0.03125
-1.4578061920050986,0.5073115481759238,-4.615984854888564,1.7340695565215514,33.50681694318332,0.03125
4.270312623470066,-2.528328412657623,2.9306278055904302,0.04770332283897982,36.468436122112685,0.03125
0.40261356382263,0.9013539962633113,4.79838496568468,2.5126747229079323,35.01462111524117,0.03125
1.6806002529275235,-3.7460060912316986,3.4431712312292886,0.8858089659332862,34.12798378899499,0.03125
-3.064048063358972,1.2566953744684142,0.5027204301223911,-4.305994653383754,34.228399147960516,0.03125
-3.1193472549291186,-0.8373249408224108,2.5488690738176576,4.491849477661764,41.80347249653183,0.03125
0.8849312203290545,1.7335595216230626,0.9012274846319261,-3.8340553986402037,21.336363333782728,0.03125
-3.853964701832608,3.156773184153489,1.4839904494442306,2.071944913809223,34.24824457644712,0.03125
0.0070709248131510805,-0.8390234762950186,-0.7739274734769879,0.4935728349619355,4.8663484788723705,0.03125
-0.8502432732311176,4.882903648881231,-0.34180143978377675,2.3043601063652455,33.54250995520617,0.03125
-4.471342236157356,-0.012253101945166378,-1.7752882296534263,-3.890407819900597,41.33640060722017,0.03125
2.002052270669725,-1.985449646274554,2.4240867851195524,-3.4569267562540142,29.63300986869053,0.04687380790710449
0.5570583584437063,-2.2898700696479257,-1.251947817049806,1.5195577454199132,15.619265728086333,0.04687380790710449
-1.9733298387148572,1.5259479524844366,2.7469062557690522,-0.23194900391194917,17.72885142140417,0.04687380790710449
1.1627896216957332,-3.839447651411194,3.8670465959922042,4.302108571803234,52.15247298849958,0.04687380790710449
3.9240350112960476,-4.776660351614099,0.6711910279164917,4.980447761935051,65.89764410535345,0.04687380790710449
-3.6143696199914004,1.1173565566957073,4.5048808241089775,1.796663305878278,42.557109049299555,0.04687380790710449
-3.2220273868281706,0.6902118992644111,0.2402856853974935,-2.48222881270746,22.201856307857494,0.04687380790710449
-3.658821438065031,3.3405662017941564,1.0049629616209552,-0.3115137858560777,30.11167719152118,0.04687380790710449
-3.810427071608152,-4.8868840607609325,-4.762334972368323,-3.3397113284797295,75.56286054616734,0.04687380790710449
-1.1441831454181242,2.261200703981163,1.7789870011419602,-3.3207913884098295,24.3171452828546,0.04687380790710449
-1.108340327314318,0.08565657148207428,1.2491068215159977,-3.201213596728811,15.100670627195068,0.04687380790710449
-4.737119813332076,2.646206605717686,0.5055811047551364,1.9587683137748328,38.25559407424659,0.04687380790710449
0.8244713282596345,4.067904486807904,-4.023832787150595,1.5451936027396371,38.416215231077686,0.04687380790710449
1.5316035686303984,1.5213355475116774,4.664873340517134,-4.920133484444549,56.233421469862535,0.04687380790710449
1.8933051191273842,3.913302699665919,-2.0857105463456636,0.6384228049823628,25.804033948232792,0.04687380790710449
-1.453820295817846,2.6528790497489743,4.025816902949056,3.885281699734244,44.24707797967427,0.04687380790710449
-0.04413327835486758,1.2331231476038207,-3.0039847872597836,3.076551850394984,21.057771637088106,0.04687380790710449
-1.725731116499524,-4.793970117612704,2.8807190762915953,-0.5309850058033776,38.66896391661878,0.04687380790710449
4.92026691550993,2.790303601562189,-3.1859281250155362,0.8105949027365362,44.910985771275605,0.04687380790710449
4.477161012875798,2.9157688740456598,0.10263598166473642,-4.99538739354927,55.83888695719704,0.04687380790710449
1.152272232227757,-1.2729997711036782,-0.28965126945249864,2.6374374684391846,14.452381560436601,0.04687380790710449
0.789417116923838,1.35282776274021,-4.726687884890894,3.929766135371689,43.836638181999746,0.04687380790710449
-4.310453763854313,-4.846315175531875,-2.7105782872428,-1.2042604469557845,54.62785414454084,0.0625
2.548070946763719,-2.2302498318022828,4.336354988134937,-2.76560936667278,43.16863747562718,0.0625
1.3947967727938861,-1.7254728161301425,-0.47602619428081105,2.4313819871028253,17.90097159498228,0.0625
1.8808694316210408,2.933135504058291,0.6492729503442725,-2.0091330683226425,18.546509200772352,0.0625
2.9596222341230414,-3.6093338854167505,-4.309373668910032,0.6394588500340079,45.57595093427992,0.0625
1.3634694373263105,1.7187102350695262,-1.3980998560030415,-4.590601013528278,34.33495817820939,0.0625
3.6260218767813877,-4.553576528307633,2.247413768146161,-0.9617518026399994,44.51784313306941,0.0625
-0.14238869949276634,-3.5897661735983784,-3.8068441233469867,-4.123983414576942,47.56409727832221,0.0625
4.025618369867984,2.049998860306008,-0.44898508648014346,-4.343923924976842,43.04677460324886,0.0625
3.319301765486718,-0.0818863596211532,4.34470872864176,3.4273791907875646,46.65742405672595,0.06915450096130371
4.417555272969461,-3.9903667138787875,1.1273382293356828,2.0364836495177814,43.05612979995823,0.07018446922302246
4.849598484339075,-2.7663013952041635,4.335821066058604,3.0356103941595007,62.03571771157478,0.07018446922302246
2.5659756458547776,5.108272342295959,2.3591977904650037,-2.0011520475772118,46.02057520235917,0.07018446922302246
4.175355165165098,2.2534169999013116,3.3896795635790165,1.2964935803849729,40.308987870421106,0.07018446922302246
-1.1615682804818621,-1.3654557606395796,0.8167673351560714,4.054234770325514,23.103801904742635,0.07018446922302246
0.4211490694938389,3.2611613484344426,-5.025238405629811,-5.0161247755516785,64.19457708142808,0.07018446922302246
3.6212420841327306,-4.174545861632664,3.1817195134135465,1.5629391328821658,47.88025948308918,0.07018446922302246
2.0673332836990674,4.537393806596758,-1.1790729767551538,-4.038630013593238,45.22151626648987,0.07018446922302246
-2.5265405606956537,-1.6178188074474193,-1.6431257787869602,2.542782730631318,25.477016996979415,0.07018446922302246
2.7498351399856897,3.295357375184472,4.991168635685113,-0.3511523773856746,47.33339509927761,0.07018446922302246
-1.4846220865147943,4.847363277944219,4.941124542174628,4.406402208157183,73.85280537637034,0.07018446922302246
-1.5657610929015964,4.1096628966330675,-4.418752038069917,-3.0629547604998284,52.34170163560785,0.07018446922302246
-4.498121229329914,0.560890947898117,-0.16426307059745326,-3.163837253734979,35.48383572089891,0.07018446922302246
4.824928691732498,2.147174873794394,-3.551702230734837,-1.7643067815944282,47.4199461077624,0.07018446922302246
-3.5637372036439308,-4.259453430671999,3.008561101599928,3.636807588416649,57.75541174876565,0.07018446922302246
