-0.0038561973840263164,-1.6519440124820033,1.1781523242377405,-4.18108345860921,24.32072446866319,0.0
-2.3050579210091198,-4.352787150959166,4.417187694149194,-0.11233759894971129,48.83174658237055,0.0
-4.532012572418882,5.0459956917809725,0.9163037987809703,-1.7652457035478624,53.017696972085744,0.0
-0.8721370298399407,-0.6381612402208869,-3.873679775022464,4.2346154768331,37.25951571823336,0.0
0.08114315144126838,-0.0011843760719445484,-2.145608831506515,-1.69077617196159,9.349856690801829,0.0
-4.394782429765878,3.9557149829638556,-4.616135633017234,3.631091368382786,74.70801103658823,0.0
-0.5233088838942512,4.569162789981639,-4.256766893401991,2.8094043244978835,52.738129629718244,0.0
2.9014064689136143,1.1577712291485538,4.533104704097188,0.798047142082015,34.26385476535865,0.0156252384185791
-5.062767346260759,-4.231435872371319,-3.461710866542372,-2.3832718722168065,65.87456359744085,0.0156252384185791
2.740670186402342,4.87402965267922,-0.6253874289318828,4.542412927799194,57.317952644784654,0.0156252384185791
2.749400696170884,2.9613969343489233,2.50446300271153,-3.988211974856607,41.54263109377389,0.0156252384185791
2.261096704384684,1.6691777530003824,-3.2863580150589007,-2.3498201448946663,29.589790084993755,0.0156252384185791
2.753734301854726,-0.15186831885679108,5.017535925773431,1.859126832214188,38.00930352198284,0.0156252384185791
-4.21190825761144,-1.2615608475688558,2.267079109687508,-2.067660425098109,31.778207665463817,0.0156252384185791
3.759519724874525,-1.8199176351772959,-4.318658283774806,4.58867784521543,61.93465935978843,0.0156252384185791
-4.783755526776742,-2.108840329399878,-2.6485352221182787,-2.9922534848252402,45.910591521802246,0.0156252384185791
-0.8705957837156397,-1.9423010331127326,-2.278122715349868,1.6078707111129287,15.638043204094153,0.0156252384185791
-4.195377872970699,-4.811775489728269,0.840006569051253,3.276373360407743,55.10872517163808,0.0156252384185791
-2.361030602881828,3.3107140719072623,1.1809296482234783,-3.071437137290103,31.056874192717295,0.0156252384185791
0.2131508668566573,-3.962581539894388,-4.092903661294396,5.088360987035739,59.50459405445535,0.0156252384185791
0.7714632761778262,3.342652572924849,-4.392850806891631,-3.857627703752602,50.51822398288135,0.0156252384185791
0.8865108805772595,-0.3546920134912366,3.0479218301389865,-1.0811778722224625,13.397775105614745,0.0156252384185791
-1.6435163719997323,-0.846951625121271,2.3599029151273863,-1.2929481365006286,15.610934752201397,0.0156252384185791
2.9072136675802325,0.13774985953131136,1.9557691651924447,-0.9969727678313269,13.845332420751594,0.0156252384185791
2.6123487814422495,-2.7966950380067757,-0.4924145402388822,-0.523894580797239,21.622242610662312,0.0156252384185791
4.603319820224679,-2.5074235005620285,2.171512123902695,4.85213407696684,60.459903292999456,0.0156252384185791
-2.4410589273111563,-2.606745408346025,1.9310985243476377,-2.3510714410890747,27.411633915049368,0.0156252384185791
-3.6739265919106616,-0.4182530582747921,2.260379873453128,-2.7002156735479943,31.777009991231672,0.0156252384185791
4.327443640682113,-3.2875775678694525,-4.002305480619607,1.9189933970263864,52.06431829630531,0.0156252384185791
3.2929410152863534,2.701719611642999,-2.666419348139436,0.22504314006721415,30.213632498745643,0.0156252384185791
3.081958494741621,-1.1734353079102826,4.4985613436896985,2.1791835577329017,39.09781722030239,0.031249284744262695
0.017932101417337698,-0.8963942525546749,-0.42259347494100385,5.076322675118511,28.959165536791904,0.031249284744262695
-1.6797738151795585,-1.1227689983311353,-4.280231328938305,-4.245728901336532,44.30093609885199,0.031249284744262695
0.43174868934336086,1.848818515730831,4.400797863768019,-2.4835867811064483,35.274089658982675,0.031249284744262695
-1.0255384273037587,-2.426051283325423,-0.5743498144184267,-0.0892090891675732,11.227995752007649,0.031249284744262695
-1.3186116767495006,-3.7271397480701474,0.6699045529357646,-4.177349596745018,38.13183283779178,0.031249284744262695
4.663839870600937,1.746875286288497,2.327913232143656,4.1059040794428965,51.29910006568198,0.031249284744262695
-3.544297860440902,4.40234427268003,-1.3568473329574164,-3.6934349595258613,54.17429124727333,0.031249284744262695
-2.255893460687259,4.4652441091963455,-4.463274674894364,-1.354265906009048,53.37833934328859,0.031249284744262695
-5.025308534559136,4.8564828538857965,-4.1675294872257185,0.6027314547863476,69.26662624429059,0.03778362274169922
-0.9590353377256475,2.50122001814945,-4.09368881271325,1.10367825612403,27.558255841109528,0.03778362274169922
3.2737016794294798,0.1296440003021866,0.8660004810135327,-4.3297485363935655,33.507160103977036,0.03778362274169922
-1.5992275104362528,-1.3820190395219303,-0.8355232115005515,-5.022822823646376,34.442203579747684,0.03778362274169922
-2.2054633326750372,2.9910628544354063,3.293995416201308,4.0576990458813755,43.18915775039788,0.03778362274169922
3.5776536379734525,4.829487338914695,1.326323989421212,-5.057112295205595,67.38654318813818,0.03778362274169922
0.11893354125659528,-2.595707616530379,-2.570719319566793,-2.2811031197472853,23.75198515916912,0.03778362274169922
3.7145110674409088,-1.1802646052748438,4.243200893042968,-2.275668468006305,42.28877812383034,0.03778362274169922
-4.207123619003644,-4.577281780891045,-1.2315114080191,0.8732368424598063,44.733677398850794,0.03778362274169922
3.521777664474265,-3.385723507361032,1.3075774859012768,2.699307659209742,39.27290632657552,0.03778362274169922
-1.8626851332135383,-4.870384145883366,4.742750255566038,-3.1715894470252426,61.97881794755838,0.03778362274169922
-4.371279066022255,-0.7939673652302304,2.8400862356719028,3.284228397440587,42.6854646796587,0.03778362274169922
-1.8534981416246827,-2.690723172084956,4.324007383614968,-0.6463651784784306,34.60327834333635,0.03778362274169922
2.739975597425744,-3.2170214830850212,-1.5366686983300752,2.3885907719119865,31.519038154198547,0.03778362274169922
-0.7090884297234421,-0.9395839528220034,1.913156945910126,-4.112545984841599,23.669242881512,0.03778362274169922
4.330753142217595,-1.5116585928166142,0.9158987158053211,-2.367476527323982,32.77686398024875,0.03778362274169922
-2.996234442359349,2.704070685500093,4.825397589787927,-4.482075021385296,63.48520037256024,0.03778362274169922
4.8270973181224806,-3.2958153520257323,0.4367232097459608,-1.721686450919115,42.23537664626529,0.03778362274169922
-3.8829223425007977,2.826808683808677,5.0365830275130845,-3.142614680494831,59.50724889604874,0.03778362274169922
-0.3669421639299957,-0.8163724002076522,1.777783384235354,-0.019892422203461102,7.061506977713867,0.03778362274169922
1.7824676736849607,-3.0091833171792697,0.7319180739863658,0.1523292783759871,15.127844639551382,0.03778362274169922
1.5725335698926326,0.2105314360702062,1.6676889436745954,-3.1624949820273542,19.92412836033775,0.03778362274169922
1.3816701623911198,2.0638847708321126,3.487194157086363,0.5513286315506241,24.393924567144005,0.03778362274169922
4.226426164825241,-4.0965819520912135,-3.426702629583566,1.6888733015752795,53.54072472450984,0.03778362274169922
-0.32056501477909993,-1.7661868141075336,3.427160061915548,4.969515412792329,43.906520329512105,0.05343461036682129
2.7430484190349285,1.5915796179562687,3.2203597288349135,-2.0040414182054516,28.142133366621124,0.05343461036682129
2.486647186730516,1.396408223652755,1.8958023560393462,0.25837074971387963,16.845557766932888,0.05343461036682129
0.8429777440216473,-3.946729118176182,0.8990671450789058,1.9153744734038955,21.600733450860456,0.05343461036682129
4.919541360438219,-0.6565296610139288,1.680899939636527,-2.396949203752468,38.10116021448237,0.05343461036682129
3.0521588782594007,-1.7452728967904303,2.338832406179561,2.254914799458567,26.559842484581075,0.05343461036682129
-1.6939987440631348,-0.7575416517488192,2.274858844248894,2.007648659468366,16.103132442885524,0.05343461036682129
-1.6298562697109986,3.771720467281896,1.1305807956190916,-0.8940749310419989,22.04058272695085,0.05343461036682129
1.308516496453362,4.3235698813564865,4.893036511132901,-2.6068527579722147,55.948800609880834,0.05343461036682129
-4.890635035356192,-2.4939347270886727,0.910508886117066,-4.414370327584683,54.6926212485555,0.05343461036682129
-4.724530115497458,2.7678562286172825,0.7600765661219073,-0.5698594889419919,35.773992131943004,0.05343461036682129
2.5383711632212727,-4.048186050762049,-1.9917104369738654,-3.16554639736306,39.33056653922131,0.05343461036682129
3.040657153231643,0.08111068494904394,1.351901689020682,-1.7343205617175403,16.942976677186955,0.05343461036682129
3.4991158610489377,-0.26620876083230716,2.804825631348,-4.1860575647562985,42.07770722981158,0.05343461036682129
0.8411947109547704,-4.560189308663317,2.254075721926541,-1.0909529328888041,31.345660175284273,0.05343461036682129
-1.4656302027105808,-2.795041276474173,3.7053631530069184,-0.040541369618952494,27.69828765634955,0.05343461036682129
1.932971096594831,-3.6372436720189603,-3.34860703218299,4.413091147428417,52.82777292383028,0.05343461036682129
-2.965323117243497,-0.7114584576457919,4.159219493867872,-4.528570214209234,50.813785367273354,0.05343461036682129
-3.582850648836671,1.5211107726198305,0.11066267303166466,-0.20530530764679789,20.018745900299272,0.05343461036682129
-3.8752565487179176,3.666491872757777,-0.7368336927978447,-3.2000002762586286,42.810023452183955,0.05343461036682129
-1.9882031178693316,1.3270307118995968,1.8624518793549987,-4.839782713602946,34.89036184908788,0.0690457820892334
-2.6502182265546796,-0.1472376096119401,-0.3245801756010884,-4.420423750233148,32.00499642483639,0.0690457820892334
-1.6131786643196624,-0.6344318813672016,-4.782874528754475,0.2779288527037256,31.349089198751567,0.0690457820892334
1.206608578477944,0.10333466719390216,0.4215907157695904,-0.30628252499093556,5.899720467488257,0.0690457820892334
-2.708566152212755,-1.7432365889771888,3.779039972277636,2.4592352434387346,35.78999849490546,0.0690457820892334
1.5538715317840648,-0.9966567801623718,2.1191822171224493,-4.034886445984384,26.41401433351821,0.0690457820892334
-2.2607570106158534,-3.3023631862084764,2.174626239471717,4.287069101462067,43.289956709668346,0.0690457820892334
3.947123664611591,2.4592969295758893,4.374623227726965,-1.4993335959653353,48.74083664495227,0.0690457820892334
-3.3389562723995567,-1.85652742483194,1.2952901472232723,3.4620186001581645,33.42088945345782,0.0690457820892334
3.6545115205161425,-3.603628799485192,-3.8781551190492016,-3.2743163680359655,56.89406090414287,0.0690457820892334
-0.9570334808652188,4.570534664366961,3.6888197268207614,4.176227513762021,56.721483680797576,0.0690457820892334
2.167625396568213,-4.045343895669623,1.4897519671413342,-4.073489895881316,42.5242789365542,0.0690457820892334
-1.2070037255532071,2.051475598738258,-0.14248624955339118,1.4558338122752978,10.92656652690767,0.0690457820892334
-2.5644844908890247,-2.766444958079663,-3.6980685744217165,-0.6307388718809834,34.12092537995209,0.0690457820892334
-4.018769976658173,-4.078670318171992,-0.23445956843342586,4.363496688610126,54.56449261356829,0.0690457820892334
-1.9985823564682623,4.248040140652429,-2.0582275026712793,2.6840925816452037,35.93711118005641,0.0690457820892334
2.5001220966918556,3.5581528479744415,-3.9204269646926253,-1.9409415400828092,42.1725158592461,0.0690457820892334
