2.2301998981461564,2.0233288700083145,3.7187197243778636,4.605732814956707,47.97854044242925,0.4632852077484131
-2.306704658580849,1.4379077034185581,-0.3845685720173728,-1.915733855504354,16.365282361320503,0.8642787933349609
-2.8810956443926234,1.8293355240903386,-4.863709240374667,-1.5096701842066,40.71314547978747,1.2962672710418701
-2.6178251483865322,-0.043863943842469943,0.2645046056341789,-0.09843969718091827,9.986848109758627,1.813448429107666
2.926034204108128,-0.5513217642692014,1.4227984975542096,5.12,41.31458010366396,2.2142488956451416
-1.734511214252918,0.0726465780152683,1.1582612832694483,-1.4123525808960307,9.856796215604376,2.6533334255218506
-0.8403452689310802,0.2819576291138546,-0.9139658854224137,-1.7710232219442736,7.43020370779236,3.0543882846832275
-2.4150436335640313,-0.9260824186321779,-1.2030495220868302,-0.6648259362324378,12.765438145743246,3.386397361755371
-3.6115464254912255,-0.7270203380869198,-2.2910023242534368,-1.5100664130873218,27.261771442348785,3.9882538318634033
-0.26310523808076347,0.14917008626327188,-0.3394677264587207,-0.1415923255889684,3.620333291459788,4.342013120651245
-0.6535724923929029,0.3997807695360347,-0.29821972253624285,-0.49282211457618885,7.5938185893906525,4.889888048171997
-0.006454536071142769,-0.6001770621299078,-0.1702020734480021,-0.10112655404172166,2.9231574263870446,5.422532796859741
0.08044791684309338,-0.6951444508867608,-0.13131162983705824,-0.0883335198232853,2.4492712483973356,5.7916295528411865
0.2937000266052481,-0.8725281730654624,0.04061564492146541,-0.2712421984191318,3.66334423022967,6.246081352233887
5.12,-5.12,5.12,0.958619554241551,80.40885584871735,6.793951988220215
0.11173067621763266,-0.6621530458230156,-0.8649211015408245,0.5145735312408837,5.55949514716545,7.295036792755127
-0.08460767467810726,-0.8262691228079184,0.021127289671870386,-0.9177476325194407,2.3489075328070297,7.865554571151733
0.030273372874497717,-0.8058813594640419,-0.013924299336348867,-1.0192278479640011,2.3745871631758497,8.467344999313354
-0.28395025087916803,-0.8727444138531819,0.11287569873357572,-0.8235838919032945,3.8431132059789954,9.068752527236938
0.7029515502924122,-0.4956063190363418,-0.19780334491498497,-0.8667140059414153,5.829566963778788,9.75434398651123
-0.4907622364466633,-0.8687918882471406,0.247472674179944,-0.28039974117389566,5.628804561414197,10.434226512908936
-5.12,0.8490577720056933,1.0293147438268333,-5.12,55.18518031351924,11.039422988891602
3.076491936778887,-1.8411510595194018,0.4161129623593789,-1.7610259389053668,19.495429396697958,11.535822868347168
-4.7782283952223565,0.11157606321340374,-0.8631134384037082,1.2590761593707018,27.63817647168694,12.404208898544312
0.4049754299931445,-0.20502614106004824,0.2754567117890314,0.06794532666443054,4.083714029051893,13.137608528137207
5.12,5.12,-5.12,-5.12,105.94172549031437,13.738651514053345
-0.04112446573501316,-0.6300028710834544,-0.45399067149081773,-0.7352733559671574,5.9139646150406655,14.36461091041565
-5.12,-5.12,-5.12,5.12,105.94172549031437,15.157299041748047
0.25816194351069033,0.009143768794799279,0.18746699736345285,0.576135103795143,3.9915881686706816,16.01294183731079
-5.12,-5.12,5.12,-5.12,105.94172549031437,16.64551830291748
0.107150508068667,-1.2359631942385603,0.5190873424005984,0.08646215842201155,5.082918452684968,17.300628185272217
-0.4411517671484795,-0.2882593356347112,-0.007891649691644353,1.1228088872785804,4.993423208634073,17.900152683258057
-0.300359168267585,-1.2750075569440504,0.09138729159635073,-1.782287888229563,8.327298105999857,18.524260997772217
0.8442454705083593,-0.03010430018034782,-0.31964616769333265,0.18256110971968287,3.3214409131272933,19.15956425666809
0.7995950093655635,-0.39368809489802103,0.4010801127655963,0.11020436903277897,5.489126181937088,19.84406590461731
0.2433130605945273,0.008851150137783925,-0.8680063545129313,0.11136767272956494,2.3442909737804962,20.481311082839966
0.21656237586441662,-0.00283477973600732,-0.8500858984670856,0.09977618267925425,2.17305004027812,21.19448232650757
0.2950934613971006,0.10494651490381823,-0.9494320616698344,0.12168651127216457,2.8318951366405383,21.80037522315979
0.4056354368720392,0.32151066644795456,-0.8766707274952577,0.10846820048299488,4.82078975029273,22.51758337020874
0.5396071224356671,-0.5460648916155861,-0.9167099754243626,0.1799428692708691,6.097433439555614,23.207658767700195
-0.4093412583643996,-0.07010079639591993,-0.44334978624211185,0.09895761049214435,4.440840417096475,23.894134521484375
-5.12,5.12,5.12,5.12,105.94172549031437,24.5611674785614
0.6972542493876066,0.9285188873349703,-0.44887005631299726,0.19555862756536158,5.625995881638189,25.243414163589478
-5.12,-5.12,5.12,5.12,105.94172549031437,25.928709268569946
-0.4750235496600954,0.36983402046515756,-1.060194802926942,0.24429147082657643,6.252428634188755,26.639742374420166
0.7495091877595632,0.05833329836022916,-0.3976059272043395,-0.6133960184748721,5.725837035524802,27.35398578643799
5.12,-1.4472576392667795,5.12,-5.12,83.49643979362432,28.04046106338501
-0.07166022371716707,-2.031597297770012,0.17293729390776225,-0.023940758486308056,4.828102201929923,28.727320432662964
-0.8069623562225807,-1.2486886724659576,0.47180507291429397,0.03929086000371296,6.0906710423735175,29.42523694038391
1.0439765331952016,-1.1944005012965282,-0.30515096138857967,0.5615888867743033,6.886316594819457,30.170942544937134
0.04330358099891107,0.8512894475798563,0.23681402126713813,1.1894523924493159,4.18583689615296,30.868738889694214
0.708566274545551,0.3452066247290295,-0.1716296450678989,1.2497981439511339,6.559223558709563,31.619653940200806
-0.6308003969500371,1.2358474849509138,0.2486291085530743,0.7318884336271774,7.2197113915918125,32.45597839355469
-1.8622094614957971,5.12,5.12,-5.12,83.27605935586539,33.203951835632324
-0.1834497142258602,-0.1597703521862064,0.27910096762037284,0.07723280393198628,2.497209232446415,34.04353952407837
-0.17964312936274585,-0.16345790700828733,0.2768386048285345,0.06748598484727619,2.4514140018536583,34.861462116241455
-0.18219157419972376,-0.16397422778055404,0.2670845867090801,0.06296272928609525,2.391898195138026,35.62577176094055
-0.18531396575327808,-0.1627393201652465,0.25649825907280466,0.06092956518850112,2.3269844581791395,36.572718143463135
-0.1895909749318152,-0.16079490573850475,0.24511735573748794,0.06057844404702095,2.264329907676852,37.448002099990845
-0.19505739482829565,-0.15794659354442864,0.23178001690735517,0.06163606365764096,2.195268678239721,38.368075132369995
-0.20064492431175918,-0.15475691454384766,0.21860004003998146,0.06364248077930945,2.130414802721264,39.28289008140564
-0.05840275863477107,-0.23963734376044243,0.6145767116304519,0.10326124285299443,3.4057793946367676,40.245556592941284
-0.30411150809109344,-0.16250206408511403,0.017312332985333967,0.139497008244593,2.3156969197652013,41.159719705581665
-0.3017806212068441,-0.15876204072378552,0.015840999952956736,0.14221115684547048,2.2923029495679526,42.06113076210022
-0.29930217975600826,-0.1545454681446774,0.014230569927338621,0.14594486142473517,2.2711588292505027,42.94411587715149
-0.29662991718446374,-0.14960237261886533,0.012644600384530413,0.15101964055538808,2.252907276508049,43.87716031074524
1.7055343548995499,0.5859139077350939,-0.5475582544130155,5.12,35.12664949190771,44.79948019981384
-0.29213741505065727,-0.1518990552179913,0.015221717082122055,0.11717959212882345,2.0695505297679513,45.84309196472168
-1.0979527314432689,-5.12,1.0730942819618248,2.914599673105175,37.76500592061831,47.017149686813354
0.4529961652931389,5.12,0.3830188290390133,-1.2155218493593725,32.79841767669837,48.07106828689575
-1.9293549631561415,0.46032293735959584,0.5627083986367527,5.12,34.72574933357973,49.088834047317505
-0.8932389399779153,-1.7448716250434693,1.9076281355925717,-0.11379936563342952,9.152012626336642,50.20705485343933
-1.5718143947183898,-5.12,-0.4338100711042312,-1.7184725714549596,37.10884479668895,51.250038146972656
-0.4110588907834991,-0.4170686400878596,0.24228975644071848,0.3333198491044751,6.679382448969756,52.26253843307495
0.26835817382525384,0.31777015439196266,0.15675628459039892,-0.2172415534586296,4.015613795688267,53.23932719230652
0.28480952635857193,-0.4382975314277928,0.8393456142790487,-0.030103485582360534,4.60687324668302,54.25734066963196
1.0905234579426875,1.6627074856671653,-0.263836262164471,-0.07578971242385713,6.90610019886228,55.26614284515381
5.12,-5.12,-5.12,5.12,105.94172549031437,56.389342069625854
5.12,5.12,-0.7789060221564279,3.503166410437543,68.66890930674278,57.543264627456665
0.035432703638588414,0.20940496575808876,-0.004051308983835433,-0.22995716595661442,1.7450968806543892,58.565906286239624
1.2617627757136107,0.5986523928771295,0.606880479831295,-0.260508454647173,8.123240749689396,59.60045337677002
