1.054059376355526,3.1118838844224515,-3.2516459302050214,1.712687492011022,26.838222695723324,0.43666625022888184
-1.9326543185897447,-0.9305412511940245,-1.006539720630518,0.9202096494923593,6.766799655332319,1.0217866897583008
-0.23744065526998703,5.12,-1.1193338285994052,5.12,55.469490687685166,1.707956314086914
0.8212459429604655,0.39159263159496494,-1.5729764636429717,0.7812870074434723,8.957845691505423,2.008913040161133
-5.12,0.08328165131979048,-0.025319581702568428,-5.12,53.12487970725966,2.340207099914551
-1.131632691824405,0.5366195898544079,1.2631906580413101,1.2364258850783791,8.987165238978765,2.6096115112304688
-1.9148911018070747,-0.5654770300114764,-0.9381629534683382,1.1204545520497895,8.52583082298308,3.1735665798187256
-1.4507134834820814,-5.110490140923732,-1.179252542608852,4.795857933672427,56.08226711487074,3.6120471954345703
-0.8822002691673392,2.8358342857340446,2.879264841096317,-2.4568423874408656,26.132225289661577,4.0750062465667725
-2.2270952140733606,4.4205904238044775,-0.44913072218825345,-4.179962570924869,47.433409838366245,4.714189529418945
5.12,-0.41624668890067174,0.6333761166936469,0.14274019120469106,30.989802404341074,5.447418451309204
-4.825872650993354,0.7150637366316017,-5.12,-0.7471831136311957,53.620658398756156,6.017952919006348
-0.13688405520800906,-1.585957510887642,4.5742132146241845,0.1566985592764043,28.0272726919543,6.619014501571655
-0.5608044311217579,-0.26087061082171914,0.16156387656041904,-0.7211096161766246,5.577833786233986,7.213740348815918
0.10893006355848378,0.16125434170351127,0.045094724707009703,0.2152928254655535,1.605841676649904,7.799468994140625
-0.01318986066123351,0.6079015283026488,-0.05735413068376971,0.13488425917535807,2.5758593353578254,8.401196718215942
0.371993669340136,-0.17461846220662025,0.3089302017759552,0.20173771581149857,4.605758139852234,8.871280670166016
-0.6174720473439734,0.4402225904872843,-0.41818938077885814,0.14936287731270692,6.7220492822588005,9.388453006744385
-0.1592956671907917,-0.6004055763391509,0.029541427592367775,0.14672675448531436,3.0891004205857833,9.92107892036438
-0.08673949943404313,-0.4800526261745377,0.03865447103312292,0.23173214184901791,3.3450177252796762,10.46045708656311
0.6463559640967116,0.3750067366254495,0.4111498873652897,-0.06184526109025246,5.967295979224946,11.03046727180481
5.12,-5.12,5.12,5.12,105.94172549031437,11.594419717788696
-0.07717959446780398,-0.4131912255064689,-0.07348642651848802,0.737571063306647,3.879020840371979,12.227609157562256
-0.2813407422616603,-0.6793226317293737,-0.30354138590805047,0.09013688081965121,4.7524038705060985,12.836073398590088
-0.6087968256091054,-0.5225051238681324,0.4281359991575382,0.3160596502809483,7.995196269573068,13.415621995925903
0.23763862816827697,0.04992353755809553,-0.16486343075718235,1.0076246321163156,2.56402373318997,14.001487493515015
0.2807833149997512,0.09929707337897309,-0.13574274259025376,1.1352672908149533,3.4587103010284173,14.556559085845947
0.5593882776036772,0.4600772912632989,-0.04088701164029995,0.8430037137022337,5.61795426753341,15.0576651096344
0.14912259384232485,-0.35317115129172905,-0.5678931077369871,0.3778177372222169,6.253665281157167,15.606038093566895
-0.31491749793710433,0.019937525659721622,-0.20606539381729672,1.0766946525233188,3.5471343968272384,16.175540685653687
-0.3088562039171592,0.03339641482797795,-0.20430812332753323,1.0073772422746892,3.2543372236268278,16.877477645874023
-0.3196988931255982,0.3216208943323684,-0.25807503833874446,0.6922233139880225,6.0162778025801025,17.54766535758972
0.4444411017047729,-0.3043424660000289,0.20926953082810407,0.7639106881472788,5.8516138988568756,18.18084192276001
-2.2983586676071877,1.1888370295682709,5.12,5.12,61.59093278867023,18.797173500061035
5.12,5.12,1.5180796253725433,-5.12,83.75441459071948,19.483702659606934
0.04382010283361559,0.12380565178994551,-0.34215472897740007,0.12150229134335166,2.2990855902677985,20.16611409187317
0.05249521469340834,0.15238902917569241,-0.41050522454585625,0.02331034833144585,2.5300965982699517,20.788036584854126
-5.12,5.12,3.363726996729766,0.613357966426455,68.0739149628495,21.485799312591553
0.05386764841810887,0.8798323892287172,-0.19175104441403512,0.015798280808974496,1.7895601483994679,22.310131788253784
0.10339121785976957,1.2342401330265345,-0.1283746704491504,-0.0006747375707858438,2.9634018673027422,23.174859523773193
0.1565097619611997,1.280870455584468,-0.11104306414596898,-0.00695520093858093,3.55067731601248,23.86130928993225
-1.1030635556281023,0.9458542475790974,-5.12,-5.12,55.3420132557011,24.58301019668579
-0.09636291686606313,0.8314827388168586,-0.42943888145877374,-0.30518129747598977,4.909198980704685,25.238123178482056
0.42314189611674013,1.1384274805491899,0.0657078526072663,0.3237745936154033,5.355991250003721,26.053520679473877
-0.3812633813194335,0.6498721723993004,-0.3822582478292951,0.2737460554090152,6.99882417073574,26.8146653175354
-5.12,5.12,-5.12,-5.12,105.94172549031437,27.500211238861084
0.4222910303408387,0.5081499314816895,0.059015414544393074,-0.5516686235339217,6.641935283754231,28.217387914657593
-1.4717599390038494,0.3345706291949808,5.12,-5.12,58.73989423034621,29.003429174423218
-0.43692473673263343,0.8501248018548786,-0.18014444353129022,0.45194284878768975,6.014190486854702,29.805229902267456
0.5074850157929038,0.2738830641256449,0.03739400571863705,0.28383577996316944,4.8013809505769025,30.553592205047607
0.012108664105709543,0.05798395180068816,-0.5455543456135628,0.043760617707132354,2.368460175306625,31.356114625930786
-0.03406242133055137,0.0691612402279933,-0.6597176333550179,-0.08250685138508551,2.2324487351725244,32.242918729782104
-0.10948543045311077,0.12023349527362903,-0.789945692457982,-0.2517132062794829,2.9756880655788325,32.87556791305542
-0.14455440479165915,0.16895857893362187,-0.8412691113318909,-0.3469179287093711,3.804401286534289,33.79382586479187
0.3416250870463262,-5.12,-5.12,-0.8855945767469295,55.66369172926925,34.580108404159546
-0.0430462065941688,-0.05926325569900737,-0.7649080224297125,-0.14454960288266694,2.0075535977566883,35.38136625289917
-0.11818186531015495,-0.04105713056809268,-0.880244755213905,-0.2973331075321859,2.7382569501180094,36.127185583114624
-0.20006848451047432,0.1249190165791143,-0.9453385033563615,-0.4894493572901535,4.228987922238261,37.07106018066406
0.018901446267219235,-0.30870074155539573,-0.769822844166498,-0.0025174197662058972,2.931749218232718,37.78638052940369
5.12,5.12,-5.12,0.6762459042818056,81.36060428166846,38.61957812309265
5.12,-5.12,5.12,1.863044726648016,83.27518295239082,39.47117376327515
-0.051799669423050254,-0.28756082750535406,-0.8413121571833369,0.08040858254022076,2.668124942181614,40.27450919151306
-0.06814985615586266,-0.3625447915736961,-0.8645643013395299,0.08550812010882058,3.1124444478507796,41.051095485687256
-0.06504268675553782,-0.38616281648931583,-0.8569460321221527,0.08005185915624224,3.232719574940189,41.909971952438354
-5.12,-5.12,-2.1700085902871367,1.3173084908408317,61.34381269256748,42.76341676712036
-0.0721219420994057,-0.3201534146355769,-0.8505347699010919,0.10503914623191246,2.9892191007680715,43.76211977005005
0.20154240783554744,-0.22638645862010698,-0.7176793226334608,-0.09687286332744538,3.549982643322054,44.786683797836304
-0.17504761725482254,-0.35080942286035643,-0.8783531433741674,0.16766726111931796,3.8751017723237116,45.735687494277954
0.05903885253991259,-0.3739428457068543,-1.92767775981102,3.1632244309745206,16.218530384838537,46.65204453468323
3.248221672800157,-1.1177704736924259,-5.12,-1.471045399891333,43.68359805123905,47.54131746292114
-0.2066886353908579,0.23550968754216495,-0.9585186487190471,0.019380572595650847,2.698790641658549,48.77311849594116
-0.22913825541776678,0.3207981003306566,-1.0157678402300494,-0.06242393872475471,3.571546244134684,49.927977323532104
0.22179657719112456,-0.01282869429553024,-0.6815606854667475,-0.1339044386480257,3.109205690706981,51.02708077430725
-0.15458726449133753,-0.1710163160484477,-0.8392658389572567,0.25352585816691686,3.271637382199742,52.11503338813782
-2.972184828812488,-0.061983294884734974,-0.005440273627934644,-0.21834588614397976,9.778549248902033,53.20274615287781
-0.3866871743598441,0.3304942523976937,-0.9204736200500472,-0.34775567289583975,6.167093456204087,54.321253299713135
2.8485798704052376,0.2572919131944662,0.09889646937384189,0.3828119620554249,11.730065011685785,55.56126308441162
0.35787553682316187,-0.12685730995292044,-0.5610667662847781,0.034026748975890975,4.338452511359678,56.51059627532959
-1.9718434832928922,-1.8639809196357873,-1.1736311008405762,-0.9729683950158527,10.59853373545811,57.46010136604309
0.04098688324106892,0.6950839183200932,0.9594292840796426,1.1483675573004142,4.531556083347358,58.468910217285156
0.09237016722010516,0.4620418612620192,-0.4627845793859784,0.4888684190545938,6.780956626703678,59.51799416542053
