4.788767957471511,2.225546892961903,-4.637929041227416,4.909135756580889,76.90712299168516,0.5597453117370605
0.8925185740520263,-3.182808126433396,0.25398309650699513,-1.6352960462190778,17.16024443026267,1.223846435546875
0.9339474129510847,-1.885108136422248,0.2577619457083111,-1.4873179583190912,10.08435552279791,1.8629443645477295
0.9399451777112686,-1.6323523880868702,0.2586824485625723,-1.4488427779026245,10.461492743848963,2.549372434616089
0.8744511670416566,-1.8973800609713143,0.24881110298843723,-1.573682048492099,10.286467363534907,3.081674575805664
2.3528839210118733,-1.877002273706743,0.2918345479590281,-1.1447443923428846,13.986870976998889,3.779034376144409
0.496166955419584,-1.873576057121567,0.2586008555006458,-1.1977004637871862,9.288076491087246,4.345494031906128
0.00700478228619783,-1.8571194183735487,0.26081263329576565,-4.416965363844733,26.338989380434214,4.815734148025513
-0.2567927411982387,1.123564798739494,1.6099723475362895,0.3023800969082826,8.43482632263072,5.644674062728882
-0.2483728089796733,1.088243881138606,1.5370877569109656,0.3658361917799713,8.520241284928835,6.374634265899658
-0.2653375182742952,1.1674692192621876,1.7002335674166815,0.21400894693251082,8.053980078805218,6.991849184036255
-0.2811385690501371,1.2393911413749619,1.8523784585391727,0.044508422339667675,7.615251588883924,7.591652870178223
-0.29641148387526606,1.287716192970481,1.9644802085734332,-0.11396902961093502,8.41092843728935,7.999194145202637
1.8792905960572037,-1.459405723399744,0.1689840933619351,-0.062250443854909854,8.52395076602456,8.563354015350342
1.0908162069371174,-1.6099118509422596,0.11670388962361944,0.13399867517667552,6.33356247628503,9.565379858016968
0.9259022595305773,-1.6644203470695804,0.055701893952600834,0.39414998823827574,7.25214662922596,10.229188442230225
0.9719956974566601,-1.1861237971705991,0.6350864378171641,0.4144828789897712,7.071566685746922,10.895522117614746
0.6277273371864567,0.6605267058726154,1.884455243899784,0.400849870390374,9.834406309155513,11.581479787826538
0.9809124213151463,-1.325626400289325,-0.006973227768825474,0.08150493228232936,4.320090543523454,12.36808443069458
0.8029366599543497,-0.4381530258857991,-0.11477037535642687,-0.06864555830657437,3.7940177223661244,12.953301906585693
0.7881528409583476,-0.31671358692271845,-0.17521510934289797,-0.08121762566651736,3.6029818000898692,13.818122625350952
0.7949369107025186,-0.28428252778804186,-0.21035721389314066,-0.08802287955153965,3.6024362961830287,14.669384956359863
0.8091027867272569,-0.3123645163205211,-0.2256363338907077,-0.07984908800723911,3.7992787828170598,15.24962830543518
0.8266289925056025,-0.36198497757294223,-0.25867557586403933,-0.06388116089678508,4.203199653604545,16.034228801727295
0.7517367953323939,-0.11462089163113909,0.017588644346731463,-0.1568824396685029,2.294409540279247,16.80509305000305
0.7039305957157556,0.7667656964208796,0.37184657201834437,-0.45044157352278713,7.249774184471342,17.591413497924805
-0.015449621719065831,-0.4469564496470806,-0.4006052387546877,0.20102551310707284,4.858949919088544,18.34042453765869
0.9425492940614069,-0.849786042926489,-1.1629633175215583,-0.17249553513751437,4.482554446502218,19.195755004882812
0.6325335675112402,-5.12,-5.12,-5.12,81.52924933405122,19.813096046447754
0.6398305850080934,-0.03525731859149506,0.22553753777133778,-0.24118611551614855,3.973896517096737,20.3301362991333
-5.12,-5.12,5.12,-5.12,105.94172549031437,20.84714913368225
0.9946925663318327,-0.2750642042854716,-0.7069500714592518,0.7147789084613159,5.719852822285812,21.432530641555786
0.20102629833450436,-0.3085104455102661,-0.7715844806171512,-0.8652771941464144,4.738345102101737,21.98742699623108
-1.1638041160161214,-0.24220104620470995,0.5611302466591566,-0.7741868519225701,6.538609193375395,22.62013602256775
-5.12,5.12,-5.12,-5.12,105.94172549031437,23.221412420272827
-0.8397132559996674,-1.322983889391169,-1.5451624650157165,-0.15730306092691038,9.185990518630584,23.80736231803894
-2.658902612827428,-1.0090718144147157,-0.393997243951679,5.12,38.05819174483388,24.440484762191772
1.4239039786161074,-0.12823004949911887,-0.8688995660915664,-0.6118012380564064,7.4522397656747,25.09565305709839
-0.902030697595678,0.8221070486476254,-0.3090542045149105,-0.8476019553723031,4.83635524765738,25.70969820022583
-0.28445062493583784,0.10607067126896297,0.1649339902094935,-0.876371207749072,3.093581170448831,26.444833993911743
-0.5499533706076933,0.0605631265479305,-0.1420484029909117,-1.3987099643991439,6.482134342745237,27.07702088356018
-0.2005576993364624,0.3501959811639086,-0.2757803905252372,-0.0134465243247881,3.68703722699085,27.70892572402954
-1.2448636376595816,0.7893798294236456,-0.5175373014866516,0.3437716778156741,7.831267607775869,28.348388195037842
-2.523596226474935,-5.12,-5.12,5.12,87.81386171461979,29.063744068145752
-5.12,-5.12,5.12,5.12,105.94172549031437,29.649437427520752
-0.05055915812507816,-0.16501007802355439,0.11430476495480058,-0.12984544998701697,1.1625107162970745,30.285345315933228
5.12,-5.12,5.12,5.12,105.94172549031437,31.015085458755493
-0.3119599537148643,-0.4239478606216478,0.31101360264529276,0.5370768843822411,7.2767895737806,31.647830724716187
-5.12,5.12,-2.135678844066648,5.12,84.35931183430104,32.26974320411682
1.819600756696424,5.12,-1.526719855939596,-5.12,61.175115247813025,32.93830895423889
0.0537038540514434,0.6478343416194221,-1.393246308123448,0.048232452223158084,5.850089883038031,33.593143939971924
5.12,-5.12,-0.32311785881450383,-5.12,81.0041213664839,34.22757530212402
-0.646654008445597,1.228344151297108,5.12,5.12,57.366867740210566,35.090280532836914
0.2905527416254552,0.04881954913638431,-1.8052825334785765,2.624619679085426,13.901594501281647,35.910351514816284
-0.333578712413205,2.343469680239532,0.0757059181332771,-0.054145324165837394,8.835557139805852,36.70621180534363
-3.053086304257261,0.3710650347597273,0.3013633055691525,-0.9535366025259346,13.563065674592744,37.47679901123047
-1.6002367706507683,-0.592906634594228,3.206245303734975,-1.0019101710375518,18.56727568124559,38.2788405418396
-1.2236062277541988,1.2346068943098452,0.9729167651861488,-1.3140963683707736,8.839612427359867,39.01781415939331
-4.53238031498721,-0.7765648394274205,-0.4901541463109007,-4.961310397965465,50.84110256435484,39.92030143737793
1.5528577544946724,-1.8572610582649767,-2.2722084238918816,-0.010872302714424187,14.486539399598138,40.95884704589844
-2.852946628118888,0.41570533461290093,-3.0470900184258647,0.6212433350237587,22.01019518566385,41.82299447059631
3.114505824378555,0.00440169074316632,-0.48098704351804233,0.7231988063941319,13.863227566836036,42.879037380218506
0.45150807118287073,0.9683429052649375,-1.4033165619493109,-1.8693281363176726,10.71851672834958,43.664939403533936
-1.5155935843668402,-1.3727577850267534,0.2050699556337756,-0.5955893579458191,10.81697181523197,44.51350164413452
0.3789485172184781,0.21018140747782965,-3.400188561692671,0.41882967406990623,18.083776536326518,45.3904082775116
-1.1997182462433194,2.050374066835782,-0.017926223535044805,2.029136588238738,10.523093705708957,46.293089151382446
0.49852986451929837,0.6205408480715606,-0.10565280829107238,0.5084334780212885,6.8408275904715765,47.264774322509766
-2.322912263634832,1.0760244934230512,1.3768979784411126,1.147155740976145,13.43310282547298,48.39911675453186
-2.098435041014239,2.1891912861245233,-0.3535447180282105,-0.3255242900052826,13.301926049142134,49.385908126831055
-0.099199024956655,2.20966564201727,-1.25116599206072,5.085065388926849,34.3998732727286,50.41069221496582
-0.35012669783111416,-2.3544102292775024,0.18615732129968166,1.6328720694218894,13.845983630038273,51.51913046836853
0.1156158467682884,0.0303017506965082,1.0202309253436734,-1.1103991241030169,2.7978217157832397,52.775158405303955
0.7529774391999959,0.834175298980333,0.7731436830289944,-1.3024561851936225,7.212438410617365,54.21007990837097
0.6103690230005974,-0.7289551560610823,1.7807875853226651,-0.39930269153803,9.749643981771722,55.37417674064636
-0.28631030493389176,0.001834455754561759,-0.5770883367284805,-0.8808284573809351,4.569554429551001,56.56613039970398
-0.10397828266553955,4.978156296861731,0.3968504853483159,0.5876519622146166,29.16037569507064,57.501309394836426
5.050303255500638,0.3462883988892971,1.7418278263454718,1.8261405703124662,35.203487123164074,58.684348821640015
1.51749686853349,-0.776794885937437,0.47099291587672987,2.504843384750802,16.21165595246513,59.9035918712616
-0.5714218731373419,-4.8182343201284565,-0.9043962219752784,0.6624070282455383,28.981946858756597,61.00805974006653
0.19948503112501736,-0.5996002549714667,-0.8383494614427347,-0.9749008877774852,5.036341767712139,62.364262104034424
-4.917046744802015,-0.9029499840743744,-0.23561191145119054,0.5009673564908805,28.52186106007464,63.586419343948364
