3.5634328216542626,-3.9567618201168657,1.8045931711983396,0.7761416180241438,-1.0503141187307667,0.22501609195827843,4.416777203265753,0.12828140626517293,118.14779091393314,0.0
-0.5461172499579474,2.3833783462749194,3.0772277641538457,3.9396810267968645,-2.5297140462153807,-0.24408950524479067,3.002104760452263,-0.09222859691949026,116.41815788648228,0.0
-2.9918715458210032,0.48611102015323926,-1.5540692421781506,-0.47291639077455017,-1.3029124175290705,-0.37027411523695175,4.130820522799579,-1.891929087500276,129.09520916477834,0.0
-4.239743056301292,2.8452006330488517,2.5896793616081144,1.2204675880682005,3.365674176462913,2.3921052031563548,-3.0676947354737454,-2.5188479311781755,162.66025542478795,0.0
3.8275285338016447,-4.921093985308297,1.8382902420273286,-3.1499723225020646,3.7560740528628846,3.878936522134917,-4.8826672412941186,-2.3548284881772834,157.17714177637,0.0
-2.973054251617327,2.1531260923696776,-0.8958440063221431,0.4602542083595935,-4.849557333394906,-1.0336488315721466,-3.762859889797611,-3.631229266680734,122.95112515133327,0.0
0.0016136763760874473,-3.2352456304135067,-1.6929632275330282,1.990331164277202,-0.38314902385580485,1.935756865000453,3.5363515568759576,-4.161882966787286,116.32577517447874,0.009891510009765625
-0.15017800783627866,0.06183226092274108,-1.6065128727841915,0.7656457095153613,-2.971022241660035,3.5390493246342247,2.5747679384463265,1.2898897000733704,115.8391286465376,0.009891510009765625
-1.2259476237895894,-2.3042088098755626,-1.229809527140548,-4.639380372956731,4.333563072208642,2.179064604467599,-3.061192569845866,1.55779875879694,152.9278418142713,0.009891510009765625
-1.573296769872813,-0.26561579889437237,-0.9494054055716648,-3.8457850205648594,0.29716974584887,-2.3024555083343587,-0.9139374806441749,-0.35144705640424334,102.89788926254218,0.009891510009765625
-0.9294273189189388,4.684446452972213,-3.447165307289989,0.8338096005062319,1.6495652120341813,-2.0724273355012377,-0.6101474882023439,3.482698284777732,148.85999905597978,0.009891510009765625
4.482532036071398,-4.191167073314753,-3.0765083713554167,3.4618780280973924,-0.32667499729018346,-2.835469539562209,-5.08730989906595,4.1152194884405935,180.73857991776566,0.009891510009765625
-1.5089689309286194,-1.4100877596986203,-3.6970957605978354,-2.2823347507281353,3.064902823818607,-0.6698346926515013,-1.0002253539647041,2.2325522938109286,127.2338077360907,0.009891510009765625
-3.4744420554922826,0.4815254966565927,-0.17298197404438298,-5.0676831798955675,3.6562295230898316,-4.7582884724360905,2.4482128717964233,-0.6607572990605926,186.32638590189595,0.009891510009765625
-3.5128819021274476,-2.0430869406769063,1.7446315374182992,-0.5518951341209348,-0.43072507398059035,1.9742087029432058,-1.6812603512520985,-3.8399017895136343,129.69074430152466,0.009891510009765625
-2.1101348810270695,4.850501776553016,-1.0875360083682013,-2.7563801046808574,-4.933748114949656,-0.40081941020357625,-0.11621945956176649,-2.7317392576095525,118.87871355732065,0.019926071166992188
-3.2554086735065058,-1.0227762367047006,-4.608037392308903,0.5209962754866879,3.2517584881246124,-4.016926377571168,1.9492419895247144,3.4871530040279533,154.5955505425335,0.019926071166992188
-1.807747547294328,-0.9668824857566145,2.4610072021866447,4.383325658111976,0.5097779009080226,-0.7514740751751878,-5.093474460387101,-3.0916186805775596,142.77387594480277,0.019926071166992188
-0.257446978720691,-4.208355775223432,-2.5919789921157834,-1.447845496047003,-2.2013771755466944,3.19813400794066,-1.6138584474637394,0.7833374562987423,139.8679609342077,0.019926071166992188
2.0327537466908385,2.2736171500174773,-0.4828210148199723,2.2444831292646903,1.7449507455521998,1.513778518506573,0.505535833642738,2.667615729778883,133.78705609414487,0.019926071166992188
1.9965022052771433,4.186463935507242,1.8386562773641808,-4.444851728264272,2.951982365827953,2.8845777188911876,-2.859908265606941,3.275380947569432,129.01275343240513,0.019926071166992188
-2.880351608281431,4.058749192056671,-1.0204233005942616,-0.25782783282862454,-2.660312483793916,2.6812891243541177,0.2308417731085397,-2.6971744966215248,112.99860142022543,0.019926071166992188
-2.150462859888057,-4.5194925870921905,-5.035144502891464,2.904040894842365,-4.096199519320932,-1.8300645462800031,1.2244047065186816,0.8853353914162918,125.15863143184676,0.019926071166992188
3.8582393097936647,2.633999117729341,2.0995733204300375,0.5982822737533997,2.7137745056656417,3.5848467984491412,4.213796798787237,-4.919350390799064,169.05103794018532,0.029875516891479492
-3.016096347994039,4.777882644251492,-2.239747233431127,-2.7989306016257225,-3.8024952985441667,-0.6077863270893573,-0.9137873890843631,0.48350815849996476,131.24294212023966,0.029875516891479492
-4.734951015015622,-4.990735088060228,-4.696618903418035,3.923525172413103,1.4526354325680702,-4.112141040955431,2.7333102879816344,3.946286686625867,185.78104748562095,0.029875516891479492
0.9963339703968099,-2.8565217449436804,0.28158056727775715,0.7566159150685676,-4.208116114812538,0.3846431047383758,0.8359923987708573,1.0299635515174224,84.69167003367735,0.029875516891479492
-0.6200308129448242,-1.2466101142680834,0.09152646043355794,-4.129542869136577,-1.912325038201371,-1.7772299728791512,-0.8271431518793753,-2.4082466221101453,97.61786921212654,0.029875516891479492
4.5397498855673915,2.1878778593751926,-3.1503518050934813,0.4861814976047718,-0.32756619121676867,-2.615257910326602,-4.086724973549,-2.449883947728591,168.32449100838863,0.029875516891479492
-2.9421698976034287,0.7700495439882493,0.9060992245584645,-5.040603494314605,-3.795145644152625,-3.6156836110110873,1.5815568996062188,-1.8049016269500764,130.13195693552208,0.029875516891479492
-4.325112734285212,-0.4523421934459728,-0.19937546609460366,-0.05935855458911021,-4.325717609139506,1.7474351601611815,-1.5926761838992904,-0.12234421352674563,130.83776789275257,0.029875516891479492
-3.2152502290395235,-3.9913350304850064,4.6364387967583385,-3.206524391415079,4.018335620127812,0.0002423770029986727,-4.596355073671296,-3.54246428389457,177.50058466656685,0.029875516891479492
-3.225058398798991,-2.525931836153122,3.3777581588080716,-2.5702481207371384,0.21310606741359805,-4.549618753909898,-2.2972159723807266,4.534659194924502,205.8302266458067,0.0400087833404541
4.988629171898242,3.207926114851884,0.5760025821556942,-4.471110195011445,2.7221568590771277,-1.7726464923432963,-1.7628640029579508,2.9482435127334687,154.02079807668557,0.0400087833404541
2.924853777092502,-2.767331019962489,-4.262039880417838,-0.03806588933434796,-1.9020679136427048,-4.810167633598442,-2.5854871444006466,3.6712894785774255,143.8270452591412,0.0400087833404541
2.1112251332086966,1.884119025596556,-1.7954415009014308,3.1053731455767197,1.3026717452033578,2.3931908034008664,-0.7092817289196871,1.9118881239804493,91.73800113727455,0.0400087833404541
-2.4920513077324933,-1.9184452692342138,3.5147940406283515,4.166431522101244,-2.595156669990531,-2.557493679661934,-2.929737176850889,1.1723105096055262,152.94175195205813,0.0400087833404541
-3.20970556671437,-4.667350550995883,-2.4510661533403,4.222515915461693,-1.9630762001745374,0.6181213789673086,-0.007462190793160239,3.069458913559779,138.43797460456213,0.0400087833404541
2.4213086707627642,3.5174960801785717,4.673483663818989,3.401247525755294,-3.6375308888370124,0.7545665635688366,-0.7413577015493438,0.537977060384387,194.25360324729098,0.047865867614746094
-3.187761895458454,4.052444111079896,-0.5523712285005482,-0.9561695171992737,-3.8131506873366536,3.9315361160546756,4.786562136205764,-0.3783386023527955,139.40879094253836,0.047865867614746094
-2.5011955039452434,-3.922098553860094,0.04548757916454793,0.14982018982407208,-0.19690556666020775,-1.3851254236937272,-3.016862181941883,-4.153348586105661,104.24657293639063,0.04996299743652344
0.9595045263252153,4.669925360445574,1.0190945370296784,5.020921985589491,-4.529553030030151,3.8037440573202455,2.35037871498956,-3.341980171886753,173.83231684045222,0.04996299743652344
4.343978143666164,-2.4155271856652765,-0.10297949582484378,-5.022523426013081,2.2709122588863657,4.575098825191408,4.2701228486648235,0.5830046728517901,191.06575276667164,0.04996299743652344
0.6171795377554439,-0.9908098409489199,1.472929233978463,-3.2967433669317296,2.421933149220515,4.41086221753685,-2.0237632988032606,-2.662133785873637,153.73079960964733,0.04996299743652344
-0.33700681905341856,-2.4697990003991226,-3.7807689377097664,1.9987290455043913,-2.4690245088543117,4.942473724571296,4.896791370151651,4.884849263448564,170.95763474204358,0.04996299743652344
2.9690532690754763,-3.5256329772374624,-0.10929900940118831,-0.5293566445408784,-5.060663549671582,5.098539796612628,0.458436556557551,-4.307467533955043,169.8313420163813,0.04996299743652344
2.2219514713233117,4.985253359783187,-1.4406053796406484,-4.015710172013173,1.2664393519477901,-0.104700869422099,-4.274100519779913,3.650525463852415,149.3278680948472,0.04996299743652344
5.096149255587705,1.9945720753104563,-4.47206053197325,-1.9766778636710316,-3.4259494165518953,-2.949241562376048,4.922936832109783,-4.86711809563811,167.82266475486142,0.04996299743652344
1.862286877351214,-3.841484030377825,4.726476248665093,2.8149930420922225,-0.6955496631759566,-3.302655535122195,0.44331793469655345,4.698045680755887,166.9113780996122,0.05996561050415039
-0.6911280994039988,4.540496938501016,1.2659299243466977,-2.371912174902528,-5.02005001525572,-4.465753836628643,2.1555810871820835,3.3984831159904916,193.17927777116213,0.05996561050415039
-3.453561201692005,-4.591853239412873,2.4639884850564373,1.2885034851486656,-2.5964920274175536,1.117072413603589,-3.57936042346956,-4.963796383166595,196.12620768482918,0.05996561050415039
-0.018694131215968746,2.7613837496534615,0.4957879741871203,-4.408262943462469,-1.432457070829234,3.9363290770823385,-4.599919122003537,0.722893496672615,163.95829083869128,0.05996561050415039
3.303625574423511,0.2301787521701284,1.073169393333444,-4.217212011146673,1.0751579835224758,-3.3797495752346025,-2.8646946801109787,-1.3207946053127189,119.56722097927099,0.05996561050415039
-1.9538476668923117,0.1629130135740411,0.21230525778506237,4.632247177209011,4.800619370628213,-1.2196240189913334,-0.32619429429698155,-2.181766635675535,119.78234561302807,0.05996561050415039
-0.5510221225336389,-2.211207807008918,-2.0215448541379413,5.102970563530701,-5.101679458252155,2.524686955827576,3.132307604363535,1.459035337411418,153.63472128308854,0.05996561050415039
4.182806135539933,3.3974396954728503,-3.868311063528349,3.1391648419483316,-3.165915249821563,-3.6089971781352834,-0.9635741229822976,-3.361073034305237,159.23559065530327,0.05996561050415039
1.547911999200319,3.8271409061097232,-4.169793632354642,1.701830049933445,3.5956743221463663,2.0235617432494797,3.927809909895573,4.731214803653006,165.74990381433042,0.06979179382324219
-0.29073071344578416,-2.056955964133985,-0.8173925072288277,2.1889392606348306,1.089650952636397,2.8612660759519946,-0.8206639017353288,-3.869630552681211,74.09527281965279,0.06979179382324219
3.9291305341197615,3.917508077089356,0.03613403126277426,-5.0678093726300295,-3.779536473403417,-2.3633737398749437,-0.23798931214393182,2.482613615733692,139.87592323386355,0.06979179382324219
-5.088835199331388,-1.281677228774425,1.00607917692927,0.8929723339159104,-2.5721595605423064,-2.6687541514581774,-3.65484601005865,-2.3207030651880323,141.31198110094337,0.06979179382324219
-1.9014617040970627,3.904633062950597,-4.2793671374389906,-1.9158826084278027,5.093316937663599,-1.2478574804910085,2.6656025192713653,-1.588967603392593,139.84342613272548,0.06979179382324219
4.788970510136287,2.1811138381828954,-2.9590690695954533,3.332764619594694,-2.500807136805136,-1.3299322684590988,-3.585010128074951,-1.3091955976725482,165.87827594496375,0.06979179382324219
-0.4166762376381783,-2.3011665133300183,-2.5125111411896404,1.5695612805737689,-5.053721957584428,0.42852938126476925,5.082385350674646,2.661042206221647,179.91600859314482,0.06979179382324219
3.371438643820569,1.6011922407254975,4.948903662523411,0.6967982722742638,1.1988057907415968,-0.6350385292220668,4.603706672989156,-3.0107944399394793,161.17974146804394,0.06979179382324219
-4.999314301182223,-4.75201440587222,3.4140599773288534,0.28661216696821246,4.946536372800506,-4.0223355750494605,-0.029014130275079708,2.9884520164121477,150.47200149869568,0.07996058464050293
2.288572317369616,5.025696183476367,1.2694282826648955,0.6951655349883774,-0.7188378116739633,-0.1970630434930607,-1.766389213267649,0.6795980641825965,115.78571931998019,0.0800180435180664
3.1699592609646983,-2.7078844137907203,-1.6255618357685448,-3.135763959597192,-3.0978293496333387,2.997841747188752,4.7852298819018655,0.5355270616079792,139.2779366262475,0.0800180435180664
2.4776149549580317,-1.3777290615568512,-3.8489330360041025,-2.6123037603460064,2.7944521821107555,4.772371899531065,1.7522926749673484,-2.325056826188498,167.85829864281465,0.0800180435180664
-4.610369818590366,-2.969585354047917,-3.653083628163641,-1.1221383105500697,-3.169671231857512,4.270602177707489,-2.6143503957417122,-0.9761073075155187,151.24167351145968,0.0845329761505127
2.807035127460078,1.614010426333989,-2.120018652191066,5.024583241602646,-0.03745057617209557,0.6687642014517783,1.9034166667121148,1.044499010447879,89.58771619757927,0.0845329761505127
-1.7886511378468408,4.218788794400596,-2.705850647987217,2.740513140102866,-4.963209744845716,3.480947273252281,-3.1041849005253352,-2.2513150897291774,158.60956675207956,0.0845329761505127
0.5925696318986855,2.0650215161184695,-3.0449366854147804,-4.596563121172272,0.6006201656425718,1.909628196782684,1.3506873746142594,4.1217771684765365,133.9625407487493,0.0845329761505127
2.1855651253103536,-0.5024169917052577,1.691142469896172,-2.849822493073911,2.1579363607766666,-2.016883585133608,4.416079804301394,-4.120448105629203,130.9807918878563,0.0895681381225586
0.437287733165725,-3.175458387523981,1.752183578154269,0.14680949691239498,5.118533659517522,-0.03661020862464426,-3.8773707706821314,-0.052140330682791,99.41452821580036,0.0895681381225586
-2.488538961581598,3.0414440136940515,0.8084685384081061,3.962134617803401,-3.4696607259739674,-4.042480854683046,0.9145941254209653,-3.2415908708947017,129.57165851268573,0.0895681381225586
-2.081112154584717,-3.824449966254935,3.0291035522056733,4.8556301577730645,2.376687201055047,0.6693154634189966,1.4212264080953103,4.676169983491628,157.73630484116597,0.0895681381225586
-3.272084069770391,3.7359126985056816,3.7744349061565012,4.260797278216573,-4.665976173556815,-2.973448284459075,-1.177580038645647,-1.4236836118160756,172.16006429065553,0.0895681381225586
0.9719380868998897,-2.0491770890286096,2.3524188804794735,-4.290179482844884,-4.207889641221492,3.127244870345895,4.281717238724613,1.1251902435119234,130.6263631178274,0.0895681381225586
-2.397292274909211,1.3977954009815843,-3.1766942395628517,-4.164022362528337,-2.893678814261942,1.8920318050369476,0.44510993156691825,-4.8808516489308875,143.96295388347167,0.0895681381225586
-1.957484127406072,-2.7772633279595444,-1.1367847701306988,-4.435954367435647,-3.242879895581783,3.4575927572936633,-1.9014231852304344,-1.0560897308062325,122.71160788216997,0.0895681381225586
0.8251665453584289,-4.117819456123261,-4.146135545208698,-1.8722461834066513,1.513117219524311,-1.6673584891771505,-4.707978131629374,4.880923724264387,154.64775750339155,0.0895681381225586
0.44096561883459007,-2.4702965487057256,3.613624765203439,4.1042857851064385,4.486987970735027,4.688744584014981,-3.7693634138013996,-3.0651420932063558,204.02954998247313,0.09999942779541016
1.3607029534307866,2.337636945446839,2.878724886938244,-2.39006281406704,-0.9332013445391256,-3.4803281744413592,-0.5777851750873211,-3.1932372443993344,143.07274486694314,0.09999942779541016
-1.3188259704282843,1.5923812832129487,1.715185716344215,2.9432520570571556,-0.11781149731103469,3.6336058203049957,-4.197330118836584,-1.8061439839934854,127.91964184760148,0.09999942779541016
-4.734665936227568,4.151541053668157,-3.095131219571715,4.740290952890164,-3.1547848976040003,3.75301068590523,0.41704452617450904,3.8404195470653226,175.639711782648,0.09999942779541016
0.6795612564703131,-0.17990670364730033,2.429063686839533,-2.66913017284769,-3.634518330469258,1.385230087796315,2.235386203465821,4.787651104177672,161.35980967294861,0.09999942779541016
-4.804540412543661,4.910067762224721,4.732631556062903,1.859611676450176,3.3865811937432158,-0.4071249017819616,1.7153162197672973,-1.500728448160325,180.87894424630565,0.1050119400024414
-1.2355624907533747,-1.427424795484879,-3.3402402158599407,3.0676839358269126,-0.6197506358186358,-2.4989604654035027,-3.2523752332809135,4.32706424664998,166.50091643475105,0.1050119400024414
4.086486877412502,4.471105532321748,-2.0185122893311003,3.62860701457475,4.683550999694501,3.63136266955948,-2.2098694764120554,0.0687104295535601,171.45513518117636,0.1050119400024414
2.917921297118462,-2.0695383724064067,0.5322872827009153,-1.9501125243778876,-4.86731332361835,-4.092353412894013,-0.9215591501961731,-4.341292703711808,121.07216859105743,0.10951757431030273
4.476735459868835,-1.4558836890607876,-3.80650139289551,2.911664997003686,3.7686309724650426,2.4210123591321295,2.151900401205652,-2.4951467219190917,175.42519503866066,0.10960102081298828
-3.7044480113692178,-4.785137855352997,2.710588959154559,-2.226813613943336,2.7888728085029655,3.0100812897896683,2.184111871812079,4.870932109764964,152.58499396567095,0.10960102081298828
4.271903183731491,-2.927865123982395,4.106825711966461,2.910508325863826,1.1767992431537628,-0.4558639992277387,4.236009242288923,-4.345511164047846,156.61748306318856,0.10960102081298828
4.753927815328626,2.9688749651780357,2.430130620083668,3.502392916653828,-4.521656076907006,-4.220913988529219,-1.7006915464363233,2.1411823829899452,189.14151554496542,0.10960102081298828
-1.3744888553604646,-0.4103201658064233,-2.662640156805647,2.8121836542240475,3.3043893228801275,0.5594211994283498,-4.088837873741101,3.0492285690506202,145.87005054268434,0.10960102081298828
0.3137565507637481,3.939531211708407,3.976576693627284,-0.7613050322232375,1.6741873531445224,-4.435051345658992,2.7749356254230086,1.2439004447873572,139.56306164140318,0.10960102081298828
-2.5092302120143364,-1.3604978951556195,1.938709729496412,3.572555634966121,1.7936421305058188,-3.9951800496824283,1.563233677352387,-3.570320554852526,160.68850378910352,0.10960102081298828
-2.597158887082655,-1.4113879134230212,-0.5743164138604522,4.568390408095683,1.5736184719944513,0.5934449798164749,-1.229957749445577,-0.8392771464635844,160.38538604829728,0.10960102081298828
3.3069328317877718,-4.262466192292681,-3.8330784420700375,-0.8163489807221529,-3.534785714580149,1.8272823012031552,4.233950861726323,1.4793269999781513,169.6643343241227,0.11960959434509277
0.9475386434273494,-2.260949961467016,3.2270390134771754,-2.6049024858537733,-0.5688261132637695,-2.969808896645784,0.6425822669031058,-3.03687046355437,115.45563769934259,0.11960959434509277
