2.8837290680206946,-1.3432740302393205,3.5878258589944734,3.0505942881353265,1.8618185685774247,-2.567532321908331,-3.563587335150703,1.6103460674951142,154.30435482367076,0.3463118076324463
1.1664919972093575,1.7580366852745524,-0.7689776389330438,1.750428954067135,-1.9263852254859222,-0.6582266158120778,1.2266562127618696,2.0980601712529445,78.3067970386848,0.47628045082092285
4.394361601261029,0.24754853732305282,-3.801586240651228,4.254800131580626,-1.9768692335841713,-0.6624391005303156,-1.2167320938798842,0.6906976013978259,139.97007834799328,0.6159818172454834
4.573218544304145,0.4740877150913061,-0.35866621216739514,1.3375419443355998,0.7071089798329355,1.638123886007686,2.333133924589667,-4.426401736883819,184.70739190161035,0.9112977981567383
1.2146133702248907,1.8504179362191815,-0.6295049444889962,1.7354311513433966,-1.9076206544823338,-0.6101783545563064,1.3153637371015794,2.1308584835023217,94.78955915585996,1.236220359802246
1.0983986235008611,1.6273415693727529,-0.9663067026968983,1.7716690815718144,-1.9529482693089788,-0.726225148945554,1.101126871828515,2.0516514223506626,59.76951601038017,1.6562790870666504
1.458334258024685,1.4882928578384558,-4.967948069745666,-2.2756587926389362,2.3040743876390355,1.495348953200632,3.247458027085318,2.008369938194038,150.94724193858443,2.146456003189087
1.1963209599466031,1.5394429681364192,0.0007759849496240534,2.2177849055511505,0.43081500966015973,-3.0874098251951025,0.9844591242730205,2.7192545345448096,93.6839601708094,2.6763100624084473
1.057992764782175,1.63670314206815,-3.410959625674158,2.283227812769928,-0.15802216450777795,3.3600491766598433,-3.7656718203712822,1.1102757884634276,127.34757177694773,3.186220407485962
1.051119269580572,1.5161411491994023,-1.5294925076683823,2.453729325862234,-1.7873094109958072,-3.0880530476224357,1.298615562041495,-3.3954247036274845,137.6729010028965,3.6860885620117188
-0.5376890661119518,1.5225291082495502,-3.0052733680376638,1.719451624624468,0.19564593473932668,-4.969143597322755,1.1554781986567955,1.9567328025102304,107.63350531146995,4.291300535202026
1.1543378267055315,1.5257856466484974,0.06263811286996557,1.7325874326188186,-3.3803334426537806,-1.5180315036913625,1.0565065684967871,1.9370340898915712,99.97196475870668,4.756308555603027
-1.4477076618907296,1.2664812242446155,4.373355684987419,1.8060702673785594,-3.9072519413509985,0.46763038280124913,0.07569432077715188,2.050633939344003,122.88594192364755,5.241008996963501
1.054023189019448,-1.3291189139757011,-4.417093032551294,1.828657735018389,-1.3446105570151712,0.6975240773198426,1.0085001429753984,2.111239562715455,103.9681572704931,5.7313597202301025
3.322033795352696,1.2103365372612673,-0.6647250643975022,-0.6784822172534453,-1.6987466800315092,-1.150420917454949,2.6672780555397138,2.0137231113115197,112.44987705191886,6.256289482116699
-0.40099414307936776,2.2085139587922065,-3.7824876290904266,1.7690844186659342,-1.8802336720799446,-2.23773314629623,1.421458026895519,2.0066082137966497,110.13683688644463,6.791120290756226
1.25456912038808,2.382350554224959,3.4758848532225857,1.862025773743043,-1.451769427137251,0.7055581361324155,3.5281674480939893,2.0376745339268965,145.51786481887464,7.314690828323364
1.2779885570247815,2.9356746874097572,-1.0311323732814008,1.8212317878181468,-1.7265677180885466,2.6175156717962533,0.8377554028846506,2.0443948808307315,81.77409778945693,7.976216554641724
-0.2819439290961716,4.866274269212751,-2.529113963351961,1.7731466443328507,-2.1574747731300654,-0.5822180138211968,1.0137037470183534,2.008321609589882,110.31406035019985,8.62628173828125
3.0273976184205056,1.4895296273673937,-2.1725841616199255,1.8615860446794557,-1.7809151894157935,-3.9280531143019255,1.011125239033822,2.1891925507571566,88.35677305817072,9.217571258544922
-2.634913351713532,1.6449858319392785,-2.0287715125912564,1.7913704246595463,-1.6108875650784626,0.10319423914638381,1.0111889793180353,2.078020103025363,86.16094198818996,9.98723578453064
0.9396734212515616,1.6432483073826987,0.007402111339119166,1.8063859399171758,-1.66546244552063,2.587149866322336,1.0867372125625847,2.1063940922859308,82.60279411868126,10.576478242874146
3.360371113488097,1.4189780407414823,-4.101174334673921,1.7015075821743473,0.43418513866079955,-1.4536351737013358,1.0592108316562205,2.0478800524592247,130.58413627202438,11.196530103683472
0.9404901918722901,-1.213298859477817,-3.614434681087288,1.757027092985072,-2.150709082627377,-4.900915715816419,1.0943184997948219,2.0213689195681352,95.7539797124891,11.901203870773315
4.648929202110117,1.5255419361007503,-1.3554485325473022,1.7262271437116787,-2.118857710467651,-1.8554569786503454,1.0168238292400327,2.004943442356412,111.75631669375458,12.576005458831787
0.3291530531515994,1.5037331199234574,0.8343225111913481,1.7807174611056782,-2.0355816286674493,-2.242038511665654,0.9886289520863238,2.0330427738102195,78.30296490746741,13.326237201690674
0.47286959018901253,-0.028027865374557592,-0.984196524469513,1.8227489934819205,4.314657306087622,2.5067996967950528,1.1413544096860964,2.0391311009498008,98.45693063174133,14.111324548721313
1.4006170241595068,1.2202344197191808,-1.4681280205523786,1.771921313434584,-2.0148465633662784,0.7565555944644045,0.9850670920172755,2.031375193548257,83.02469560938886,14.806025981903076
3.232458934947446,2.163359271735402,-3.4216095315311916,1.9011883257144602,1.9940452829529223,-1.0085365798882986,1.065963538678143,2.300602925730783,90.26620224304723,15.536376714706421
0.8827122358869728,2.1364149043614056,1.2279946063534757,1.73921916094804,-4.258866905407928,-4.964285771307707,1.1258845504988528,2.0411719884929846,97.54819587572119,16.436277389526367
5.12,4.337640911437362,-4.406269989319054,1.9311829251644683,-4.2722371746967704,0.04322430507551189,0.6495178339757937,-2.102920867316856,158.13140298794397,17.111533403396606
-2.5662435266655064,5.12,-3.1596080071956942,-0.6604181691954487,3.939527996161405,-2.6876899799677725,-5.12,-5.12,180.1548312737935,17.83319878578186
3.1397098727783197,-2.41129953135266,-1.964592416229653,1.9714232230629536,-4.3385927777909306,-1.729257485259661,0.9744278969263096,2.3289814482377604,115.58451816273009,18.68646478652954
-5.12,3.494415862848798,-0.937639572780844,0.9897550419429537,-5.12,-5.12,2.3000861276212934,5.12,168.92670115235572,19.42133069038391
3.3307448520405325,2.3735647220431186,-0.23589352262078922,1.945726071889399,2.6589335499029287,0.760162875356178,1.1992438954420699,2.2277880801958148,116.424534506425,20.255956172943115
-5.12,-1.207026903005454,0.2435428074101207,0.11397268988647369,-5.12,4.076813918023578,-4.5066411462212645,1.8305332926353932,145.32976234869406,21.01126790046692
5.12,3.835996396714042,-5.12,5.12,-5.12,4.576487394474953,-0.44884150293887703,4.36689048446877,230.54176897945604,21.726139545440674
-4.095084977845426,2.780767732888579,-3.531722338078369,1.746816886253363,2.8694570290187187,-0.8940238464180625,1.687947960010363,-4.252209650366734,139.05864435004028,22.537245512008667
-5.12,-0.2273817197269219,2.7620015981544297,-5.12,3.167811773913866,-1.721709514957677,0.6543687336226345,1.5075559354133103,151.53324686321284,23.3062641620636
-1.0711777621937664,-0.03022210913010248,-0.9542426369737136,1.9060389342602058,-0.7036467861306903,-4.650237654173835,0.2750112405786629,5.12,100.38070252387324,24.076270818710327
0.8986888200541525,2.6792044952571734,-3.751924394451435,1.7916652947170624,-0.405394534508142,-1.1787401941032756,1.0377498463491053,2.0385976662099408,90.13987651309071,25.001441478729248
-5.12,5.12,1.589019383636586,-5.12,5.12,1.0166901780162707,-5.12,5.12,195.6379926282992,25.77606201171875
-4.223228321469873,2.3019955037343296,-5.12,2.543304720699081,2.094713577980481,0.022114809019147863,2.2489782343295035,4.572694384686947,160.77696047591422,26.476187705993652
-5.12,-5.12,0.12289004986123331,-5.12,0.9909551499346678,1.6715506563022169,5.12,-5.12,165.9986324996511,27.466294765472412
-1.2427994847136472,-1.8271551068992453,-1.0263887904171307,1.801481943832961,-4.708374298666298,0.600918666620097,-3.5063761517107137,3.732737693795639,141.50218784092218,28.1463565826416
3.3690031537389773,1.1210732460132622,5.12,2.2586443332274904,4.209450224678588,-4.792226259870698,-0.49796669343544675,5.12,181.44666134116957,28.836330890655518
5.12,-2.8338076323010766,4.844758524125278,-0.7869527470157074,-5.12,4.2364607486209716,4.838130557411707,2.474599314240769,188.2790696269147,29.642077922821045
-0.0004754381375393635,2.1087316792891935,-4.308915693189276,0.04038532670309891,-4.1149526236917,2.0513257121065145,0.9208081816345359,5.12,94.33591149182658,30.5810706615448
-5.12,5.12,-4.287470346625665,0.02489839364256774,1.9793703872482453,5.032218550239125,-2.3355299029490544,-5.12,167.71488946729443,31.336336612701416
5.12,-5.12,0.26667789827996646,1.2308846350153946,-2.409394372990379,4.696385574258163,2.2736176027229718,5.12,184.44537568115322,32.22627019882202
-4.657517837394495,2.546544062840061,4.660657542927283,1.8538541400745316,3.4938118419405066,-1.8686759678901748,0.8170997548608412,3.703537532041831,179.72807551161753,33.006505489349365
-0.15924897129818483,-0.236166771965034,-1.3000529701896664,5.0869255205050985,-5.12,-1.1973662152097013,3.70497327012725,2.0720736549926384,124.86117409711952,33.826375246047974
-2.7253913145637325,-1.3834532920033449,-5.12,-0.32480389201414184,-5.12,-0.5061140933633235,1.8086963567051964,4.4565784497707925,180.20851019173094,34.736239194869995
-0.24412430087981551,0.13495232190440465,-1.5069802231787812,4.284619849585476,-4.124368165263029,-2.2044149375536444,-0.4564067422273981,2.0886722622703857,123.52677782958058,35.66635084152222
2.5390233187858255,-4.992752079986811,-1.2151947162067978,1.8067695999759783,-1.1290775264250281,-2.8815204068256857,1.4124500740057666,5.12,134.94544498457122,36.76652407646179
-0.7654385896791522,-0.574092475681673,1.0296377519009017,-5.054832601405067,3.7547996447223904,0.20202066299321153,0.8410669440851928,0.0028444991565468314,92.41766174136833,37.71634483337402
0.8126138319365426,3.4442758612409454,-0.9772526772398615,0.9979229032138308,-1.381556956210495,-1.2585822981376857,-1.9651735969368258,2.038078889245087,80.06392424753261,38.596144914627075
1.5307589989876922,4.104973181885261,4.2918181308903725,-0.6955103495251551,5.00722095270121,1.5575909285650953,-0.7595228064970883,1.8027672289004348,152.79815283144413,39.606281995773315
-2.08771368961376,1.5697170776521192,-2.6462731736914873,0.5550552085664364,3.772993176755066,-5.12,-1.773635107247963,2.4608435076450315,159.28448322568937,40.6462938785553
1.8227867156153152,4.197064090695759,-0.9237921583260045,1.0754899342129765,-2.235406481815131,0.7171943688905307,-2.7258481069307847,-4.079203229269805,100.93312218676425,41.405999422073364
1.0050217844614266,1.2723518582914028,2.270499279117433,3.958318880653379,-0.7176174446677477,2.1274450804186085,-0.5815403664816188,2.0430475505927896,90.17446641645641,42.266390800476074
1.0836841854114105,1.6419515034221313,3.0576673666984986,-1.8257722079162795,-1.7155549038259341,0.41953273079379727,-0.2586082832334107,2.0581592684953476,89.76862950587201,43.156221866607666
-2.1320257407292895,-3.5335122636203558,3.1275142623252252,3.427254417254839,5.12,-0.35060434977911914,-0.5211934553353519,-0.26188346422423425,159.55447979259887,44.06633400917053
2.9743175900840138,1.9018792647516891,5.0316073938895185,-4.295677947585355,1.4980726213168394,0.5170433523612079,0.4347144991018297,2.501504864709391,159.30188456945945,44.906341314315796
1.2462462005151522,1.2984729048915122,4.274320048267831,0.9904532522906484,-1.590032574662359,3.5453980833973224,-0.49636310296062547,2.0664470793557754,135.30210213291258,45.816277265548706
-0.314229068079257,2.188627844246345,1.1682065619960937,1.2784404268175322,-1.5056687676833964,-0.5183325882471408,0.897881046398127,2.3773725335341753,113.00082764994158,47.19123959541321
1.4734008952257502,1.8864328473308287,-1.5295966194751145,-4.884967326024628,-3.545341285030716,0.41560982890248876,0.015264640287480091,4.821351054338995,156.4834122341523,48.40615916252136
-3.2316198290525087,4.7654268162936395,0.7849532404069155,1.0384854929147558,-1.5064443570967847,-2.6984823444985686,-2.328669493802221,1.9813634341040176,127.72436464991517,49.346161127090454
-0.33191497313971574,2.2339556532600913,-2.6527473513909374,2.2658505407036333,-0.9574912075299844,-2.3039140165620817,0.9193308304154995,2.2767824847820046,106.78322771840554,50.77114129066467
1.4578456413412093,5.12,-3.5863668557060207,-1.0026822401826756,-3.9412374289607537,-3.021228686867513,-2.3195030435480795,5.12,157.0917362466106,51.85626816749573
4.074851730572246,2.978191941496326,-3.6757553234243687,1.6249678365896818,-2.365791355211262,-5.111968277144389,-1.766748972240964,2.0040003319395874,141.21920497300934,53.026397943496704
1.2647039711639056,4.654604510260616,0.6449745132187958,3.279376499800871,-5.12,4.693979431753578,-1.8962126967701591,-0.3348212042279979,174.21095416046794,54.13852787017822
-0.5116423507021706,2.366667160605962,-0.2938995686355659,1.8465695921774863,-0.0669814934783588,-4.528971167313348,0.8474932832106719,2.480948831349383,135.32053815122805,55.31138873100281
1.8156894374409198,4.746136284643074,0.8547418581484854,0.41400858726933976,3.7263787829006416,-0.6435735409490473,0.9583921721969055,2.3829378221480386,131.74530653146758,56.526378870010376
2.1550410132130002,2.214932581084388,-2.038115820379573,0.9651193129833198,1.6574530557322884,-2.99125776597484,-1.6808284542433176,2.087633320512574,77.43039773814009,57.82616400718689
0.17925700095014108,-2.7644536145277168,-0.270171396287898,-1.1017222376904439,-4.860698125771389,1.3034745764917082,-5.12,2.135078252042713,116.08050255636132,58.88088774681091
5.12,4.523089992782926,-4.6833262671747296,0.9687710158266443,1.8986416021985324,-3.9285819155533583,-2.095215872749625,2.0689668992206647,139.73030086955816,59.93631386756897
1.1900835747906013,1.4405912260440843,1.1608320456335228,1.9788613540154065,4.116415136644293,-1.9130267475326472,-1.7486052005759198,2.1080809481887277,83.59077339193823,60.966163635253906
1.590090382030902,-0.004255741255807521,-4.2156109220654905,0.36991934980944663,3.808633881274999,2.7097776818131845,-2.055927985636062,2.1334680216785635,117.03057637149858,62.06634521484375
1.2942639747263875,5.12,1.0391468993527146,2.330370837683419,-4.358008889391508,-0.16132483466369418,-1.7009391750745322,2.179679374118563,131.40467274303938,63.23635458946228
-0.3054805667618208,-0.8297078859039191,-4.700587665421809,1.8948074083153044,0.25765908986752173,-2.735148332339416,0.5112000408795998,5.12,138.36435233500845,64.66638541221619
1.118283067864513,1.0064873078783796,-1.9351192908968242,4.56277538235896,-1.3053996215409853,-2.9748210005246274,1.0145688190944346,0.7210729367758351,87.0122344305893,65.99646615982056
-1.0943476680902613,2.162410899595365,-0.8983005938490001,-0.4682602453661495,3.4288918192978786,-1.7484264960930664,3.3565180769806267,2.0562575959356586,111.3995344552044,67.11627840995789
1.1668614129903618,1.125656763515206,-1.3710724194328652,1.3589671395765803,-1.6832464987610796,-2.849557302385932,-1.7664338790061396,1.7530524756416899,101.68389191809283,68.58757257461548
-3.746115868345922,1.8588225244191054,-1.3140599588782012,-1.1181584880287696,1.7516847980844084,-0.6698716549470536,4.007385284745779,0.8434178077540233,100.42019146770485,69.82135200500488
-3.8908565475008023,0.4114726903416033,0.0869854226323854,1.8387639005727987,-4.312525015063863,-1.8306443673870674,1.1217824636729565,1.641037963048774,109.60121657704792,71.13154792785645
-1.4730067401583051,-2.8545269078528785,-0.6928865667895403,1.3674829112857,-1.3494074432509913,4.279708845067238,1.5135992415357125,0.6049737419763606,155.02387701943402,72.70120573043823
1.6566475176170945,-1.2504554813366462,4.693589957354333,3.1552967966957857,5.12,-0.9695609280799724,-0.9953368211310627,2.083064082938532,116.43508285526363,74.0363621711731
1.8592552788137846,-0.11590492199065938,1.872174639062714,4.4023214954524414,-0.6486418451568179,1.743512393677804,0.4256764590989368,1.1122987303966738,106.33502733688596,75.27117252349854
-0.1046939067006587,-1.424891099889015,1.6012440251443136,-2.3565812744521026,-1.3483505017443371,-0.05252758349178954,0.0009583595284823332,1.8584160479564398,90.71447588460612,76.52137017250061
0.9062837982198984,1.0195484078866093,0.3740311418550837,-1.8036877085310596,0.26466859589280034,-1.2120386263537415,-1.1697651107604607,2.0353495969280893,61.75467247771958,77.89610433578491
