2.245523909585298,3.6249483991263043,-4.506476996348699,-4.051233632803825,-1.661769964236683,4.059563305772609,2.405473447158421,2.387398906844955,184.77214881197256,0.3301658630371094
-4.823270614002756,0.33642486394728177,-4.956244487403598,-1.2153979016915724,0.8207394823498007,0.5647196776679451,1.3547866483460451,-3.18642102721091,138.45671459591682,0.5267198085784912
1.1486211045221024,0.38053387098046176,-1.8194538723743232,-1.2156125110188798,0.7250847499320274,1.4027064079772824,1.3547650841999204,-3.171548550756896,106.76739824903078,0.8117618560791016
1.140769938340826,3.8799115239430657,-4.6909029259038135,-1.4183834673159637,1.7325362346800368,1.170751441918969,0.7654634754498071,1.7591313283891035,121.91909814624647,1.213097333908081
-3.334912072738821,4.668870454018491,4.772626912922957,-0.5714398342416578,-1.9920936237223517,1.1761211325478573,0.5507357140391909,-5.12,173.19345098085142,1.498030662536621
1.2129474966952651,4.662249914229153,2.9943981809972824,-1.0564983395843432,2.2932594091125953,1.1695943653091536,1.813885428293613,-4.453777149438699,130.1236665414653,1.7833313941955566
3.519838473338713,-2.4700501868888027,-0.6234168509592202,-1.442713940019698,-0.32916059006068643,2.489650716566169,3.413637410476558,-2.6344558171625914,192.05895186651455,2.0685269832611084
-2.919719862320093,4.57045789329177,-3.8889492126412453,3.1724207456837172,0.08897937685059087,-1.6767644655943075,-2.049982572731614,-1.1103832411240138,109.55441134078019,2.416266441345215
-0.2945726727315163,0.1283861688153891,-3.5885104074987777,2.6948321436911398,-4.617738653134468,-3.002721175529371,1.359914418741103,2.825539042389324,147.33881928729502,2.801818370819092
-0.7206022416326503,1.3556990122390529,-4.292815342533214,-1.6048426734448809,-4.127384548736327,-1.6838212336775484,1.4600008497704664,1.1897893480633455,148.41181902574615,3.2719593048095703
4.161858270620452,-1.0597544153781318,2.034762429456676,-1.010887444582866,-5.12,5.12,-0.7689009262099811,-5.12,125.48507387466832,3.592958688735962
-3.455957152484643,-0.5856333070014133,-4.588777741334186,3.034063351953363,-3.9507017540296197,0.667100394228461,-3.1497662467665286,-5.021522639342082,170.31164496857158,4.040359735488892
-0.33520150655841174,-1.376187197957269,5.12,-0.3309628936777047,0.2577965362596002,-4.367567312742791,-5.12,5.12,182.35034930679453,4.3570451736450195
-0.8887801359303573,4.328092796664316,-2.3800865302436955,2.6282559419760947,0.3527472399634686,4.310200408730037,-1.146764971632951,1.7782861898805775,148.44953443434494,4.796189785003662
-1.269380310262401,-2.1764544284163874,-4.91904931900638,-0.7562452972884337,0.7675313387197091,-5.12,1.9304720657278658,-0.6641698012589083,117.40394335180325,5.243746519088745
-1.0016366352838881,-3.7085110150095,0.8393286890553533,5.12,1.6809508658315941,0.0006253090850005805,1.255195542853433,-2.8600691734906154,102.37448629986802,5.582046270370483
4.384874680262462,-0.004544194023845094,-1.0014642120622241,-1.2152547785649204,0.7942844129317965,0.975231424555786,1.3553760529180003,-3.1811402577780825,89.90918691923844,5.983281850814819
5.12,2.200000251032386,1.4201808716212279,-1.311865950113603,3.363975160313662,-2.7568953625359303,1.3197701129936625,-1.7426350125022747,151.5052478451825,6.500383138656616
-1.4386919039650832,-2.2958573615566387,2.505355744371344,0.5839845379883339,1.9963405989221679,1.1080223587792668,-2.230956825399632,-4.801043401171791,135.81455793041417,6.948591232299805
-0.6328694021259977,4.271708405913702,-1.686658915730745,-0.970104919642969,-4.564795862191787,1.0486551262380228,-5.12,4.6944131986057025,170.5257405822459,7.3492937088012695
5.12,0.6766879262934937,-2.829812490828165,4.225280527826707,-2.2913191232891825,-2.794326159528252,1.0936864176847578,-3.31657954407929,144.15203236231778,7.7505316734313965
5.12,1.6291569375828745,5.049074744100934,2.1607412951060656,-1.464202132199829,0.37570383072019453,1.4849891091862437,-3.6047491571847314,175.979144986697,8.151411056518555
5.12,0.47848363643607605,4.979438486008854,-1.5508007471633833,4.837151451894095,1.8434455224702777,1.3501449598542115,-3.5682384995620327,181.42595640561322,8.65301775932312
1.621823447476169,1.4160891393001735,-1.5781538757217777,-2.4890433595749992,2.139823255175444,0.6560248666364537,5.12,-2.656775668305795,163.67428867876043,9.169041395187378
4.127428856581008,1.1462945060566234,-1.5879146726260456,1.5951268516285424,2.6718541267746376,0.34253677282651296,0.6614345918976827,-4.870133980111575,147.2171671611482,9.670635461807251
5.12,-3.524756786525642,1.0190624689205743,-1.255721602086088,-3.8692816328265893,1.073062770231446,3.1803106707485282,-1.1528416534956807,116.09073836026936,10.294306516647339
2.841760324167609,4.720555176327916,-3.985160663008977,3.0031703377674583,1.1606244852042007,-1.8756559300939948,-2.356883652219307,-0.5224660060186688,126.0838643110308,10.742478132247925
5.12,4.226491273987905,-1.1830926839851816,-0.384069378078971,1.08885177428653,-3.740340066288745,1.367611438756275,-0.4864563784057836,146.3512892770034,11.328207015991211
5.12,4.9711443496692,0.3446506844697339,-1.286322934938759,-2.6082556424665473,1.0539366647357484,-3.3460655640864982,-4.13936297271424,157.29806799939882,11.798437118530273
5.12,0.006632138527532305,-2.5016978012394904,-1.4909688692108478,0.8536603640501585,3.2095832549292753,1.5173600889476395,3.0913271327903287,133.2547671449268,12.29887080192566
5.12,3.3553084118348915,4.403590303929424,-1.145610724899051,1.0583529369309632,4.561283224547352,1.0815849126709676,-5.12,172.39091757772684,12.978893041610718
4.5367724501479705,-1.7053808766297203,-2.0160629675148014,-1.4092259389778419,1.600678486025215,1.1508555894160528,3.806370606062166,2.8099293512897656,141.86641977879484,13.903320074081421
0.24634784553895628,-1.7096952275017685,-1.290099643509437,-3.8509728755834454,2.5045739109640257,1.0801384824709297,1.5129944061497156,-5.087694704501668,136.61691451551567,14.551921606063843
0.5532237515997824,-2.482874852448586,-0.8781332016301509,-2.053244372684848,0.5743993449514058,-0.05449679408660213,0.23390829025042947,3.3406473208113647,109.62977427603927,15.25366997718811
4.305183437623225,-2.213078715624454,0.22564675816001678,4.160844451934133,0.901818128638765,1.0540944168446513,0.9239454061178147,-3.699226297714865,108.19162035447397,16.02108144760132
1.4695632823431053,1.171042135318281,-0.5675684518255064,-5.12,0.3826644806399111,0.988298454204311,-0.05868886847852739,-4.344197551244038,130.62793273380714,16.814040660858154
0.9180750595319367,-1.1569710021784907,-3.520545305714742,-4.056233566465125,0.8674716957063913,-0.7756550938622304,1.6529731064840352,-1.8344997870983195,97.121531673047,17.56904649734497
4.952532252202203,-2.31665161092029,-4.259573894406836,-3.5456736663889603,1.1171878643311768,0.29317918434971624,1.9095800854294316,0.017853465199554996,127.19541232664098,18.48732304573059
-4.523659602741625,2.0752031248462792,-3.09591327750823,-1.1583312441730471,0.5743000337718653,-0.7427955295738284,0.35609036679881356,3.733621972343456,134.53796879569214,19.119828701019287
3.0741427870869034,-3.8940725072821047,-1.9759801188966901,1.635417975538104,1.2492015738533437,-2.7312365083468313,1.2534549446387357,-2.6197089025715097,117.19971327076593,19.92232060432434
0.6837950488929438,-5.12,-0.8409298734201016,-4.647187063205794,0.3473978197754892,-0.40171042144456504,1.362074212086461,3.34027733568334,165.38856572809001,20.693361043930054
2.157595300842144,4.625005814255009,-4.1107161252791045,-3.9791635251827953,1.0177363390401721,-0.3402186213258753,1.4895112303791693,-4.434095564755189,160.3688127646816,21.525953769683838
4.467281965862738,-0.725784155507279,-0.9534268466685436,3.0540161413644826,1.1068418284854795,-0.37130684367515254,1.409779520360785,-1.4363758684100292,125.1560602749177,22.359095096588135
2.8293832989608463,0.40738768048788376,-4.8661031143042095,2.5626985037648398,1.013256349117933,1.105711381988077,0.7991314744514604,-3.1201015936301775,109.01745853816374,23.26539897918701
0.7002745496274052,-3.957262468255806,0.1659038462795115,-3.0500954292383473,1.207567324548421,-0.9271624892045072,2.463627293700556,1.062675832285926,82.77933036321139,24.066468477249146
-3.270105193564028,-3.7563580366456084,-3.5148381184342403,-5.12,0.20337290830457366,-0.9459918969730694,2.6809884089621985,-3.446504745498105,168.22630742858334,25.002588272094727
-0.6552726035963135,-2.8929563379013685,2.2382582755151565,-2.4345497133798575,1.1618950568179685,0.0009188686355603437,-0.012093698167435996,3.0950714595614377,83.38205870119172,25.56343173980713
-4.698884270537479,-1.4575345993304483,3.2319845789538357,-1.2149003975015762,0.7841004523088602,0.6819312709055625,1.3550138132653897,-3.1792835974287046,142.4879500067641,26.300375938415527
-0.13222398400655777,-3.5597846846483234,-2.552731116802357,-4.3804871828738605,1.4205153161554618,3.1959636279904364,2.437019500077735,0.1595409502207481,165.21062973582468,27.016786336898804
1.5436275675314697,-3.7732695438656094,-0.28707508212212396,-1.8931126970056216,1.5145455752218826,-0.8063615684366754,1.2175790309520176,-0.08015458977702483,103.07869472270366,27.98604941368103
-1.6126873903766996,-3.130018073887368,-1.7971375614719074,-0.10511899019924442,1.2966075364516652,-1.3672903217553984,-3.373331075180764,2.8742257144377747,118.33299087422671,29.036423921585083
-0.9511931982255133,-2.442559865840912,3.41733459170982,4.499691887908068,1.2455647206256115,-0.6145438684148958,3.855894631493224,4.643379389517345,182.9349205334802,30.092144012451172
0.5533531902999105,-1.9472603727726097,3.5552444137234724,-1.5490447851609277,1.0345935016458592,-0.25442475023594646,-4.984034555751839,-0.37721975713576317,131.90780082602396,30.741260766983032
-1.8569685569392136,-1.9714329622583686,0.5665093324502699,-3.144623026666155,1.0765555254168904,0.26368156659252584,1.4475378663518699,0.8190971111063314,85.71381882540788,31.643165111541748
-3.429221363425082,-2.5094734783705945,3.2239963872439743,-2.7212723694013787,-2.4634549273563136,0.15350607537066008,0.6592174553950789,-2.3988094845687704,164.80077702550795,32.78284811973572
-0.7049046479550842,-4.910868884256848,1.2828647714644577,-2.9338483266452093,1.2187712082011863,0.2938525729711303,3.826084775908943,-1.611697533713603,124.7071687698277,34.03269672393799
-3.8820137005141646,3.6165194623051375,-0.4194770539036474,-0.7941495703236736,1.068588027551998,0.19750070384692187,4.114275148371843,3.042940069522147,112.89984904319198,35.184823513031006
-0.757332484388928,-2.3052544796386707,-4.0368526542687935,-2.132973480191912,1.13700485418497,-1.4468402429040932,1.2078827326798436,-3.9552055646555693,104.4301063787446,35.83042240142822
0.10487415185804405,-0.775723617396257,3.4450841943840453,-2.116494955267242,1.075697421297857,-0.5826517228593566,1.702218412900537,2.1614692540712213,95.95202842928822,36.26936459541321
4.132519062304756,0.7524110146459826,-1.112629277270612,-1.1706947550435536,0.040507393247350976,1.2103624453215005,1.3580072775043668,-3.1464241921394698,82.28081310961733,37.41103649139404
4.909984607102268,1.5686100768159887,3.3469642073515393,-0.02554230480541353,0.35934281857448713,0.41858873463884905,1.3306314631804819,-2.5715266738456903,151.87396473241353,38.39507555961609
-0.3863651742785956,-4.74684889586754,2.0914522468980294,-2.234416875247254,0.4572921284274152,-1.7482958623099916,2.071226316585804,0.4726359626351515,128.79816349537782,39.47093367576599
1.723065322376656,-1.944853711211603,1.1419893400503875,-3.5445364686600946,1.2841457885705578,-0.9994998503511816,3.2587047356526773,3.2938030626201913,115.74114609843242,40.815141439437866
-1.4954949485987776,-1.4203793579444426,2.118632146555191,-1.76911992174829,4.549715577853887,-0.35060374374572767,0.8984948505274701,2.754234609145189,138.43643680988623,41.99038219451904
0.3880026338910252,-4.0609326534604815,-3.7393368981162958,0.6770353392281967,1.3660323461685788,0.6138979711437518,0.8498193614680032,-2.1449550891047005,124.30063887885254,43.34724974632263
-0.6792621594368935,-2.2113109712102665,1.119203015712558,-3.8143295423026635,1.2540907752803347,-1.0249336079185438,1.2416649702008407,1.2270515997110572,85.87874649957884,44.14958143234253
3.2552340348521183,-4.57388168276926,0.5031252377080788,-1.0363162739715417,0.9359249922341943,1.977127483222672,1.9116973915293034,1.186317419362573,100.72607827777341,44.916462421417236
4.818953085339559,-3.801213429491523,1.4432193413587076,-3.0210525781042215,-0.40297394110474993,0.7631816105622455,-0.3295210171723264,3.1507375236351107,138.08079384452586,45.73437523841858
-4.1127878787779695,-2.904402960140891,0.7289226437024672,-4.687313802754184,1.7493555071069684,-1.2704754325899925,2.1406702849573227,-0.10911295834613277,113.67887265347049,47.28080606460571
-1.844237193174325,4.577123733168423,-3.257731692895465,0.21815293858105278,1.110129563389636,0.04632057520577959,0.4345579974022602,3.174412179599785,115.59173444466268,48.124929904937744
-3.7608594267446174,-2.4668477953106627,2.087149148759111,1.2654746113289512,1.3156139120603472,-0.39859718249923226,0.5456658608383664,2.700375934467096,141.90521106869164,49.50300621986389
-4.3428615013895415,-2.6909280756453824,2.688048183708392,-2.2473228133929903,1.6278315002320367,-1.5892540641590505,-0.19691762830405413,3.304097433232003,162.74460402670027,51.00548219680786
0.1281304582043603,2.957195861462929,0.3267180126243012,0.7767853631009594,4.347524995640961,-0.5844158839575764,1.8416868135044835,0.5854602160697819,116.36088743067879,52.12886166572571
3.5243375951170544,0.664691366797797,-1.516813716235737,4.5487517462307965,-0.03122686224369886,3.3449641282908127,1.1635659696803922,-2.7008759079696767,163.84302881330257,53.77873682975769
-1.7918708297289152,-2.1897033852987167,3.2068260778464692,-3.3641509278805897,-1.1841166098897036,0.1750408744573413,0.3285559490856409,2.0838916949392186,100.6196798972915,55.21792006492615
1.0962181670051665,-2.7230267657837253,5.12,0.8756066361164168,1.7600863591472118,0.15440219020241486,-1.281471592048324,1.874647530218997,91.5713379047238,56.63929462432861
-4.07945577809417,2.778244296188074,0.9567275339879222,1.9644546661904512,-0.07505536428666382,1.1340255865293294,1.1220959095191025,-2.0782708908416607,54.49464621852171,57.52596092224121
-3.1560278550036287,1.4298389945096206,0.6716087370489845,0.6876547039378957,4.368805153383621,0.7531429877432547,1.1818800702480265,-1.4158815226704906,139.08530083959732,58.76430654525757
-2.9845620016963283,2.0740778386389946,0.6172468938809539,2.365076543148115,-0.7628154203094377,0.822779900251013,1.183757013746404,-2.022530150037685,81.90674341781613,60.28496313095093
-2.62163944152968,-3.7331901919004435,-2.3077364144277563,-4.752939808139636,-0.34850168167730455,1.0466938403341928,-4.875117828638656,-1.5154647921462527,166.74842442416292,62.311930894851685
0.763795315550797,1.4865715658945984,-1.5337327151753062,2.645578225514093,-0.21203657379031515,1.1289563616505651,3.193941828273533,-2.216817154698292,118.77941155092853,64.14626908302307
2.973069428160456,-4.209337663089686,0.06367102355248555,-3.6616118672329225,-1.4577241739803952,1.1024362980141156,0.4846489641463396,-1.9229462698012787,113.67259128838994,65.96345949172974
1.5202548666279885,-2.1203993127306093,3.142966394701644,4.446963893746541,2.276773612154524,0.2165896693552689,0.9484729533187828,2.2804836840670406,125.67244990778553,67.02661776542664
4.844504095263333,-5.077333893124344,1.7728990443735473,4.049793073485248,-0.41889571369179013,1.089182666605299,0.458973186750967,-1.633228820826894,144.27095850490338,68.71511483192444
-5.0346082535924035,0.06477415708441736,-4.909536892850902,2.7430540612372,0.10807708792452697,1.046986070153495,0.8794514944819181,-1.2152179286538733,86.61530421052355,70.57169437408447
-3.6925074097965123,5.12,1.8684473941067816,2.4696080562107072,0.23709696456029317,1.0642889993195137,0.8855619832812183,-1.5388461695498772,125.24324644061493,72.02381420135498
-5.12,3.313330194237383,-4.227418143890142,-1.6637974480873328,0.19953234226319783,0.683104807317279,2.9597628580985065,-1.9960205930478527,132.69245890085452,73.53896594047546
-4.720369864985779,2.6797720828282774,0.6427017650670033,1.242394474415188,0.0032051918267450574,-0.40127484041253947,1.465334236839027,-1.8382979384899913,131.628901266165,75.03498792648315
-3.36408362483058,4.971189125707377,-0.7928147381661095,-0.7709782370699738,-1.0047447203737523,1.1202579599305285,1.570180151288727,-2.2124253779217,109.0689521621247,76.57353115081787
-3.9229782001222855,1.7802660677519828,1.9637644560130632,0.9364920618679617,-0.5800023102717811,1.1905573480734795,3.0010967896042198,-1.8542333643328495,76.81649769184848,78.15274262428284
-3.8162131576311564,1.9389978470188014,-0.46634305624009187,2.014914888967322,-0.281427453642773,1.1553856747333917,-0.9220023475867087,-2.0542506057238525,73.70351975061726,79.86331057548523
