1.858210415011583,4.051274341820453,0.9232516402810917,1.8375363528751203,-3.177193605920854,-1.6190318710955167,1.530044089329615,-0.6356255466497709,109.01673203200612,0.30220651626586914
2.831238384607322,-3.547810669430201,-1.1677749925524235,-3.371191360434204,3.2326655193069707,-2.031838295283766,1.5070824919615697,-2.2351989184042877,139.9781584896515,0.7823889255523682
-1.0246061425858457,-5.12,-2.801256936978843,-5.12,1.4886876468738164,5.12,3.4708965224097996,-0.6897658315358761,170.86712618212889,1.2324113845825195
-4.674130655808872,-5.12,2.7223953097489435,1.1214525305211271,-4.597512305701203,1.9934961715720556,3.438960466733998,-4.205746275448087,187.87263957850504,1.8124914169311523
2.0689294693577347,-1.7709202271798312,-0.38173524663558567,-5.12,-2.2852078941528067,1.6656648753165895,-2.8738007651225685,-1.5533682092077168,131.80591471882664,2.0223846435546875
-2.5114410415987716,4.790237079580032,-4.108796417495477,-3.8213589339845564,4.764629861965012,2.21135284488302,3.055051521824482,0.6323388617823795,167.45600240852934,2.2323031425476074
-1.6397813727413966,2.609478256166166,-4.908705571940244,-3.4584569243259295,-0.27901416203879315,3.5802327248709167,1.5458660235375001,2.170088462707562,176.26601916172396,2.5227460861206055
1.8381495886200332,3.3816122733891296,1.849857076219612,1.281212238113202,-2.506260814370157,-2.6831515825146988,1.1652006234523364,-0.5042279589037619,132.13403285733742,2.862352132797241
3.42101533613656,2.2489979662429826,0.10900869232670996,0.9568810459851669,-1.1614069534800695,-4.119757543438422,-0.37410945955936104,-0.6916235683077652,106.01322298986577,3.3325388431549072
5.0282014685295655,1.5456814559844405,0.12544539665936938,0.6612970682146271,1.312846310237088,2.235587018983048,1.923436659929009,1.192634030369696,108.5045628984599,3.8923118114471436
-3.7102831596828665,1.1679511949839174,5.12,5.020378146234163,1.318470260903342,-1.2466315480111136,0.5564860395729179,1.1092114496898944,137.3124309699648,4.412527561187744
3.9516441391523474,2.7581782121197556,5.12,4.506533222839862,-1.1119786824690383,-3.581764152464128,2.3893981998232174,-0.6986759233479694,174.58946388744332,4.727691173553467
5.12,1.5577028057244364,0.10332269499444102,0.6290446510536318,1.2238682898383866,2.195324976447126,1.9478688836118456,1.2328393047935506,106.11506281771116,5.312515020370483
5.12,1.829873683956171,3.4224577912521896,2.3707828266148523,-0.5940659040516714,-2.6713807107357748,-4.4963502952319745,-5.12,200.18748473478084,5.857853651046753
-1.144843406614851,5.12,0.09768576070145585,-2.503657192452335,-2.424578488283655,-0.5379446776252497,5.12,-2.680175686619854,157.33793184335366,6.412593126296997
5.12,1.136060377352984,-1.2860618433947986,-5.12,1.7308021871470771,0.1355221420431949,-1.0597520963232538,3.1431328313866063,109.58391883025496,7.052685976028442
5.12,0.4954929388157039,-1.1371681030896843,-2.8652332430672725,-0.24055625970904249,-1.6540813883900678,-5.12,1.2534540074849012,134.1166779071141,7.59274435043335
3.8810158983171386,-3.5821668354392204,-0.35333607672937717,-3.587388837628902,-4.932115558613468,-1.753986374785443,5.12,1.9063502518406459,169.1164331487526,8.1125807762146
3.773779277817913,-0.9801914041047377,-0.5897484155343014,2.125688117382886,-5.12,-0.2889369082689637,0.6051452212255874,4.813100887442816,139.06540899910297,8.982608079910278
4.666145386911732,4.888968028220723,0.25262612464974854,-5.12,5.12,1.6609483425831515,-0.0338421699021465,1.5572450898987826,171.19594439691767,9.802629470825195
4.190984712569967,1.8854194680199363,-2.9198343156501383,2.2872063360254886,5.021774048782089,3.2353426050058554,0.734183902977577,0.7561723154739921,123.8668702988012,10.458100080490112
4.250357032865453,1.5708414929631367,-0.7582530317764471,-5.12,4.93895501280038,3.3324404514666304,4.029994198436111,4.015382947194335,172.32674786650364,11.007916450500488
1.1272631620789957,3.3312437554064642,-1.175550209191556,1.1454459665252008,2.4934925115807287,2.4730715745790715,1.4638691296399244,-1.2700277220121423,129.29875368150238,11.832997560501099
1.0629283593891046,2.0894404611162214,2.76351285579402,0.09406192364025845,0.530592371200731,-3.5619908138189973,1.0059555144792283,1.2540530333518278,91.18144837670715,12.753002882003784
-3.113064065482048,0.8708736798439212,3.257350343453587,-1.2225410219543846,4.0675752766654805,1.4718904412387426,5.081168453627833,1.86567219155532,120.20385075169813,13.66779351234436
3.0472553730088974,1.6441481540517087,-1.647852968067288,-0.5621551605532531,4.742161061371921,3.851380985527544,0.2367378244974132,-5.12,156.87694931049836,14.363089323043823
4.419107345194543,1.8753427342050557,-2.242904712598364,-0.3587371677304647,1.5343968902355822,4.199358339709101,-0.8799724051967566,2.068761061241198,131.033948299417,15.27320909500122
-2.198472697366704,2.1615538775584477,-2.4139121688982663,-0.06188791119157333,-4.427709358663332,-4.151169160638058,2.7248317871255425,0.8266376568249232,131.25459185647952,16.033203601837158
3.887069729687105,1.8944265315738287,5.12,0.6683182682922784,-4.46465508395591,-4.419404563459032,1.1191503041209696,3.6436527741320086,178.8754900872033,16.858224630355835
2.8659691860011076,1.9330346518065626,3.3532287998305526,-0.26638959615802804,4.067844961115958,1.4334540811330685,0.09920273257010503,0.39146631316713076,112.99046179743303,17.72320580482483
3.25182149374137,1.838834458687323,4.816402111355736,-0.11425546612357795,-0.5193548513808404,-3.249484351074727,2.5226192801816625,1.3530570815077327,145.2487822224175,18.513286352157593
1.5711021634037552,2.1551495980626862,-3.0352504657995762,-3.560881831705784,-5.058040943100431,1.3367765914102367,-3.348604419182119,-0.417645318131048,161.03232664363324,19.28464388847351
-3.9149934172309893,2.2095609431442123,1.2198035863179344,-0.31213155957111116,2.750247465645053,-0.8967409608988364,1.372442893937091,1.0666653046042578,93.82013502037482,19.96850299835205
3.712169238326667,2.199361862606824,1.3748282216416383,1.1574768019155286,1.3448275331610544,-3.817630629322505,0.544113895089831,1.3532777011371113,138.30672027491374,20.873544692993164
4.258178091229019,1.8409281346186797,0.9835644136611847,0.15812715919126585,-1.3191329364005457,-1.871183590719688,0.4685681582707959,0.8138343672011628,91.54945273355247,22.163562059402466
3.2621544934349496,1.2044478505452823,1.6363435921968055,-0.06022136096151698,-3.6779058368861524,-1.1033478824688796,2.050499906166915,1.4602968787001895,107.65301289135209,23.623600006103516
4.40068437317401,2.4386402943093337,1.6233307368326049,0.15868479098730148,4.332410867463488,2.016044836901452,1.762635599241639,0.4349045990934455,156.58452393259546,24.893463134765625
4.747769591661764,1.4359122076594248,-0.6465147993057858,-0.20363556850268516,-0.5367714692221561,-2.9650263915459116,0.7877639553149383,1.3017695328151921,129.79893501602334,25.73376727104187
4.807550148280103,2.1752031607553874,0.387541480355142,0.22020888211291734,1.2181263436324503,-0.7137410335554009,2.618901630914805,0.9027393900588745,114.80403758127379,26.633902072906494
-2.6033378976244133,1.9200269960859018,2.367144616579375,-0.2636146678852844,3.7539736015230547,-2.101155539823212,0.10807964317809571,1.0260915220541564,96.53335485411944,27.623982191085815
4.9618123543400765,2.3084432119974796,2.7994056046974007,-1.3934172095403823,-4.24539676956496,-2.9241870537100363,2.405095084066378,1.8861439233129556,145.85500459267783,28.729084491729736
3.9714871647938255,2.082323746635023,1.8120264652746139,0.15092685960923902,-4.531952130017659,-0.29234824372076407,0.816833128509658,1.275194272136769,108.09884179525056,29.828918933868408
-1.4296474960837235,0.26977824283477947,1.276774743533874,-0.4858057932095905,-4.934729195925658,-4.732220746361456,-1.2752207661693369,0.8328484180629161,143.50954696052446,30.97389841079712
-1.2010879251738236,2.188802630041523,1.4715476554916869,-0.0666837875596693,-1.6868894223041027,-3.931373488735889,0.8197870761678043,0.37174481404362236,98.90120402252815,32.06927800178528
3.0141815915002583,1.9732036639371708,1.4108378890081497,-0.1056248269599509,-0.5613204785269383,-3.0467868869237864,1.6434080603907937,1.4690892490579737,105.92814643759044,33.10917949676514
-0.9012769601755748,1.5447049288283257,2.2656557852099617,-0.13621249555410397,3.7110209770482845,-2.7690923560309706,1.0915521249331892,0.8040768648375956,97.02968499096676,34.32941794395447
-3.8329971922971415,3.2062820797607197,1.1616302915737053,-0.1019152165893038,1.3565273572455316,-2.008594486483786,-0.5726126182884563,0.5918840731587345,105.47580861339569,35.4342315196991
-4.705870826400447,1.3238450687242223,0.006787205292848597,0.13576144203802798,-3.687482176875503,0.9912072520898381,0.5033947717556444,2.117241321957125,110.31039965994543,36.41447615623474
3.134909799578721,2.8105398459484103,2.6937279866546078,-0.011983730649228974,-0.970249288574232,-3.056361349983503,0.951666678372554,-0.11312157335175677,63.018647378501456,37.53459692001343
-1.6925016120037308,2.8907642291898457,2.685848840549496,-0.031725133214295376,-2.5116902428957877,-3.080217451817039,1.379208874032419,-1.654844719564705,122.89344718527839,38.63449001312256
4.381727962696153,3.458232468518829,2.8872001810694607,-0.05229960133391032,-4.7326170324211,-3.3729424819217315,4.039962517715749,0.3793448070878638,175.3457603443972,39.964579582214355
2.877509346336754,3.051288821512732,3.251212477926276,0.06999709803469045,4.937118508995897,-2.8039466789464833,0.38051448235452234,0.19211012896486945,106.14508344415799,41.154592990875244
4.333903602726303,4.261481001036281,2.8015406584655356,-0.24559777651449277,-0.3315238809504466,-1.783833359548077,0.5838301895351767,0.18100249291392512,138.04584026031753,42.28959512710571
1.1233554436143,2.426061105328813,3.0116339272268933,-0.021835031438966368,-0.3043924398303526,-2.1862187913117332,0.5212055484789895,0.04497371507966097,83.03937502073809,43.64986252784729
3.3510854672522337,2.670203817696904,2.2086238289450266,-0.013983001928247418,-0.46055652381249956,-2.565195236195641,1.066743278410934,0.2992132218633552,122.24176006711737,44.83476495742798
4.351184085445268,2.6534928592377094,2.738886093042991,0.3334221453291484,-3.713634275909604,1.2683352904778022,0.7610948771491408,-0.023166739914933565,139.7291983526793,45.93484830856323
1.5426768090947371,2.380658647224137,2.74707998565386,-0.052244422093689735,2.6445133728117654,-4.046212805243087,0.537620192025333,-0.04880740298727382,123.69156143149942,47.15485644340515
2.972297716481493,2.112782404422373,2.7627404552105066,0.08297198806792849,-2.396726682837013,-2.797629011506589,0.7498853327230215,0.2888632981994501,95.68645190989407,48.46518039703369
2.5386739639797797,2.320128732198257,2.7271230391474877,-0.3408750672402183,-0.7798375432369102,-1.6721489640039766,-5.0293158198257455,0.2771406204897904,143.66590365963356,50.015116691589355
1.5664064742415347,2.782089601886362,-0.18933275115643422,-0.06010296357320577,-4.963866662441247,-2.2952171524945393,0.692322733891916,-0.2856605009599136,113.65262297126192,51.170169830322266
4.536872764241594,2.9373276902933148,2.902347102353203,0.05864734824315221,-2.3263642476033914,-2.9275597644330036,0.7828217578048688,0.1564591060586995,103.29327196057982,52.715332984924316
3.4089838557538252,2.5171862889429555,2.767471618326674,0.35097920025840157,-0.8627874240013202,1.6644510312056573,1.400752307199883,0.5757145358493547,150.34975968288853,54.16003632545471
1.5355697487177524,2.3960802887679185,2.829371879505345,-0.04287877790506389,-0.8267668389362752,-3.7822839046895522,0.585409108300972,-0.1605331144466291,111.34737084487071,55.67544412612915
0.8575753708290765,2.82693639097773,3.3504685300965997,-0.04964625704291148,-0.11059980141921955,-2.3735574915459323,0.8165952157413514,-0.2823138928797375,89.10657477874531,57.45053768157959
-4.065248979692403,2.2172469765191556,1.5797264796966148,-0.02559804090899842,-0.6739888306660653,-2.83252461008656,1.0389673609289893,0.9707699771976817,82.23047208322491,58.9365348815918
1.7338124996048307,2.8956434238467788,-0.6407199426744397,0.05364706283006182,2.2607961397292513,-3.168880224214427,1.3299198719940106,-0.14373720978119575,93.15804010741105,60.39585089683533
-5.12,-4.630832819169557,5.030820609740622,-0.04612161732157816,0.4181996734205873,-1.6385748757623344,0.8004686194949144,2.4275782250785065,163.50069626085158,61.73574137687683
-0.8371997362472161,2.745063367188349,4.17752433137555,0.19370308182136142,4.524891836471274,-2.9863999745034566,1.35594956234881,-0.13581331220825543,123.73090039011262,63.765865325927734
2.1883509387790694,2.872237218602737,2.123840882615548,0.05030671514105922,-2.8752006343386323,-2.766526048416796,0.5402083308417112,-0.21578379119365287,85.89182401683614,65.19590067863464
4.460537681937054,2.7302974859154885,2.614602513967795,-0.24190727485985342,-3.8965302305048586,-2.7611065626165674,1.4027695143761578,-0.186042305487093,152.61546227409974,66.86090850830078
1.890010471934434,1.8531839943338149,2.41137247793427,0.029359488418325697,1.7109689699618533,-3.03121497888946,0.14583330141002104,0.8425749238020286,71.62148402682224,68.38591265678406
4.719764797006861,2.277769637040892,2.1748187186097514,-1.5855796428166493,-0.33198206226304094,-3.104532526131229,0.5959101956880666,0.6410895522371298,144.45247367631973,70.19628286361694
1.9966616027605815,3.2049077249703677,2.547727148268163,-0.02103237338995001,-3.9728772591020505,-3.173691826235012,0.5944986146539817,0.6035755912959733,115.9473206195289,72.23608875274658
-1.236523987239559,1.9418416216644685,2.4424440135586725,0.007709506011316591,4.0613097847606925,-2.224837059961255,-0.04393054695013365,1.0721209698174832,73.58651464971618,74.09621334075928
-5.12,1.1610099240049196,1.1886399838761585,0.15902527127447552,-4.656568913982649,-2.5568865180401668,-0.2555233553385339,0.6365812089355298,137.71988907508916,76.12634086608887
-0.6951734638270803,2.3563732889090163,3.301925756314186,0.014302510669893742,0.6523818194338968,-2.683918913074782,0.09008600395830246,0.5823385748476344,117.77525524481683,77.92186236381531
3.236087676919298,2.819259738446875,-0.3467139111192026,2.4611555205084956,2.52551257821694,-3.9352371331062175,0.6655561678106379,-0.07909862589303351,134.19446648675833,79.6266987323761
-2.876448003891656,1.6441209034563906,1.1905410097140283,-0.08859554167695727,-1.7274774115752467,-1.1428101354195026,0.4463464186025137,3.451652035658742,109.85577117711892,81.63677763938904
3.195023143313109,0.750658245182966,-2.021213015914357,0.023607766139591924,5.12,-1.9859024533777667,0.1274384708539218,-3.9962917571438616,83.56377956722378,83.93708205223083
-4.6407091234162765,2.0786588253911926,-5.12,0.22283486948940912,5.12,-2.1635802247395373,0.42527451038304687,-4.998621027340893,163.1934335680176,86.34174704551697
2.1684128468810524,0.38280272619780487,-3.095018260415396,-0.5918375652055934,5.12,-0.8405280088830827,0.5484954725573195,-0.3075444392167359,125.11016258438853,88.32730746269226
1.2121485895162714,-0.4361129984967267,0.7083926452072671,0.10875859490393047,5.12,-2.4502084572870224,-0.1551423745481708,-0.5768467346011281,121.8953152594806,90.37714123725891
5.12,-1.580007016887849,0.2062245223556669,-5.12,5.12,5.12,-5.12,5.12,202.1341423066271,92.2722954750061
4.292349194850584,1.928574138284472,-5.003923111278453,-0.025643990881728307,-4.4944632489999865,-2.7263405880287594,0.5315838018935173,0.3965865094124741,158.24998904931766,94.4476625919342
2.8233070767860458,2.423354497592295,2.7902153882695186,0.047222522822044866,0.5155924232472513,-3.1343992733263804,0.46168806556177255,-1.2336027905908726,117.80508035710048,96.1378846168518
0.20339300368455948,2.0689461710201202,1.0360391259642006,-0.8845503123589795,5.12,-1.6757315820105418,0.16329741207020643,5.12,96.98847738531734,98.33790445327759
0.17320965312073078,1.6678293144717848,1.221355473578182,-0.746851011864023,5.12,-1.6743180224434604,0.6822305702572251,-4.983340721353374,129.35618479512286,100.7580349445343
-1.3289960712834255,1.8369481393761316,1.078268928380428,0.02765438773272688,2.9528877111382483,-2.739303784158239,0.8480574058466912,1.0162614987872827,60.561739718592,103.28804612159729
3.2058692728355007,1.7085147945637855,0.9517839924017801,0.027034963358451236,-2.4088762304065376,-2.709688145974548,0.42667671888475667,1.0722272757629385,99.89984369855438,105.51826930046082
-0.3769297474355282,1.1684265304594676,2.359317469780766,0.06266591121095377,3.853862269460625,-3.058849041777858,0.9876380562139211,0.9521333609043223,77.60953172072365,107.79831457138062
-0.8490103850440383,2.1975665203069505,1.4605970413559382,0.011521124345592604,-1.4071415568779981,-3.4090223429922566,-0.06553793024897381,1.00111047261149,90.54228506106932,110.41328382492065
