1.0198578916542749,-0.47630669637712764,2.2004916230376663,-1.8343320134956418,2.4925404418649366,-3.488726730670437,1.7320228938693791,-0.0792821696001953,115.02255882513391,0.3508162498474121
4.442058287971805,-2.6922228819404057,2.902631181392162,4.831444509178374,5.12,-4.114706263296149,0.469872142677108,1.170072292492498,173.5004644573778,0.6855752468109131
0.041711222003630866,3.7089763121671,4.045550107283671,-2.2362213302287386,1.4815222147736167,-5.039386517419621,-2.878903913250095,4.182584685607069,139.81522363195756,1.0503973960876465
-5.12,3.3525800413661164,-2.152269306259133,3.619453032093939,2.481790852614372,-1.9243523079509526,4.214544489475959,-4.879600648877905,178.45326618841784,1.4353325366973877
5.12,-0.5925369657648654,2.9360487027492495,-3.5782724274487636,2.4999559548538217,5.092296923170223,1.3384093219568456,-1.6245081295649801,179.2814178719561,1.7505178451538086
-2.7025019124540623,0.156932727661518,3.9130103246536985,0.15178756438832952,3.878978018948172,-3.7914138201387644,1.6676855912768396,-0.681038881144806,117.74436031587541,2.085442304611206
-4.927062867000668,2.404282043637904,-2.0384674556174556,-0.9118405134304703,-3.718270721815716,4.3764984658011725,1.8064611200983567,-0.8110090647745105,134.9108621185129,2.3905584812164307
-2.289338581892932,4.803665345317634,4.54751915529913,1.8117109221361192,-2.7268848344541925,2.766473192499669,0.6313479427729307,5.12,178.80350785589755,2.7308826446533203
2.073534426319088,0.26577800200482216,-3.0062726790675174,-4.0469190153407055,3.608534991032056,-2.9223527461118093,1.6164180051551655,0.9514289523269985,104.17664141621638,3.1307945251464844
3.6466269224549164,0.6869458050492332,0.491004578559215,-4.13398662217364,-0.07719124396423727,2.6745865778942077,1.7233208353121885,1.7257930854039616,136.33841616633737,3.4859519004821777
-0.753292314922688,-0.10224347766488151,0.23270947259737795,4.49978579426523,-3.6769197578091286,-2.1342957178919257,1.5338111055949648,-2.602243174864965,144.34927260401486,3.8707118034362793
-3.57799056012648,-0.738294826916845,-5.031011058210429,2.9834452542287506,4.387584908825505,-1.5807623414228922,1.6164723706206212,0.9027892414111252,158.13319183235313,4.206310510635376
3.8875453053380804,0.253584027802658,1.7642272163360202,-5.12,-2.0242252348326613,-3.2324210328850684,1.0286457601528989,-1.0634174830649785,95.63436040768141,4.5908203125
0.05037017824208867,1.4929806395554719,-4.955883091090757,-5.12,0.2625345914821171,-3.604638940028658,3.5283061402481346,-5.12,179.56612858583765,4.910914897918701
-0.5208421563438739,0.9863402645657207,-0.5876336220357468,-5.12,1.2527150919268957,-3.04079379459101,0.4377488160308145,1.9250694074470154,114.53060635225191,5.220830678939819
-4.798283393130149,-0.28865023741782103,-5.104154587273815,-5.12,3.6205242770284913,-3.118292257486988,0.29882343940273337,-4.229265941090609,182.00021728725022,5.520743370056152
2.6619868976422536,5.12,-2.8508952215113337,-5.12,-4.694772198627113,-1.7249573513002843,-1.3426352228230254,-0.4577993544978316,179.5366821384021,5.7905895709991455
3.9697733913938995,0.75031562459115,3.3954939629462624,-5.12,-2.61111157502312,-5.12,-3.2095235662204633,-0.10107348473659084,158.00475339492064,6.230924606323242
-0.1684106108691159,1.2623641974149482,4.197090909573398,-3.709206984390643,4.464617887127193,-3.0113107405424326,-1.3178547681623023,-0.20144438603929782,139.8276267222574,6.560600757598877
4.609677640312431,0.8476826349445385,-0.6803423021875457,-5.12,-1.6389169697257002,-3.8007333277602537,2.420569410200499,-0.3488227691850785,168.55530589273104,6.9109039306640625
2.4239050938094024,0.3318885214455358,1.8464331358012407,0.9853462370749195,0.12826108392031266,-3.3867072604626554,1.0706806786779506,4.714704350557567,117.19028394401444,7.260912179946899
4.624063085461409,0.7288444212129237,-2.4897443554735528,-5.12,4.14845290026645,-2.532236810043642,0.9853457164401469,-4.188259101101687,177.68715579208532,7.601043701171875
2.3512742493966154,0.21940777267949674,3.596707949156806,-3.4633518740896565,0.8520966231648082,-3.068569928870145,1.1256127548781425,1.0116959318368028,112.83173909280306,7.960976839065552
0.14604371437062014,0.021557933228512738,-0.4866560216621947,1.8627152205827882,-4.8448666771121225,-3.2848412481862264,0.9806269375704479,0.934340861377418,84.77122945905283,8.330920696258545
0.5473737630806275,0.24811744313735318,0.7626739289759339,4.801642368362395,4.8297779231763895,-3.6740883570798255,0.8010216563840427,0.5594760901292268,153.18153555429404,8.701024055480957
1.78323678722231,1.3289383455425243,0.7615692864733203,-4.82459839790206,-3.81126620747618,-3.178540073968997,0.5749358891720053,1.1615666913483738,128.09479471411902,9.201343059539795
4.993152459979936,0.11163608902179778,1.5447477307112658,-3.5815712643258486,-4.250927289959873,-3.49973714204786,1.2788197245287556,0.41925192814740964,173.57959995067733,9.490929365158081
2.0700991950306324,0.2849225049797681,-0.4907558369358309,1.1424245631292873,-4.1792476432707515,-3.303018986083035,0.9612416589729467,0.9350170551665409,93.03141067965691,10.076367855072021
-3.968029819487078,2.6711587461084605,2.591398102424564,4.376204526939413,-5.12,-3.7432803612968177,2.112810742265691,0.9119623655191651,161.77632950422026,10.509071588516235
-3.9720134394518745,-4.062145477314624,-0.34268284651305336,2.626620442142075,-1.5950844563577484,-3.231269485396822,2.6057408231791053,1.1928215628904129,145.3487936705925,10.961140632629395
-5.12,0.5356876401006403,-0.5119099110226566,4.556815778578909,1.4643585559146217,-4.28307823649231,2.403708791606264,1.1471807933178422,190.93089367883832,11.421044826507568
1.9249556844648836,-0.3667041005630649,-0.6405035222643827,-5.0574113912166085,-0.924977419781758,-3.211344331249176,-1.9141554704102544,1.4056717295570458,109.81322664991427,11.89136028289795
0.575878187477068,0.2023402692188494,3.9268606904757073,0.9377214353746446,0.0700911857188613,-3.2603785887352945,-4.232294144721132,-4.7936547587253235,123.71376900631462,12.476320028305054
4.762968469187622,-0.8944914687194343,3.326902349535886,2.5186450001604515,-4.5163613910821825,-3.2491410942064665,4.33193150009044,-0.5346721079055676,201.36586496536322,13.026193857192993
-2.414997825234835,-0.6755500521276137,0.7915320935670183,0.010085944611549102,-3.5416305043464416,-3.147302200416892,0.4103415862727635,0.8879626833904419,115.35477082547507,13.53625750541687
-0.5730402457815327,0.4302301071486019,3.095897996276917,2.4307301390032867,-5.12,-3.195017400747002,0.3614895797349247,1.406599652215216,157.4836148930283,14.01205587387085
1.3080540441895074,-0.7277796791621078,1.5352701885195357,-4.658389925128696,-0.15123235741898533,-3.0805999315630674,-0.04817094523625709,-0.9199875392489192,103.94972895538704,14.481290102005005
-3.1037299953384916,0.46271252344898883,-1.3601993980747045,2.4619373413251004,-5.12,-3.129300991783768,-0.5330831899949864,1.1468719944226589,142.82272812931626,14.991217136383057
4.933134989313078,4.400989996711215,-0.7960383337221648,2.072728217708746,-5.12,-3.136487518703156,1.2405961542440505,0.23883933048790595,138.32863021180628,15.526399612426758
1.922648403504481,0.12250057437217254,1.3620330736777513,-0.9332344329638058,0.3717654494804501,-3.2098821300425358,0.12071806675772212,1.5872958672228394,86.43545051380437,16.1012065410614
1.4912142999187976,-0.16909097085569424,0.3892878943182776,0.5031545452664741,-1.0993719061116565,-3.241622958416966,2.546768063433495,-3.5484205197879284,146.71561441950539,16.63149404525757
-3.7371343728613877,-0.7612972991666185,-0.26589646678219125,1.9190780354583694,-5.12,-3.0179764455491616,0.7245186338591267,1.216458848539948,110.26333490156055,17.22150492668152
4.83571818075596,0.5140149196366597,-1.5899820250436263,-4.807468411506628,-1.420787377657244,-3.126993105626908,-1.9256674442620119,1.0174995635639679,138.50763397960628,17.821770191192627
2.495098743357784,0.8917952727052265,-2.399303102444873,-1.1216107184614428,-3.3581581881914913,3.801595086187196,1.7137299681262457,-0.6399177473528042,137.9110130586238,18.451536893844604
-4.782520326630598,-5.12,-3.5219872212970813,1.5621540871158217,-5.12,-1.3404541197746727,3.5086297397518775,0.8755636878133259,195.83482475297984,19.051615238189697
-2.2272027832660504,1.4900323307231043,1.9955142275888536,-2.2321648502563325,0.01256163937111765,-3.2383360042633282,0.829293997356551,0.13735753965898567,82.79645094013624,19.681734085083008
-1.0435952251538634,-0.6636552535294573,0.8305318400023927,0.05514188398477948,-3.556760290071913,-3.1687076282245563,0.3564716248436879,0.9280255690431805,88.87444911404738,20.041642665863037
2.1847328924359912,0.2843373236902833,-3.016429864191793,-4.0486026299450755,3.907324737239372,-2.955386297404617,1.6511216236486534,0.7541395972268079,103.90909277557601,21.08168315887451
2.448480600064464,-2.259859678829963,0.060117083689667616,2.041686393519801,2.523334300177445,-3.1722209929606295,0.23303231078673114,-0.6981107400966984,110.72841368989324,21.951854705810547
1.1640782566958627,3.3948474439871896,0.4574452870559824,0.4120526643380398,-5.093223324342036,-3.0689085750102585,-0.43163722763181767,2.598358012439806,156.2995307823631,22.996834754943848
0.5454936536742574,-1.3903710001908114,-0.8271322108750532,-0.448064587937262,-4.920557632852718,-5.004828386744489,0.46507835545114506,1.4463694186059,157.23426544924774,23.95693802833557
-2.8135197865837736,2.543725527221736,0.8347602725307919,-2.7053983670616875,-4.669801279706147,-3.15410009714887,0.9329943226418491,-2.0068800443898285,122.52685234278601,24.932158946990967
0.6061372733095229,-0.36465610869651943,-0.2994866023017515,-0.9480821120758831,2.0576376465098853,-3.153072022249124,0.9359740008842303,0.7113276119385405,83.2203322662655,25.87695002555847
4.510372923320284,4.515596809195375,0.9893461455180681,-1.9939654861099445,-2.1365770055978635,-3.0533113780892096,0.261621760131435,-4.722492139791322,148.3738639736713,26.99703311920166
0.884137219358796,-1.1865724952880599,-0.1490848598319401,0.2880255313667135,-1.8142650440720178,-3.2502405682217432,0.388086935342856,1.7219076396891255,89.83251267036368,27.962039709091187
0.28833128262088703,0.21258640623473202,0.9710409688002724,-0.9872485952397039,-3.551299883064321,-3.2865959313424353,0.19806048457681058,0.03918369591505222,84.61320579201973,28.942372798919678
-0.2288156070676841,0.5764130352617123,0.9870936913654207,-0.8103404645234296,2.9190903059440023,-3.261565995134872,1.1949579980990368,1.220917927289804,84.75079020279072,29.842042922973633
5.106185716621359,0.5211167763751128,0.5243184224341304,-4.059890217267275,1.1102668701275675,-3.2979904288761768,-0.05196114047551692,-0.24230558787341128,123.23316429338618,30.972445487976074
-1.2900277350461513,1.105911904922845,-1.1202702630856431,-0.5890776988202013,4.118536270875334,-3.2920223188173185,1.3003445318692028,0.22301973307453338,106.52911017009939,31.917423486709595
-1.247164812444944,-1.0069714119944733,1.8959261722759244,-3.8492254366836747,3.5958846242797806,-3.2902861073657927,0.6000293372702705,2.51864687730522,136.26071104724178,33.25747895240784
1.2564319457066153,-0.4498315016447165,1.1250622865152522,-0.21568490269888674,-3.7424555705718445,-3.005181033999766,0.6633015130194861,0.6373037578961576,109.84504361177116,34.52246165275574
0.4912612056005754,0.016548764707852825,-0.6349580405791038,-0.06211110101916617,-1.685259705316677,-3.2406294220250276,-0.37289810548460167,1.8730047924307476,98.40680324186899,35.53113627433777
-4.4331967706086655,-3.667162549378519,-0.06255124913709231,-1.2323073361030659,-4.035459742732267,-3.25006040378812,0.4163240374351451,1.6763232344033545,151.5791481401531,36.78263735771179
-1.1572541230992952,0.6480058366186041,2.285606782424485,-2.8088249004513415,-2.9101721213608274,-3.2519425612002815,2.1299310564380995,-0.4484791080999848,112.04132080714922,38.09281277656555
0.22561790068742837,0.9514604372549345,0.3929967551616542,1.1436250364429945,-0.34951312395316236,-3.213045350248728,0.860607824995741,0.14306164864337934,75.111095581357,39.24280023574829
0.6561816647493011,0.0018515498284026322,0.21002544096639308,1.1167464343604196,4.882673105338156,-3.182587910592666,0.5015712409450783,-4.374077014989579,126.23752062436138,40.38268971443176
-0.08314585173479738,-1.979828932881785,0.5164590860688394,-1.57301504749613,-0.5789712320083842,-3.2775262159694094,0.579808675308751,0.6332026130110622,124.79008180669136,41.562917947769165
0.8587664961580979,-0.13945984551426793,-0.037617736805550805,4.903429966783523,-1.3460834455180333,-3.224087036849151,0.9344439440134487,0.019286007218883405,72.19634067928123,42.87304711341858
-0.26781119331664627,0.9544419212445998,1.9617099769014033,3.6398993450588675,1.7386325830992027,-3.2804507202114888,0.835471767855327,-1.1517440917737827,93.78988483237117,44.103041887283325
0.6112171271096694,-0.014119079446325955,-0.8350057621998159,-2.209315884244031,-0.7316167531717612,-3.1811990989424226,2.0145423664749957,1.5491087780302015,89.674177159897,45.46797251701355
-2.650320952401951,2.1323483950420403,2.0605245425741066,2.3950486552581447,3.5276768656155726,-3.197138814335089,2.4185783054266725,0.5451887333165608,153.01612866410804,46.72320795059204
-1.0636605041553704,0.3169872012688959,-0.12205021369035762,-1.41451889683725,-1.0732942425496264,-3.302696840703997,0.9965499386062753,-0.1945098701821486,73.48320464165636,48.183271408081055
0.08944810002525205,0.2515281272002108,0.35850175508116866,-1.7136450223833934,-0.6426492292295078,-3.2725253191912413,0.9760039240619509,1.1850414679290973,90.61581496814547,49.698214530944824
1.5184122502048751,-0.7431992989243152,-2.297146709894394,1.4207339404430313,-3.1345454455199055,-3.1585797136473293,0.9116214129271896,0.41889453810807,121.19056194854979,51.153345823287964
-0.9359397087942503,0.29301037897247717,0.6818730647784381,-1.2832621345413124,-0.056846782142509156,-3.221767370931145,0.6880458160573406,-0.5468600600646001,96.15491234558516,52.518511056900024
4.96908098257119,-0.8788493103577633,-1.6251747190780064,4.885391250348664,5.12,-2.947067400696989,1.6859375505268215,4.892808296567904,155.50725670468358,53.81354808807373
5.12,-1.6762597320489618,4.158258147820482,-1.9090175233980529,5.12,2.7899969926901393,4.457561707371727,-5.12,185.94211286037395,55.52375650405884
5.12,5.12,-0.6921395603007285,2.4171313744481475,5.12,4.241460152731693,-2.999229146117312,5.12,190.7003369283187,57.003724575042725
-5.12,0.48368769826564506,5.12,1.7001889428726873,3.5559956349973563,-3.602955970607643,-0.22287084149596303,-4.44231379987196,204.43165351664132,58.51869201660156
-0.44825273751907524,0.8995700742086248,3.398415576381681,-0.26755128389101124,-1.9560963789616599,4.058895164032877,3.5660493123217174,5.12,145.3130786354822,60.153889656066895
3.6772061498457935,3.284432918724119,-2.753044555171407,3.0399467552199324,5.12,2.6331012654100103,-0.5321148925772592,-3.638429711185805,180.14298410682568,61.67398381233215
-0.1717248100129556,0.4010488398369487,0.7653998106362518,0.39301594182786737,-2.6381567438061913,-3.0833252476357025,1.1539726043722132,-0.9188343295586341,93.23907161328842,63.16427516937256
5.12,-3.4946316967372537,2.924337661821945,-4.196222944835526,-0.37839973458566156,-3.050321270064237,-5.12,-5.12,180.09869154413732,64.51392102241516
2.059645513683721,0.27217293815484567,0.5752404030838321,-4.035512176264274,2.138433092343745,-3.1392612362104844,1.3583564838300939,0.028535972079538396,92.03502163222869,65.95406007766724
0.669389226192945,-0.6127524943414979,-0.1722140779345489,2.076285588700012,0.9219425752193695,-3.194396346630814,0.06297828775028069,1.067997554919109,65.66687339141505,67.50429201126099
0.8687602171970541,-0.9243872959632959,0.8224502443475261,-3.812657125364485,-0.6014388431418762,-3.3084580216237303,-0.006342500652065652,1.2487409193966572,87.33201768554274,68.93434643745422
-3.14867516618558,1.3695080045225394,2.500366511783259,1.7303777045850621,0.389576967273074,-3.2537839295352127,1.2229081340954835,0.4050322735617877,140.0456653538394,70.51426005363464
1.4403224186800347,0.041075020539304674,0.36861507997516085,5.12,3.9518440648631197,-3.1732358598034955,-0.3090959532887583,0.24255556027211167,122.37252530958663,72.26333141326904
0.6035148785480251,0.3926780510776382,1.251838361727132,3.1998199120869613,-0.44788372259719456,-2.1833874825642385,0.7204088854107376,3.55140547986064,139.94374511631838,74.22465825080872
0.781893482191304,0.09362743434131549,-0.12766692003298274,1.9748401339572794,-0.30294627687096387,-2.967476086113621,-3.021860610029205,0.4784353504202663,69.13453120702926,76.03465986251831
0.6633945980383285,0.8743639935187444,-0.02654556552211851,0.5981931530978182,-0.08795889532856371,-2.1528416187747856,-5.12,0.17506565737233437,82.81033537025846,78.10513973236084
