1.8838378175618251,-2.9852589585569396,38.36303135363349,0.19886422157287598
1.200809051843188,5.12,124.3416396085731,0.4134640693664551
2.2757855541574736,5.12,174.62749258587547,0.6509153842926025
0.33582861776601725,1.6489411452020208,313.4988284954518,0.9202010631561279
1.9568651336844152,-3.797364601044954,92.57687377261486,1.0623562335968018
1.762041620333691,4.688042726727505,255.4768520208632,1.3958797454833984
1.9338641303278337,-0.7033854097639125,141.61674758044742,1.563019037246704
2.061407421179065,-1.987692699830589,15.850681308539123,1.7663116455078125
2.0716033079773952,-5.12,67.55988121210117,1.980832576751709
2.048833908847554,5.12,62.18575119082952,2.259366512298584
-0.06456516881346186,1.1041333084586542,29.99156168410144,2.5284743309020996
-0.18186840897605272,4.342509758453692,232.28508103019732,2.829775333404541
-0.005728150635718521,-4.464231235360643,217.47932265110512,3.0476691722869873
2.1110915113165296,-4.949714097422031,57.29403036275909,3.36976957321167
2.07056608495692,0.34192571518016024,168.67380327154905,3.656154155731201
0.9382505633730478,-4.485704581992418,228.03134638641916,3.9086074829101562
-1.8625552661051161,-2.1702421076820606,95.16584982797605,4.19633412361145
-1.667685807601027,3.2308161897145267,250.6393952878424,4.432910680770874
-2.0265023186356825,-5.001765587501355,30.513751717545645,4.698622465133667
-2.0459181344332347,4.19562497414996,92.41815891838543,4.944707155227661
-1.9628804512769302,-4.028781305015244,24.422133298462327,5.1998209953308105
-1.961828596325602,4.659444797063009,182.29844217925455,5.542155027389526
-2.088695627063026,-5.12,72.811091514819,5.81266713142395
1.486910521744953,-0.0985484279973683,220.44818816690494,6.149479150772095
-1.9660863709408964,-5.12,59.44472961026652,6.554838418960571
-2.0513885560013128,-1.8215393222764442,69.24270967151352,6.870633840560913
2.8591663605592945,-5.12,98.15443110753324,7.208870887756348
2.957650077512226,5.12,65.58464997985774,7.579419851303101
3.105612538217735,-2.2943606891529984,163.64303795738465,7.931144714355469
2.7549083054752597,5.12,157.8235665800857,8.243457078933716
-5.12,5.12,106.63507451571792,8.57461929321289
1.5648946524173164,0.03198805982935138,196.2646456865573,8.909735441207886
-5.12,-5.12,106.63507451571792,9.304733991622925
-3.6111097722502032,5.12,242.96263608722714,9.7034170627594
-4.892195181889857,5.12,99.32796154952842,10.02127981185913
-0.7048293753240689,-5.12,181.81636612270339,10.303772449493408
-2.1952665821452384,-5.12,124.42058416322325,10.664304494857788
-4.907166429290345,-5.12,93.9323359314543,10.980860710144043
4.24478860668274,5.12,168.0619376765132,11.32214093208313
-2.5958647678010713,-5.12,242.45748139591475,11.583363056182861
2.5230933988476556,-5.12,258.63268121680187,11.88416600227356
5.12,5.12,106.63507451571792,12.219489336013794
-4.747842335222249,5.12,177.21520333337878,12.559370756149292
5.12,-5.12,106.63507451571792,12.939081907272339
4.028624390266187,-5.12,71.16034012810674,13.323829650878906
4.007423272593885,5.12,69.48573168852631,13.786343336105347
3.930658588628135,-5.12,78.10949520069931,14.145607709884644
-3.9239464531283605,-5.12,79.91671550068195,14.546512842178345
4.100367943797555,-5.12,89.36495883733159,15.014465093612671
-3.979564621453118,5.12,69.9776585841639,15.370468378067017
-3.8510095533796207,5.12,108.85729601549382,15.759003162384033
3.3283098393942483,5.12,211.6372500998081,16.11669683456421
-0.47029060713201254,5.12,251.80148649205168,16.6094753742218
-0.930492871730916,5.12,63.569227560395305,17.01934790611267
-0.9600276805396017,-5.12,57.376550494092314,17.48260521888733
-0.8728664712075274,-5.12,84.3229818790105,17.889464378356934
-3.317034758168406,-5.12,205.20509579901045,18.356617212295532
4.465341661457162,-5.12,270.8950939928045,18.803691625595093
-1.004781051480987,5.12,54.37223960442222,19.29168128967285
0.6702187520952512,5.12,201.82160753297646,19.774319171905518
-1.0067441300918674,-5.12,54.42083798513784,20.242366313934326
-4.033602519840406,-5.12,71.80803148007502,20.653305768966675
-5.00562826905002,5.12,78.43637381560872,21.24138593673706
-0.9063767888058774,5.12,70.94786248780034,21.789669036865234
-1.4040168205529464,-5.12,237.64805506870928,22.36542057991028
-1.01502457613286,-5.12,54.79307006129497,23.05233335494995
2.95514739315479,-5.12,65.99526866471511,23.58484935760498
-2.8310405776787273,5.12,112.58505257756991,24.1262948513031
3.932849394352849,5.12,77.55439350894261,24.62926936149597
-4.035780032292743,-5.12,72.1214671208836,25.15347456932068
1.305628399773882,-5.12,189.26722266618344,25.736438751220703
4.056997795055421,5.12,76.12129406822241,26.320733785629272
5.003550222256751,5.12,78.37793050575924,26.86076593399048
-1.0101302100466123,5.12,54.54039796177527,27.344862699508667
-5.0047460940160855,-5.12,78.40948080253483,27.826300859451294
-3.9453998908563275,4.406916915369144,224.1932403798836,28.379382848739624
-0.935142283189438,-5.12,62.38109776881882,28.915074586868286
2.934806800833271,5.12,70.20344328184598,29.481372117996216
-0.8672811420107163,5.12,86.87023462974592,30.04570245742798
-1.024351211712954,5.12,55.53504958689204,30.61859679222107
3.9800911962437207,-5.12,69.94002771377414,31.162180423736572
1.999012162206446,5.12,57.31551307471916,31.773120880126953
3.0036656645259923,5.034088146893063,36.675517989650814,32.37211012840271
2.1253774441289446,-0.1467956397946395,73.60064894051743,32.99431777000427
1.9930308333358822,-2.190005564385525,72.05494832507135,33.58388829231262
2.176461917236484,-1.6686518119540574,211.85861491757137,34.21339797973633
2.0738811838291262,0.0239719200693278,16.01614314663628,34.818312883377075
1.849869534620332,-1.9873243832939589,48.97627296706318,35.489896297454834
-1.9624934843098645,-4.221648923413693,106.7182179163352,36.11778211593628
3.0035011392171276,-3.110908549071098,42.036774328668486,36.76154589653015
-1.924628157316473,-3.859552135303395,66.08067210339959,37.624431848526
-0.1721182415922904,0.9300230965845477,63.40085260942951,38.27454710006714
4.507220850516906,-3.9807734914773754,236.78748339725092,38.92689108848572
-2.197859051023572,-3.986178629376966,88.9188220041709,39.60919213294983
2.2210047641654542,-3.055355170402813,102.13817501003747,40.274654150009155
-4.881974990291758,-1.9281112156984137,63.83954570607841,40.89325833320618
-3.7114997540816397,1.0421772656621533,142.30749183259184,41.56059670448303
-4.274120763313703,-2.047952621455938,142.06449674613543,42.26435708999634
1.9899602469953637,-5.12,57.476377666179275,42.96974205970764
2.9183887104963064,-4.603358073092808,222.2130343070071,43.72991323471069
-0.31669285048637974,1.165561653780368,191.54744999173693,44.51491641998291
5.12,5.12,106.63507451571792,45.20882487297058
0.1021911159286022,1.0167628911566968,21.513554914327955,45.912688970565796
-1.7107002861374774,-4.018944388746773,144.22856372593603,46.634703397750854
-1.0131959320474593,-5.12,54.687630409036174,47.47017955780029
1.660821954055816,-3.1403836247841657,202.2097628700582,48.18512797355652
-5.12,-5.12,106.63507451571792,49.039084911346436
1.9429951289443395,-2.8171834787736176,77.08773880661334,49.90687441825867
2.2543443424355676,-2.065737609324571,120.4882141966278,50.722031593322754
3.214319864999042,-3.2736537717943572,213.62493852483658,51.53731656074524
2.8710051969769017,-2.9797585033256966,49.0155462681859,52.383782625198364
0.10252468935507153,5.12,73.36889786969024,53.15914583206177
-0.9648912984755773,5.12,56.671798047846096,53.92874598503113
4.074745817574022,5.12,80.74804627928157,54.70813345909119
-0.9470916646287684,-5.12,59.68940105627708,55.493499755859375
0.011861507617927813,5.12,53.5952709430038,56.32439661026001
0.006889700312536995,5.12,53.41126811245309,57.12817597389221
3.015535162679112,5.12,62.88700004263485,58.01865220069885
0.005019310386315645,5.12,53.36728825950618,58.834978103637695
-3.8391247765555887,-5.12,114.93885672751419,59.75827360153198
2.0077376784926733,-5.12,57.4667065035473,60.60167098045349
-2.062708814276453,-5.12,65.23463994834191,61.43018364906311
-4.990787134040469,5.12,78.39298698103278,62.34016251564026
-4.10047350780161,-5.12,89.40495277925031,63.244155168533325
0.13261370936227568,1.143482063148383,72.03523190804265,64.08841729164124
-1.0488085239685008,-5.12,59.08321385332114,64.95954155921936
0.04678965178263894,5.12,57.61013994906634,65.8175847530365
1.989266571356275,5.12,57.50204106883538,66.7352283000946
4.07657502403261,-5.12,81.28898101380685,67.70566058158875
3.905782362158612,-5.12,85.58931128455363,68.63001275062561
2.918722343036639,5.12,74.5953689418827,69.57208847999573
5.025375451831624,-5.12,79.84027983535,70.52665424346924
3.9677874760102823,5.12,71.10212465033847,71.50940942764282
-4.9700487989120425,-5.12,79.78445651861209,72.53010439872742
-0.9903648180135383,5.12,54.48155613197996,73.5434718132019
-2.8360625082166133,-5.12,109.88315897862907,74.55113363265991
-0.9458669480286224,-5.12,59.941004288026264,75.56335210800171
2.009768719993022,-5.12,57.545015541425656,76.51819586753845
0.09242858207418969,-5.12,69.72071616544356,77.63425850868225
1.0937694917599847,5.12,71.37371243978254,78.73939394950867
1.1214374374025136,-5.12,82.29952258537425,79.8869149684906
-2.389113148448761,-5.12,235.72034004019682,81.00439596176147
-2.112075233846086,5.12,81.56474333315741,82.10997271537781
4.978413393535212,5.12,79.02053872069119,83.20679545402527
-1.047145269542086,5.12,58.76944965153875,84.405508518219
0.13130053528329277,5.12,85.47802235212613,85.53230214118958
-4.0975291051551475,5.12,88.30282694927166,86.66786527633667
-2.7462260754717582,5.12,163.23029942408743,87.8731062412262
1.0854508839479458,5.12,68.5660941852565,89.03900027275085
-1.0590686708415902,-5.12,61.247692291231786,90.23508310317993
3.8714564914498295,5.12,99.18676903836909,91.42567229270935
1.139004177312196,-5.12,90.39161427916217,92.66132831573486
-1.847175457299333,-5.12,99.39602263227309,93.86404037475586
-2.9214403008466854,5.12,73.78930542037797,95.10333609580994
-0.9694073333980349,5.12,56.09902135953932,96.35365891456604
5.002183490542618,-5.12,78.34878770958858,97.68416237831116
3.0282854956524856,5.12,64.06317126060617,98.98675870895386
-2.0990956672979078,-5.12,76.48936336926306,100.31218099594116
4.103757748095142,2.500311540087913,243.60071211932615,101.60873532295227
0.6043304526108582,-5.12,232.95539710159105,102.97663235664368
3.0034753311987314,4.73500488158808,140.8727529661469,104.34989953041077
-0.8268734644570257,-3.889218044581619,92.62780532929935,105.80284357070923
-0.0623077651655457,4.673306654682954,175.75402720888252,107.27336740493774
0.20003908441184048,0.7296085203646623,182.47132078153226,108.95699977874756
-1.9945399340734604,-4.773847590527859,111.89877468452525,110.82501912117004
3.199740474760575,-2.9032473706243893,105.52635896724678,112.34171652793884
-2.92132509766553,-3.8228156869790095,90.94737798012417,113.74255061149597
5.12,-3.175924113057076,118.52309531223733,115.18927550315857
-4.114420028964315,-3.715875105125499,176.76197957560692,116.94651460647583
2.7456206760904163,-3.1516749053720834,162.2988531376979,118.4986035823822
-5.12,-1.698087922906638,188.24307482591095,120.03209376335144
-5.043105071932575,-2.145790696236618,72.78520576043354,121.8320324420929
-1.5399377305746431,-1.8029710081984112,269.81856429711803,123.64358329772949
-2.414534415588964,-1.9111404233119846,210.59278827478119,125.42161178588867
1.919453633271858,-4.750494251278972,138.47618152183702,127.04657793045044
0.007416477517462106,2.476192772742441,205.12343749939436,128.72832870483398
2.0878661076736105,-0.031914816516101396,21.22042384404436,130.42446184158325
-0.01410571708093844,1.0281643101131968,3.011505542474481,131.98385095596313
-3.1772543089421936,-4.16636827995816,133.15879842752355,133.53479528427124
-0.5065355616205611,-3.5110232054734984,412.2598035234736,135.1334216594696
-1.8094300401318084,-2.6084055275538027,251.28460626955516,136.71753454208374
-5.047004457411584,-2.584963821625789,222.56967370465964,138.4254777431488
-2.1811307751619506,-1.4436092251281232,258.69582931703314,140.11682295799255
1.3470911313734169,-2.3828487769450066,338.89319382983894,141.676278591156
5.12,-0.40473975224294634,236.09738739545398,143.29563927650452
-5.12,2.450607348675491,254.5458959806686,145.02686882019043
-1.026358118605006,-4.285489865500513,142.90168439970148,146.6344187259674
-5.12,-0.04719881729090769,57.68499087817521,148.47536849975586
-4.698408840685252,-0.16733129698440496,204.31609481269265,150.11325979232788
-5.12,0.22530156305966553,137.91202439171593,151.75625038146973
5.12,-2.429446317557759,249.55378076665025,153.35994005203247
