-1.9598086184493724,2.255030248285138,115.25774178417694,0.18291735649108887
3.1032798093414877,2.99845162026297,38.95247005621927,0.4530773162841797
3.057771413285768,3.0444464971130882,29.008818789426286,0.8755791187286377
3.0521976549710628,3.050348865176308,28.912952173733515,1.322317123413086
3.0517479245185912,3.051437850340755,29.041294760288793,1.6653165817260742
3.078745928805442,3.05161330872187,35.99594675804113,1.880584716796875
3.0529999216938615,3.023964939386798,25.09036744588535,2.1069772243499756
3.049568450167439,2.983436503788009,23.552724422546817,2.3320164680480957
3.0312775261059306,2.9923713531331115,20.182630107642026,2.6892266273498535
3.016047710925366,2.996664081090988,18.606416479167507,3.0929315090179443
3.0038036282006226,2.9973752596904193,18.049249747290375,3.3451273441314697
2.9968715109576562,2.997151495444883,17.999490880681236,3.5346767902374268
-1.68478245535941,-5.12,195.99622653215937,3.724457263946533
-0.34151244798317837,-4.752617451313016,275.442096423234,4.069121599197388
-1.2313780976818332,-4.370544704400188,277.6479424870129,4.3861541748046875
2.99620047681415,2.997179191457156,18.004501314472947,4.615628480911255
-0.9769890826630334,-5.12,55.31542114939283,4.832346677780151
-3.558302446724992,2.0455576565497697,214.2797933054224,5.0701987743377686
-1.345794153012295,1.5390363795288104,357.8072405449175,5.267404079437256
-5.079011193391525,-1.898425007692786,61.15601363284934,5.479292392730713
-4.931745070143506,-2.3021070844595557,170.83577708966425,5.697262763977051
-5.12,-1.5742313789796571,245.11460385500456,5.98565411567688
2.9965218241521603,2.9983741550165925,17.998487344222283,6.200774908065796
2.7221891498747075,2.531396717723826,329.26406665274726,6.5356972217559814
5.032069847665368,-5.091835216455893,69.46245071797969,6.829429864883423
4.574862705985406,-5.12,263.3866885041906,7.097206354141235
5.12,-4.87154514503027,107.89030163554966,7.300226211547852
2.5939283699690785,3.388355521301496,377.6826625615719,7.538120985031128
-4.7955478118410895,-1.930749977046406,107.81325866544718,7.770503759384155
-5.12,5.12,106.63507451571792,8.130889892578125
-5.12,4.551050369183003,268.92923780781547,8.460438966751099
-1.1257777318725721,-4.998754106348243,55.89368405023987,8.781989812850952
-4.294851329531453,5.12,199.57268029756298,9.182069540023804
-5.12,-5.12,106.63507451571792,9.585832357406616
-4.722796211843457,-4.6867638667504945,299.9753467807046,9.921940088272095
-2.535916973177614,2.288068597583232,332.8222823503784,10.327999353408813
-1.5774309594392601,2.4809547648122923,396.3251496687113,10.639232158660889
-3.579620779026092,2.9436513881335076,215.4263054712453,10.966398239135742
5.12,5.12,106.63507451571792,11.45396614074707
2.9994318121477006,2.999546963653816,17.994915568825974,11.886250734329224
5.12,4.626295552675821,244.85289065472364,12.330064058303833
2.9993645149976986,2.9997607673968156,17.99566227682419,12.656675815582275
-5.12,-2.035921682060843,59.99880282119358,13.07970666885376
4.525574965134985,5.12,272.51004198136116,13.455933570861816
2.9996853401401458,2.9994338032042807,17.995543515674456,13.74208402633667
5.12,1.6080337229327606,233.73623812995507,14.066814661026001
2.9996840330485677,2.999436212773049,17.99554638118579,14.352439880371094
-2.737340322899992,-0.8725142863680615,146.60251207301212,14.705649375915527
2.9996782980055405,2.9994332442859895,17.995508010226985,15.041910409927368
2.087478176890505,-5.12,72.4039223337044,15.496434211730957
2.9996740959426456,2.9994359068690963,17.995498201227065,15.88864803314209
2.1103118996302364,-4.746126249496664,152.4865806625245,16.335736513137817
2.9997082269711965,2.9993643527159746,17.995401566777872,16.673047304153442
1.7336269303434735,-5.12,166.59236635403917,16.967374086380005
2.3967858518964356,-5.12,238.76036532508752,17.313987493515015
2.999952813459932,2.9985163462963973,17.995166576126906,17.607905626296997
0.7538250178686079,0.2349684040280131,188.78976867925337,17.902979135513306
-0.7948390543710397,5.12,126.14731984022592,18.238778829574585
-1.4651205238861,5.12,253.07228303556485,18.64058566093445
2.9999607002990176,2.9984751303096298,17.995210139224852,18.987650871276855
-0.23176693476576293,5.12,141.9401231843484,19.3280291557312
-0.5476580002358364,4.303719279859485,347.4875691374456,19.80350375175476
2.999916009931,2.998662730451401,17.99501808422957,20.146489143371582
-2.9332200265658206,-2.6144692896061286,199.34487085711078,20.516881227493286
5.12,-2.580969290578929,247.31458522862434,20.893575191497803
-5.12,0.9806348999188144,55.018503617739285,21.320347547531128
-5.12,1.261879359776696,162.36697004138395,21.69875407218933
-5.12,0.7689467331832294,142.03233131255445,22.094361782073975
-4.898610541018299,0.9955980966612525,44.64037354609667,22.483038187026978
-4.626305681389624,0.9887426677843392,192.75856832438467,22.847044944763184
-4.9976734375526,1.006527749857299,26.08462230640515,23.23522400856018
2.9993173469627203,2.9998269650017813,17.99584534478379,23.68443512916565
-4.986372170464528,0.9541462497184101,30.262341430055343,24.05322003364563
1.5300000713666062,-2.9381508608489533,216.65866949632027,24.467424631118774
2.999476518593867,2.9996972045685206,17.995764602261957,24.848085403442383
-1.2711318256621276,-0.5125835452648513,314.804659008385,25.239515781402588
0.6690837093808524,2.126672874711576,183.68593900893046,25.63341212272644
1.221741090481478,-1.278426808748331,203.23085220009995,26.029963493347168
-3.021915979795911,0.2326464627186411,99.25074066874515,26.473443746566772
-3.386816157180942,-0.07658972700707789,198.59449159265216,26.92931866645813
-2.7106951641326433,0.49496224483847406,331.98845470440614,27.49128770828247
2.9994658948200295,2.9996164644428935,17.995348047236703,28.005996465682983
-3.0662294872422176,-4.234696369370379,126.2677458199971,28.65083408355713
-3.127077421327453,-4.922825177069176,75.75913073857906,29.218012809753418
2.9994657004944676,2.9995725483980182,17.99515413246219,29.792000770568848
-3.400786135085082,-5.12,246.07392748671285,30.37529706954956
2.999478898567424,2.99946579480143,17.994768035888868,30.928057193756104
-2.9247866759500996,-4.804350534588193,109.10687482809196,31.54151153564453
-3.2181365858057456,-4.658288688183285,266.6565836665326,32.147831439971924
2.999111546455672,2.999942347499988,17.995888827156136,32.78869605064392
-2.9637240143732884,-5.037800100314978,39.556638121860345,33.41385293006897
-2.743694595799919,-5.12,164.80616327739892,34.1230742931366
2.999367334899021,2.9980982780010637,17.992726476704547,34.760629177093506
-3.0492637625599444,-5.058279206828014,46.26639094624417,35.33424472808838
-2.902724005731239,-3.8502839174998327,82.43191930797727,35.899529457092285
-3.2623742975004664,-3.77627139513422,216.23853606656962,36.47833561897278
-2.678664661507425,-4.017664291605648,167.26774346402019,37.07658934593201
2.9992592381102705,2.9977145978128616,17.993241667649755,37.69571399688721
2.999364300704939,3.00006029279261,17.997352831572513,38.258209228515625
-2.732676832243416,-3.512111394936287,330.37603084885455,38.82838177680969
3.5683991009943723,-3.728952664855405,330.730879625886,39.40001559257507
2.797762883792954,5.12,131.58314919097478,40.07241439819336
4.681047691280685,3.0889020186248226,188.63446339204475,40.670902967453
5.12,-0.01315679330182995,53.65920391158491,41.35400748252869
5.12,-0.24381291702265617,149.4905021797475,42.014808177948
5.12,0.16706369152567646,103.56163991512696,42.6934027671814
4.8965964585220485,0.003932789051677155,44.380887764001685,43.37115836143494
4.643939998466055,0.04842020837534822,187.97642784147814,44.02415633201599
4.994986694307593,-0.009362749898188305,25.17257280141422,44.68640494346619
2.144544543671384,0.9719493869288094,45.57632031345188,45.55415105819702
2.3533299353949175,0.9605940986862462,169.96864085343748,46.35015034675598
2.0122598825977427,0.9791930925839392,6.157899882875213,47.217650175094604
2.0069138628819383,0.9794873660474082,5.910854246323439,48.04615569114685
2.0004858929397207,0.9798426401818112,5.763471752112295,48.957552671432495
1.9965615900339682,0.9800612551755394,5.753827761715357,49.89977836608887
1.99625258316492,0.9800799129397584,5.75554905972362,50.78530693054199
1.9962352882708139,0.9800823005824668,5.7555538547031375,51.703617334365845
1.996196942849199,0.9785614245351404,5.876800408415647,52.66415524482727
1.9974670058801927,0.9850423832286639,5.414148411880106,53.63862133026123
1.9974055651287559,0.9949132064672401,5.04383940907347,54.730764627456665
1.997498580763903,1.0015681426497283,5.0103440601108815,55.831849098205566
1.997467223366142,1.00271781612072,5.022560739028336,56.87089395523071
1.997448043150598,1.002825974812528,5.024077054879712,57.85478091239929
1.9974250918411602,1.0029148322005472,5.025402718334718,58.92618989944458
1.997392867044467,1.0030040244646976,5.026824514307108,59.948678731918335
1.9973331125545837,1.0031005289166481,5.0285642533207096,61.03814101219177
1.9969572737861219,1.0032261132230715,5.0331188345256095,62.13575720787048
1.9990548585043397,1.0030357178040932,5.022254541317707,63.196478843688965
1.9956349543370706,1.0034488680692473,5.050554749918589,64.27489614486694
1.9997981091100625,1.0030748260627034,5.024094004424015,65.42190551757812
1.9997491592016035,1.0032491855036811,5.026468195654829,66.56804037094116
1.9996710658566599,1.0034524500095392,5.0293418164126535,67.68926906585693
1.9957268372527128,1.0040640941960586,5.059712992593219,68.85999488830566
2.0002900025964427,1.0032838808583344,5.029190407623091,70.07156324386597
2.0002602135689633,1.003510917648473,5.032539373541255,71.23920774459839
1.9960646403477336,1.0047967136392337,5.0698725943877605,72.46606159210205
2.0006832194106616,1.003068918919416,5.028392333825806,73.63755416870117
2.000696243292067,1.0033528911533542,5.032649107220124,74.89643239974976
2.0006587981580255,1.0041334946025708,5.045500489227919,76.11691570281982
1.9969025870974475,1.0060756057504738,5.0915996645916834,77.31507110595703
2.0002176314874927,1.0013036115942429,5.006927456305476,78.30218291282654
1.9231491438404564,1.2459883258881117,114.16396576487537,79.24279570579529
-5.12,2.9401978183498327,68.93896843011345,80.2006721496582
-5.12,2.5181341764583616,259.01011831135736,81.15221571922302
-5.12,3.2319272473703764,152.4318338968015,82.12151002883911
1.6872037697785993,0.7055518797312121,269.3506514273528,83.09820771217346
-2.9525813329025827,4.786220122534652,113.46948570024672,84.06696248054504
-3.596000254964234,-1.5688721911033707,388.527894719651,85.06817078590393
0.8129705407640451,-3.925609449478717,88.25616596471247,86.17189073562622
0.3668554751606026,-3.5888952997004546,364.8186016216192,87.18874526023865
1.1072614771621998,-4.123849345032664,68.8754560864891,88.24042296409607
0.8019762792963068,-4.325314921310884,232.84653544167907,89.28275728225708
1.1825972009844516,-3.883582900736759,100.96567033896159,90.32875895500183
-5.12,-3.4450712150188494,259.2892774810489,91.39022731781006
0.3002102153190336,3.1476549995210705,181.0610347087952,92.46166276931763
1.5295175118134816,-4.209405716339743,293.11311681876,93.52317380905151
3.7922356767312175,1.38046680642326,263.15699299109974,94.61013913154602
-1.9425555737376232,-1.7946275490434114,85.76316161579408,95.68963384628296
-1.9001449782557938,-2.2644531331323416,136.85178502508876,96.92137885093689
-2.109453446381896,-1.3916829125891224,206.83782763520873,98.06205654144287
-1.5088024894115533,-1.7941275861989374,277.97016529875583,99.22457218170166
-2.236665914721764,-1.9417515989900545,107.02766504820676,100.3945882320404
-3.4886341698254126,4.273997147171211,345.20351986770777,101.62170457839966
-2.6109444747121224,5.12,236.80627095637314,102.80921936035156
0.09339490533878347,-0.8507753671363494,58.28987141098179,104.02993297576904
0.07830315160092738,-0.5221723777068652,211.1706510963682,105.244295835495
0.09425249147272474,-1.0876574091238993,33.00844428002404,106.45134401321411
0.28623961410565624,-1.0297608991451668,125.45934536131251,107.79198789596558
-0.05067211817998807,-1.0409246119715645,9.399581132383489,109.0491144657135
-0.06659498093154959,-1.1257296980746587,39.51310597806129,110.38507509231567
-0.029117071896322066,-1.0002830981802955,2.670407598640182,111.79898357391357
-0.025703712048512628,-0.9940392637683937,2.3602002094669103,113.38079619407654
-0.024244448602702917,-0.989182712353621,2.3679726555282485,114.94548487663269
-0.02433673047363083,-0.9891150372968847,2.3795552027786044,116.49693036079407
-0.02291363829065407,-0.9898875506435436,2.216779167883658,117.87909483909607
-0.015811027826238444,-0.9927335398580439,1.5830296552571497,119.22902464866638
0.0016408476968630126,1.0856841058289026,15.329423459412737,120.61441922187805
-0.08959088600011889,0.9561637691281177,20.12122310981556,122.13426089286804
-0.14312170955544445,1.132750265144657,71.89981442814491,123.57484841346741
0.06386497603542818,0.9926786570865671,9.038922225936702,125.05243420600891
0.1458154217341754,1.117065295447321,66.23737068909318,126.51938390731812
0.007207459651351833,0.9790592166767329,1.925480227291473,128.10738110542297
0.01086885022173778,0.9573073005194574,4.725925536344377,129.52447700500488
5.12,-3.8105354402050367,130.7126693312313,130.93700790405273
2.2245170838990047,-1.7269085616599957,206.44555533842745,132.31536102294922
0.6586144018589994,5.12,208.06701914181636,133.86105394363403
-0.006248491223536767,-0.9969988571933266,1.0888832258603713,135.33006262779236
3.4681681617333533,4.466034802117959,427.7116549156691,136.78913974761963
2.0972421223651763,5.12,75.80792977582152,138.2338445186615
0.0036940764662451997,1.0000752629635228,1.0271106707903073,139.72014474868774
0.0034935778941216356,1.0006424174628057,1.026202996884649,141.1711187362671
