3.37959609564784,0.9311484957713558,2.8387766636639835,3.443823879432233,2.000996389140406,-0.5117943967588898,4.065682022624816,4.256355571724449,-3.6333895752189775,-4.7148429264840805,4.161001070940395,-3.249022321087095,146.12173880006225,0.0
-4.011289415236928,-5.117372475444382,2.3471537003011855,-4.412197869317084,2.9979249226277807,2.08142459714173,1.9294650818506351,-4.569237556330979,-3.256860731755606,0.7441677019349617,-2.1794064281301035,-0.7815061995744319,130.9694230320814,0.0
-2.17089296639358,-4.346914954465719,-3.2630682042033605,-4.825016182808207,-4.742034851588139,1.9972912855942022,-3.170100870110782,1.675162439897755,-1.247553143396952,4.717727165131412,1.896198890215607,2.46467006076578,141.46400721145486,0.01562643051147461
-4.921084597339641,0.5440253875091718,-3.899429490324985,-3.6607928369924387,-3.5556949624404135,-2.9724218605153543,-3.6960210207926636,4.529233104956034,3.705281392685822,1.6752114531224747,-3.684638446616127,-0.1281035138522748,152.41470058654912,0.01562643051147461
-1.3939025276104071,-3.3685113385951633,-0.11569162249141929,-3.0320343664270966,-0.5758814413212914,-3.708340508098854,1.8053972077217502,4.391879822024323,0.7618599013502969,0.08144361013019097,0.9665800933091955,-3.920073034631897,86.53607102450384,0.01562643051147461
1.3988263217037353,3.887936199496221,0.7035530048571514,-0.5854325688777067,-4.969254256801288,-3.152085371375468,0.5337517428025365,-0.9090824469709826,-3.990342555791385,0.5910437880893173,0.5823668782851232,-1.9988898586607986,85.73689989634377,0.01562643051147461
-0.042959947166758994,-2.5049490061022874,0.1584923301295369,1.3504450193101283,1.3377518180905836,-0.4212792273907704,-4.264757644953217,3.7325753162822624,-4.437462201389153,4.7255820642089565,0.04176991678571529,2.6128243669626627,105.62131797154765,0.01562643051147461
-1.392082888244608,-0.9746491612122545,3.2347318343986204,2.2362436504684355,0.7056123854963099,-3.131545124630054,-2.470117087680771,1.636096253118474,-3.1565368399388145,4.416623906509238,-1.3422630049879656,-3.4129213677641577,94.9142234613099,0.01562643051147461
2.5925823645485355,-1.8259642229532669,0.7899112027451078,1.6778559873157288,-4.02886104274977,0.22178790556105987,-3.7333485117286,3.950874763559253,-3.0072385516113807,1.5965376268040732,-0.556722462954439,-4.9970119314668535,106.5131466503795,0.01562643051147461
3.8789315749286457,-2.654860307653259,2.271847824581668,2.6192232045786765,0.21231472333697265,1.7300578621099216,-0.42088187782454867,3.0892011965595243,4.671322919050389,-4.744101657158755,-0.010053119972032398,3.6876841441624864,117.32643470096451,0.01562643051147461
-0.3223161368553109,3.385501637164423,-4.546000605501107,-2.1575437106133193,-1.2440203886418324,-4.312926355070471,1.5319071077216213,3.3622353231954536,-2.8893830681473895,3.511824171708205,-4.6523955890059225,-3.784712126304597,143.50212429691902,0.01562643051147461
-2.6586834006429156,-3.5048835264768727,4.097191066879675,1.680287972047557,-2.8928361508681415,2.631790844820971,-0.8419906559792336,1.1464107488451774,2.74523747326639,4.781259346173171,4.058793647998821,2.2172089568862967,118.65495042511247,0.031255483627319336
1.1000885224054686,0.4972297487219235,5.03038448490785,-1.9805424209200586,-0.022629205125346274,1.4787298625128669,4.780004877618226,-0.24420066464188483,-4.4205161743333825,-1.7973975356818865,4.885520972672928,2.8910799929252553,119.82971304637178,0.031255483627319336
-4.389422943145515,1.1370853295888095,-3.669588090580983,3.7188341101619615,-2.7329242118369526,-3.3764468335583375,-2.5388646042898606,-4.795963845005262,-1.0660382918324025,2.677304973305543,-4.6119269875651305,-2.5433883488044233,147.76825295990545,0.031255483627319336
3.6492149495521273,-0.8082958899622099,-0.16843321309306525,-1.617731487584952,-2.0859487779535524,-3.2163863324240842,-3.928269735803525,1.8373555972811957,-3.3661796360995866,-1.8207793394635288,-2.509194368032981,-5.041457862324213,106.73923009468294,0.031255483627319336
0.18372540898162182,-4.768116361721069,0.5129557320634399,3.205822536034815,-2.147183870405706,3.2385656080737837,0.10944834902729461,4.698412281059002,2.52041898895072,-3.4896624681561454,-2.4522819616778446,4.387709742944971,129.07371326416452,0.031255483627319336
2.445569807520932,1.3729827297728185,-0.26286692783714916,4.515192955732654,-2.735488199857792,0.8035348367952686,2.436256837253141,0.40600662302949164,-3.557257653419781,-3.015588570298266,-4.1479017826863895,-4.898503717834128,120.26676881702112,0.031255483627319336
-1.40121524018251,-1.4218001775056206,3.919741997113344,-0.4515947264403737,-1.9531472982548936,3.504840563971876,-3.3359931338403612,-3.1033566050554167,-4.235266838369381,-4.528537778101173,0.27824325938130823,1.789082381471915,112.49420754746676,0.031255483627319336
2.6017481620304848,2.0047617248117824,-3.558337873192297,-0.23064402736673806,2.6613610657455338,-0.8404857736203031,3.9094708571119225,-0.6171202011776824,0.6300316199442282,0.6439977197413578,4.062178046905319,0.38932817757267113,78.07125468152655,0.031255483627319336
-0.46978180258772007,0.3727820081243358,2.9559841943044036,-1.9407783589160004,-1.6235431006320464,-2.3645764107028406,-1.4239642072256227,1.133378329487999,0.6178977833205792,1.774666708657393,2.7295952210430645,-0.1411684911506521,48.86262713194811,0.031255483627319336
1.8468967612893676,-4.318487244625877,4.1487680577643635,4.336628113861797,1.0824364361990648,-1.165996962392633,3.274073929218262,-0.4860441238295108,4.804842645482837,-4.980031818448595,0.29044675547091714,0.4534636322733956,131.16565419414238,0.031255483627319336
-3.4641332144679717,-2.2597065128437435,-4.861611547210193,-0.7706063798337999,0.1804727907562853,1.2952275233379273,0.9987013613552467,-0.661087178969396,-3.259060718481437,-0.6213495893088741,3.587639066164388,2.942384052406598,89.36229620206059,0.046880483627319336
-2.6028377010023935,0.7689577297938088,-3.3099526374797925,1.5296282427102037,3.8729549988811547,1.4823039456230847,1.916896979053928,1.917576784040075,-3.938253147930902,-4.372183042299287,3.1826041644533687,-0.6501805146405628,102.92287541873581,0.046880483627319336
3.611603629760583,3.8018006689289328,-4.643270275560692,-2.5488272727254193,-2.176923855036642,0.3786217621574135,2.4291609457346865,-5.096947515069354,-3.4402843532066467,3.243810099551811,4.502049896139314,-2.470119037931517,158.2989088446778,0.046880483627319336
4.634395296419652,3.868591493421536,-4.788157680971114,-0.5976296816458069,0.22853913264848735,3.385417020963575,3.2980219492368006,0.4901458400176715,2.6360857046037642,-3.4797524987657527,-0.08039673477633169,-0.9461797235024063,116.62565112401079,0.046880483627319336
1.0580331299206618,4.109783748753418,-3.314741068545604,0.10770769710950745,3.4238294946435994,-2.981667489646577,3.792477096574557,0.4625330845834714,-2.9324066469814234,-2.2283383647627257,-4.71528947837665,3.89686591670615,124.08825126591165,0.046880483627319336
-3.805360392294948,-4.990406736391917,-1.4385586262609142,1.7215527002982807,-1.1408720105782089,-5.036477551014377,1.23193048774145,-0.27920256515390296,-2.363988306742468,0.8440228335455755,3.873862250865069,1.7434395122795818,106.69460674896006,0.046880483627319336
-0.7524914909233829,-2.3342147000265454,-0.9561379861134904,3.0260403142932946,-0.4650722617715637,-3.272390509916232,1.9135939377046105,1.4421365873512473,-0.9609948861095354,5.082967668475569,3.509709588736741,1.7734584059608878,85.72451383789551,0.046880483627319336
-3.4497783730685465,-4.357821383594728,4.611858581448165,1.4812527168652352,-4.383742099780603,-1.8456052065887496,-4.614124034793762,-0.5238176534098322,-3.3489180675546146,3.3363354594445704,2.9579243499173353,4.669757649374048,169.31732288397336,0.046880483627319336
2.82651966389441,4.647610404226909,0.7042726162208028,-4.342658957185068,-5.088410324420121,-1.4679828157926402,3.265114147259985,-3.644259197778589,-4.20036591005635,4.008186997259865,-2.7509367956379567,0.38401835771168535,155.60327523171458,0.046880483627319336
-0.3460098605708408,4.741907371816361,4.223216495433463,-4.085270068947677,3.5175502746652976,-0.8711624738627242,-1.8110950662920144,-1.5837993111681095,-4.456506489203175,-1.1973867707326558,4.203105268761569,-0.7081616398167494,128.50539133243697,0.06250119209289551
-1.4702617166299903,-2.921159205815986,4.213077922097342,-4.097828157623178,3.7626350011354726,2.179206263480869,-4.323642903724481,3.8248615104261505,1.3687026216423757,2.096738286493011,3.9267879241184565,4.896052625379272,151.8344754132264,0.06250119209289551
-0.9168600818807962,0.306308361556594,-4.952422436565197,-3.1940822882348843,4.837768497901952,-0.719661518376637,-0.38628282824449567,2.1979687476395178,-4.503708895686291,-4.032775717031078,-0.9226233612717287,4.102573078151084,127.41148235607093,0.06250119209289551
3.828813430072306,-0.5581766798647338,-1.465513707441874,3.4500840540095714,-2.617110969902554,-4.80489275605722,3.4831081439562466,-3.127015158078848,1.2166376186704069,-3.236834355185416,4.811841948156634,-2.4356851624661595,137.24828752095937,0.06250119209289551
-1.5274587469161762,0.2964126064468786,1.8491377186556468,-0.602784335410874,2.2543186748934696,1.6714018897231924,2.4535016053171415,-3.4472498325366105,0.770416717862946,-2.8717831535093885,-4.814174623297,-3.5845849868215223,92.3898992110583,0.06250119209289551
-4.138734818615258,4.803451230429309,-1.2604154634735987,-4.383477811704965,-3.2863618279215103,-0.552919069474604,-4.553409537418315,2.835305982153871,-0.6224637421271249,3.2278630282148297,4.099363920092503,4.619177581980826,163.77440302410884,0.06250119209289551
2.6452960812913364,-2.78226804362725,-4.838682758133419,-2.892667715964579,-2.4108367722953514,0.9855598803222065,4.090125017369311,1.443672954380629,4.546323214885631,4.011578750339649,0.7509416222142287,1.3921138455088142,123.15858496714475,0.06250119209289551
-5.08949759963072,0.8464289658684425,-4.168896210127964,4.80277591988076,5.101836510062797,2.9880654644746096,4.651648568917875,0.7154854850414143,4.22441858095904,4.53763571237316,3.4680458236658174,1.021606118130384,185.24720827125523,0.06250119209289551
-1.7716205001257816,0.5764831368182399,0.19138399297038156,-3.989732525067744,3.7133608749994282,1.6334327860033628,-1.751523845272216,3.0024843407750774,3.6589687027163,-3.5253358278108937,-3.113963875957923,-4.088896655781518,111.40433632160347,0.06250119209289551
-3.8697353884794845,-4.974368236639397,-3.669765761256121,5.067341865955732,3.7882374383338524,2.876672151774132,2.5946768751342884,0.7409318023402545,-4.6744711737554985,-4.017942497146753,-5.1105203904556005,-3.749916251584419,195.47442896413617,0.06250119209289551
-2.5294244208804293,3.925797613370114,-3.5821030533401323,-4.734519945452587,-4.641624824369505,1.8331103278493464,-4.112548102424691,2.890378476312388,4.339216798175953,1.3225669341697799,-1.3672655650520533,-0.3385989642230154,143.61882382209262,0.078125
-0.4147402238276783,-1.9881497887420125,-1.7563714646539137,-4.514256036783504,2.775540457914725,-0.8909484916504091,-0.638498511610373,0.14048983155234218,-4.664514474474827,3.8896109808498567,4.0951957988711625,-1.4452387017387007,104.01093126023031,0.078125
3.3356178125303595,-1.4512428080820556,1.1267035439746689,1.959894729595856,-0.1548942692171149,0.7782169822926486,-1.011906271375711,2.361086355392411,-1.2239797909853092,-3.8251914814062795,2.216205608740596,4.9691629306337814,80.20027445602443,0.078125
-3.3435741694000294,1.3832199659511346,3.875120103873022,0.02342627730097835,-0.9386507506059809,-4.1098193366700375,-0.432039779879168,2.140230036440771,-1.274543472721287,-0.2454681966324035,1.8402995448295005,-1.4211464933073108,68.38389220772761,0.078125
4.742167893657434,2.0074834563188464,0.15615929210364943,-4.031561187194135,3.420335964346285,2.382803271546818,0.47111557589265995,5.049835074849603,3.0024328560056714,-0.9924904486259436,1.1579958778863393,1.7548751614587772,108.90390395560675,0.078125
1.9976149156664587,-1.1308702264910204,-4.71074150439777,3.2931808349605083,0.9145972127390918,-3.130851951794135,2.873425509033763,3.35131107929863,4.896860443280526,-3.232141097704204,1.309081679159899,3.7179070815559703,127.23434057938206,0.078125
-4.385626330560598,-2.657070143004266,4.981302146350232,0.7723604423313777,-3.750004789136894,4.60660697238889,-4.945835829749952,-0.4939281480942572,-1.8885139733989385,5.079934199487748,1.1533119483615089,-4.826840763747018,176.02825422025873,0.078125
0.7346927984354403,-3.2954233199943026,2.0798977238111016,2.685563710437541,0.5368429444752651,-1.5707985110633937,-2.5621246555419255,4.002593782572668,-2.8173520473027938,2.9081126352613227,-4.76142645843041,2.9572383359044396,107.5010288411486,0.078125
3.4531680344457696,-1.163817012241814,1.6731183565182315,-4.497377516056104,-2.2857308024866136,3.147024602324435,-1.124545846693425,-1.6375408399520968,2.09499281178189,3.383962713855664,-1.0532103814376947,-5.0545484620816525,109.37506105115106,0.078125
4.662309899257093,1.8232810956422627,-4.824468784681221,-1.3712274832535631,-4.9734103387253255,-3.359700521117985,1.4248589507775522,-4.952376528425037,1.2634633979832062,5.034319941720351,1.086421512400709,-1.2914941026536773,152.99739995770747,0.0937502384185791
0.8037624080863894,-2.1178205582812195,0.7750486318657419,-0.7759729886039901,-4.733530435810446,-1.309043986954178,-0.749986262929105,-3.4263435628494436,2.587271833707817,-2.2581510062062065,1.2254836694294955,1.7930907069174262,71.72198320680658,0.0937502384185791
2.1015975366397415,2.322375333866419,0.6603949632773585,3.6532276201335803,0.49078912074351333,2.5880055970950826,0.4204387481105494,-3.9688714667096754,1.443211592410008,-0.7573182804418463,-2.4253579929600604,1.93557297806458,74.09592759617566,0.0937502384185791
3.8078698765547285,-0.821223444844156,-0.9467638404927374,-2.5876683402898832,2.557140410807354,2.3687722609523467,4.339027746604768,-3.251389073525514,-4.681247136775557,-2.4236472538317204,-4.314905285401885,3.7942203843651923,139.81984864707889,0.0937502384185791
2.283383936647663,2.6088051860723027,2.423742423690485,2.9028154059443283,1.9718659704784285,4.910203719227316,4.979336743406512,3.9680389267140095,3.3266530000857903,-2.2583773815032324,-4.840797753944861,-1.8915841850859199,146.4860031930044,0.0937502384185791
1.1776116854495946,-2.1221812029971905,-4.937732246689697,3.1488290830796997,-3.3375865842761208,4.858363956319587,4.471557999402292,-3.3374068353833524,0.9748082740241966,4.747245064853087,0.23527668849100003,-5.087955678853025,164.3011534541207,0.0937502384185791
2.547834752277371,-2.115959516710887,-5.096757756264764,0.8308892009233668,2.8222231503264403,-0.2377388633808284,-3.5836410984470546,-0.2503533237495734,2.224893348433268,4.5386514069493105,3.8642206045694065,2.8366560354636574,117.98250601890282,0.0937502384185791
1.9847431071461994,-1.4145823591707316,-1.343895075551556,-4.183061825632717,0.19345998511643892,-1.8367828215159712,2.5401745400682563,-3.829995207383674,-2.2090743709340197,-0.2647509668048622,3.6704270835718633,2.640487309432297,87.7559945113774,0.0937502384185791
2.93309291773983,4.78072461797609,-2.5189851114011694,2.3678353168063984,-0.3037574144614714,-1.2274643492226978,0.145279266034259,0.9457446756411683,-4.718180095063535,3.910828370873012,3.6601551898991653,-0.2114106047442048,107.76736940139332,0.0937502384185791
-1.004046994048018,1.703907559888652,0.6657124970306425,0.009898952057329602,1.7113807400087842,-0.13396392765046272,-3.159711874565855,-1.917387186440478,-3.4663616025169004,-2.4255609827629323,-2.001664298544352,1.3112855035427957,54.79424763714463,0.0937502384185791
-1.0667588202079497,2.614520569120712,-3.5162956285115614,1.1184910788724798,-3.0703873976550535,1.1352801229237865,-0.0001069832597693221,0.14323515404301013,-3.5294140056295644,-2.0713712321045747,-3.75695539813678,-0.2756138438716107,72.3748418207159,0.10938334465026855
-1.6106692891493952,0.27302671977279847,4.671900493318616,4.8444898317839025,-1.4113741170770497,0.35599463668796627,1.8658219756879202,3.986254714057833,-4.212721789560586,2.311941178429379,3.3457138618635893,3.8596724239622704,131.34416431054598,0.10938334465026855
2.2179084869822203,2.0852147479279557,-1.0658754779241386,-3.1768740956151538,-0.6405268002759366,4.42432677364737,2.4850191936662966,-2.6331937713338034,-3.9934109432531955,2.5072663135689934,2.7965945547708646,-4.814468523431145,118.9106817433051,0.10938334465026855
0.6942981965565558,-1.6797654782707654,-1.8773066257278193,-0.04675932117457915,1.0212188879106447,-1.3311803365190422,-1.9462364389254794,-3.264681922231764,3.2107159864976866,-0.3620804852283852,-1.9010368124710686,4.772819556312098,70.11329511188002,0.10938334465026855
3.303494556291356,2.003702276196929,-2.9924268618441245,3.030080357362091,-4.198078983585409,0.6554276857317411,-0.7924028012119058,-1.3593984182878973,-2.284051170821779,-0.13769259751839513,-4.812460196717798,3.219511549904909,101.30468805409748,0.10938334465026855
1.6412694661949994,0.0032343288305742846,-0.35174816012968524,-2.845033942168478,-3.042937614685204,0.4091708888776564,2.007604840178015,-5.1021124099925155,-1.5655864524710084,-4.525786822021468,2.6473750967713086,-2.0429232772548613,95.80049452338007,0.10938334465026855
-4.646865197249918,0.6572897693048203,2.852222922471939,2.690839517301895,4.693266641615232,1.3478126354930309,-4.686842134054298,-1.040340245647057,-0.4395528343011694,-1.516343337524475,3.2975040552411867,-2.286626137114832,118.59560591198367,0.10938334465026855
-4.5736843744415765,-3.0683669809459557,4.150730733749032,-1.2056155145577185,0.8239607642555224,2.283633527364131,-4.771580797815339,-0.6586054185783956,-4.477642859286478,1.8284327942746845,2.0089675768770734,-3.9426073523051306,130.96254334052134,0.10938334465026855
1.3673325098306721,2.444571196655077,1.0349832964401573,0.8231538782869157,2.179144926517332,-2.4488859853848095,1.7608551487680417,-1.7887173804015193,-4.322813444895088,-2.3643068882289398,-1.3145751488724664,-3.9292005156771843,81.07713000458418,0.10938334465026855
1.9642545028309373,-4.212107731866485,-0.12333092895070408,2.310574282939853,2.6278832627945077,-0.5889454701668786,-1.288587365316967,4.2364586795618075,-4.4604648568038705,3.5041579874693065,2.011439908263541,-3.656806196346082,117.07539018146134,0.12500667572021484
-2.1137624909770767,3.621334954990938,4.7594220419943385,-2.4515823200950715,2.817699843065477,1.5759141267131689,-1.2210004213714778,-2.90371222367832,0.9679573069839229,4.708341277629741,-4.774301800783454,0.23194270970927278,123.89147038604773,0.12500667572021484
-0.21117031951786647,2.5569012375714957,0.9180902030160709,-2.203238915449303,1.1346221799750733,-1.2962862964623052,3.4857553801172374,3.800790952287989,1.1941287642778384,4.868163441735496,2.5544690809000112,0.8740661020965339,85.31811972522723,0.12500667572021484
4.347656214612715,1.6875934212792663,-0.5304861565818673,0.7829607585725045,4.731019902405328,-3.748670062442306,-0.3845319857327274,-4.630668142696092,3.844634666738501,-2.5955283426276816,-4.738082491301915,4.634918640927043,162.41298076139537,0.12500667572021484
3.6254121208240067,2.1825603117054087,-0.7230931613006559,3.3374006611824223,4.329052767704597,1.3418803599252707,-0.106401825661111,-2.582637109227537,-2.953708942310348,-3.6458420084433403,-0.2849088123640211,-1.7270785900586172,95.97342525601839,0.12500667572021484
0.6857504254114879,-3.8410258672413455,-3.79149507563523,1.2565638958507552,-4.6792234752503825,-1.5680624311763398,-2.0525988628508394,-3.0650510941941396,0.5213009836567615,-0.9452626105241047,-5.009564228199791,2.937004551165928,113.26715158110012,0.12500667572021484
-1.4407278221690256,1.9093967735063186,2.588714907987848,-2.7380230314856098,1.0694765342457062,3.0505187937389246,-1.6520800912407543,-4.698714599652951,-3.611953259510568,4.890774902270482,1.5925252952405913,4.594929477205558,129.49446557073284,0.12500667572021484
-4.980532285749514,-0.45572504472244635,4.6805022588859275,-2.88727973387682,1.020616147741701,-3.281242338892633,-0.9160202437796041,-0.26637507335959754,3.017363899036817,1.4950195436070155,-1.884383597463731,-4.75461869002254,114.77547617627978,0.12500667572021484
-4.583409716270433,-3.783554341961076,-1.0616336508910962,-3.5372477859670513,-1.9841001450605682,-4.031658250203289,4.479320593143265,1.4686987272597802,2.2914707416471334,0.3234212538149155,-0.20320600696589342,-3.0930281241813766,118.6172655210102,0.12500667572021484
3.1970942557219084,5.066951964355693,-3.9189891529034457,1.6465452940430234,-3.452354274829468,-1.6783384244940698,4.386299248915864,4.171646364300947,-3.0403781582031852,-2.8172577067315636,3.4087987412193206,3.8717968700053076,160.07017722838683,0.12500667572021484
2.1933448471208434,-4.18305587531693,1.8906873340093675,-4.0910871229114925,0.34093348256045,-3.0325603901221085,-0.5678807657264766,4.863419257952384,4.933468107067301,-0.7760856658768995,3.5202657935300374,-2.675835670950531,130.21381147160437,0.1406254768371582
2.3355609539093463,2.7625903343246936,2.472503796546264,-2.2176936167481034,0.27046792131202047,-2.303529338697683,-2.8038633826424673,-4.895874931759587,4.3341507516404905,-0.4986405203473323,1.8992549650861932,4.468652074492856,118.16649219782414,0.1406254768371582
-0.26542296973772395,-1.4072462978388187,1.8333523803207479,2.268828405685144,-1.3224575257575548,-1.387680496219121,-3.1139112814542167,-0.5283137476177213,-3.888925853305584,-0.5249326317517946,0.6645368301746659,2.7790135686220268,62.30535373172658,0.1406254768371582
-1.4793477935005632,3.5713804468200943,4.213891689453594,-1.6606819283403156,-4.317730230907414,1.936722120824978,3.9621626607000886,-2.448046133283535,-1.3466816625487645,-1.4424879101964878,3.408858646823149,-3.9322201416472433,125.62243014553182,0.1406254768371582
-4.630891574760837,0.8073378978347838,4.296877255633302,-2.736552796674593,3.6452769232849596,-0.6953147338520687,2.6132923202179352,-0.353887775305858,1.1439603992225287,2.030634088300772,2.9186523765963193,3.893752745825579,109.64527829809876,0.1406254768371582
-3.312469125078037,2.5084798548049525,-1.2697344599061129,4.904982449007982,1.5891205115141656,-2.8497764728928017,1.8124231924049221,0.64471078286227,-4.004740538321608,-2.6548776207162925,-0.8473074610098879,-1.802208791239297,96.17270762731356,0.1406254768371582
-2.5527203755995784,-1.4455335265111744,-3.6820243385077718,-2.298608278817636,4.525131714899529,4.42690899037325,2.8272400882097513,0.339296421162822,-4.473298386732658,3.3216183424454124,-4.616359705609671,-1.606602604309217,150.06651233428695,0.1406254768371582
3.9240484786414074,1.406844420614278,4.2167733572767,3.8452117911394224,-4.28343639671131,3.440543358178206,-3.523404079631483,0.9006844286782325,-0.8440091526883275,-3.0989518817901898,-2.4568363308399896,-2.0515881061069328,125.05368163130201,0.1406254768371582
-2.8943514830449475,1.5627595855640255,4.525347612195847,1.2901832899703543,-3.0605672046160803,0.9203821863951145,2.1090620360268275,-4.274682593807099,-1.5476440273100143,2.033252628903327,-1.6233329234169567,-4.277054615978577,105.16374585377352,0.1406254768371582
4.244013352362516,-0.2105488273124667,1.9989993238486612,1.6082236569751895,-4.31040080995516,-3.5817857923595793,2.808317559126788,3.496429175704699,-2.644922190177857,2.9662569231662124,0.09662165147658719,0.7989702672029226,104.48969842217787,0.15625596046447754
3.1131035501039532,-4.667826171316503,-4.849732947705226,1.8000647849962172,-0.4577718729653366,-4.252947086989883,4.037731863503036,-3.11502402713766,-1.1986559514903767,0.630982571505152,-1.1514985342820903,4.786362232124666,138.27181008242928,0.15625596046447754
5.046427196153728,4.192155361900162,4.060402057341135,2.887056438278049,-0.2774692831142467,-3.5190552328805538,3.3437279027626294,-3.848706570417595,-5.071964624273451,4.012426752697999,-0.9329801132076438,-5.083673925539865,181.31904195585474,0.15625596046447754
-2.3589524718628443,-0.3709721784506934,5.0021131798257015,-0.022221596969637325,-2.2873935422214626,3.83270665443622,0.31198043581405166,-4.31187417932523,-3.5874649087449813,1.3250030356510516,-0.5613132400388965,1.2150098731598744,99.59362128839531,0.15625596046447754
0.0497475171596804,1.450485203740688,4.134051759813469,1.2283355902093493,-2.4579124491799957,0.6232501593327662,1.0970335886635771,2.4241760236633088,1.842292784276374,1.1154080895485734,3.56975794913006,-4.125896092599773,80.47370827901827,0.15625596046447754
4.806885894258008,-0.6242051605449888,-5.085354379531195,0.3311625921700223,-4.706822220280587,-0.44582988296510173,-4.763134788481432,1.7378892064485454,-3.7616761676286066,4.711345390982504,-0.2761707197964718,-3.1812175401598415,157.17587887990368,0.15625596046447754
-4.636214358191466,-3.21344348525819,4.0983522969402335,3.589517935861875,4.776789981096429,1.0725371951528881,-2.574072883783126,-0.3551629794141764,1.0032179050157746,3.9665611892706414,-2.3608305632687707,-2.8694150557355043,133.65144402654212,0.15625596046447754
-1.3394893189361885,3.6998444548297718,-4.809732282097064,-1.6197384875349652,-0.32922949213361896,-1.42463551898371,0.345575156174875,-4.765604570048022,2.1775130037862054,4.767999891529107,-5.003110204516942,3.8665682762426146,146.48543466149644,0.15625596046447754
-0.18978389566022358,-2.469309123992351,-3.535407858061637,1.1794552066995632,-0.3292597851425221,-0.6937200944090156,5.118655957727861,-4.3346224386709205,4.950025209744767,3.012760606219582,-2.03215117406771,-3.465794929464571,127.12806321884602,0.15625596046447754
0.2620819875628282,0.1976318583874761,-1.2610036833165252,-2.449923551731144,-2.6248686580635794,4.134269070907979,-0.04061467225457527,4.019069421711696,-1.1756062866612051,2.2701315062567984,-4.235345698926332,3.2364974999376015,93.13937190393615,0.17188119888305664
-3.0058360657155854,-3.096745844930732,-1.072849337575425,0.5606160011944832,-1.327984209061802,-3.3104455321980852,3.5444364198751375,0.5607936404386846,0.2892494224830111,1.77370600751573,-4.08056738806921,-4.668274230455591,100.01780764090807,0.17188119888305664
0.29052808243585737,4.5942324910210415,-3.9291239486545644,-3.1655127452149836,-3.889729346469676,-2.4815634999293192,-2.998513492180061,0.25689586369512085,3.8438189625648045,4.091003702374958,4.872865814963448,-4.353045493392272,160.64908686464867,0.17188119888305664
2.1181591431083566,-0.3858414692529948,-2.883731613903061,2.5039952380742188,1.7508288029308225,1.6758393337199031,0.8048586366335515,3.0743125928081527,-4.903313369099873,-0.7149091961194056,-4.916517185259075,-2.1182843600973884,97.68785913044195,0.17188119888305664
