2.9028897808909653,-0.8304931485921418,0.05072375050673106,-3.554128893853957,-3.0037898326871355,4.806670554451725,-4.891714634657456,2.7075560453075145,1.7281415249909768,-2.3048314074755463,4.833616245857175,2.112987268412831,129.306383475465,0.0
-1.125660276618293,0.13048200123034626,-3.4577218578719346,1.8087168385338952,-0.8529964850614835,-1.067722008739029,-0.4505293331945319,1.0651241887691993,1.552854369849654,-2.3919893313684275,0.5032356985054038,3.940688399021899,55.16268799885344,0.0
-2.62547296387293,2.131997982249059,1.788665376471366,3.717414236084763,4.214037147606349,1.0508178928513514,4.020432954790869,-2.7090306329989935,3.920509698662271,2.2418443408322775,2.690064858493293,-0.8925363453365618,107.99124171506337,0.0
1.228534611621634,-2.394862527046667,4.227679937260114,-3.3841088636019547,-1.0340074091539933,-2.445449245052033,4.939138949124648,-4.025052553212348,4.265063240241788,-0.5293611581264299,4.235943495402286,2.372928791742127,139.25878529604216,0.015626192092895508
4.709960346021103,4.5310353066865074,1.526727905827637,-2.244330322098329,0.22941223088715734,-1.3130228292131076,-1.1815955065444705,1.490037956513829,2.046879591701157,-2.010894750678719,-1.1411885170664249,2.2482078995900068,82.48599459622422,0.015626192092895508
2.049246923794329,1.801346504620942,-1.51667245162239,4.133717520847271,0.8171661417939795,5.116085737016911,3.6075170152013802,-3.126390468907184,3.2603382779091232,4.470851531758529,3.622608312563872,-4.3554098411409905,151.53665354035488,0.015626192092895508
4.549522133048986,0.7750375297674372,1.800427347184101,1.928502107073676,4.0985893102539555,0.4373405468745597,1.7648767106634011,0.8659502827532908,2.326462373547116,0.6246485741098482,1.6528422832108474,-4.450191844151295,91.08120795642469,0.015626192092895508
1.858387292900085,1.484638260927345,-2.748365790059949,2.8078572145891725,-4.791142526369271,-0.9283013083282254,-2.2226784185227446,0.5207469313985769,-2.3576253283880493,0.7101154808314183,1.7191319562370948,1.8315664757942463,74.75781310905461,0.015626192092895508
3.9781503839464607,-1.9414240012796036,-3.132666564721446,1.3372667771781126,-2.7450241679449228,-4.589847263611875,4.129260891400594,-2.7676825067904174,-1.1844888607060562,-1.6981506866756235,-0.389971138219253,1.189674304449552,100.68655216817044,0.015626192092895508
-3.928618713019897,2.304340997996767,0.7583121705066205,3.3014071270035936,-2.2467291121997275,3.091921441805199,3.318271220533215,-4.26525310467376,-3.766944999397975,2.859030373806994,-3.6192889976158447,-4.336484146506092,142.16001442427196,0.015626192092895508
4.936140343087017,2.092794011327343,1.3166438544821029,-2.2939949169926224,-4.027482741925015,3.2812085384965917,3.0667307253876226,3.5577876031961653,-1.4459749447781673,-4.472435829384356,-0.3388687432555155,1.4537947283766552,122.68397645988985,0.015626192092895508
2.335425812273331,-2.795223733968472,-4.526045425550102,-0.6209951425543903,-4.835496196042388,1.7877573121654686,-4.3642737711345125,4.855453903709246,3.947762151272449,-0.7419700569623142,4.221146758904676,-1.0383779548393788,149.56103205545705,0.015626192092895508
4.710884256984465,-4.513710834274597,0.9230563195515025,1.9108984276012144,3.232798627902695,3.412778139284476,-3.300005442064175,-1.5858064976029054,2.4596877152358516,-4.334628621652407,-2.032716318044257,-2.2592826713369885,130.62201961437103,0.0313115119934082
-0.6781177929216824,3.2472343633905405,-0.9146944848787149,-0.6266623233212529,3.1652719265583604,1.406201961447632,4.710580351267228,-0.7242267302217362,-2.0244465300025234,4.930939479208274,1.6042562637329354,-2.363416602045084,96.05648150725557,0.0313115119934082
-2.1267622461105415,0.743342712199949,5.073174172555512,-3.4843389753276126,-1.3768972979681533,1.0980084540741153,-4.319888888189468,-4.058220409662012,-4.5728899534540535,1.3962644823244146,-2.9039814405167323,-3.7940632362451607,138.301578419086,0.0313115119934082
5.089765966335416,-2.3068061085930442,3.4582572273988363,-5.079846699617125,0.29530986053085506,5.094955511511704,-0.9092966176344488,2.8487377257333337,0.3856473526351847,1.5670072751962314,3.2117136271136575,1.038666039495988,128.05774883004793,0.0313115119934082
-0.5661968234554973,-3.2486927085510113,-0.8048585256849394,-2.1749199987478796,4.023978218934661,-4.853960497713441,0.779228947381049,3.652470896384261,4.546952870044364,-0.026404850985743522,0.7085416935958664,3.5118118735290986,115.59971193478344,0.0313115119934082
-3.51323711830133,1.2533384726649555,2.516351977753491,1.5468185498491112,0.6284559169490205,-1.447247919393853,-3.1523045108149867,-3.3757306811893386,-2.864933299659495,2.526662661225335,0.45585680863527234,3.5690140502561443,92.93297951214643,0.0313115119934082
-4.226478939818854,0.2605213020314938,2.427283036415494,1.6178607733060177,2.3018102588775182,-4.145604091195324,0.6365101348983728,-0.8898455431772625,-4.850533386924177,3.1312510249015846,3.818367326498916,-0.262773958611092,109.64582430154186,0.0313115119934082
4.293885714639017,-3.2538816234780743,-3.4373313619398163,-3.2657331379350305,-2.0159464290517652,2.692278101816595,3.718767354314724,-4.854370421510122,2.644783317495067,1.4696886582685194,-0.3579470174211705,-0.722038827619893,124.67826513077141,0.0313115119934082
4.042621664024389,0.8540481550570931,-5.02372413844971,-0.7618804854795229,-2.893050201609613,-3.0323135617306796,3.6415920889288076,3.067956107214422,0.019818102908325308,-0.18906480619786237,-4.3789085879726235,4.0868557551243905,124.8671085216762,0.0313115119934082
-3.7503341500807164,-0.2948840236997903,1.1248488136398418,-2.987320003215159,-0.8431770986516893,-1.3545620549568747,0.7022811431636731,2.176071116611422,3.3729562005773763,-2.6812897592132043,-3.421560837320068,1.6429045409081064,78.18572121300004,0.04687786102294922
-2.0324901651050635,-2.044163326692979,-1.8416624557566372,0.9249061546839119,-3.127621712960255,-4.6209601332482855,-0.6464335782697113,-3.317765582221807,1.6591130443549478,-2.579632221309609,3.211852234192377,-3.3936818273006235,97.9952726763699,0.04687786102294922
-2.2656387687400645,3.687002256615128,-3.8578028785848355,3.836325895822969,1.8529249415613416,-2.0383717197611673,-2.125669727174838,3.8847545266192887,2.375384226822531,-2.5633641184552114,4.280541714140958,-4.833568571861995,139.0588840667747,0.04687786102294922
-1.7121966769360433,-3.5022672454263657,2.784243516837358,3.7872302471057493,-1.4753635700146042,-0.9364415869380878,-2.788768137091368,4.077636112474981,-3.89784479577115,2.186708293853756,-2.0423116337694247,4.794432315671416,121.18647252427965,0.04687786102294922
4.125300959695914,0.1849847865246268,2.492938449977758,-2.1572118019165947,-4.512152426671694,4.965774598897998,-3.1467170589408004,-1.196045993501563,-1.4606283370750548,5.096422939723939,2.107466263410961,-2.811611046325314,134.14311309351038,0.04687786102294922
-2.7872298125858173,-2.183326420829779,-4.445248912015284,1.5835624959597103,-0.022236445048607223,-1.4448383970949426,4.993028926035593,2.4737929240100813,-4.9484487637359305,-0.285654410728613,-3.936539073084001,-1.461989317160838,122.57408531216932,0.04687786102294922
-4.6870971947438225,3.875699307164383,-0.9957382260491592,1.7712028254152212,-4.337143390258441,2.0737978853370533,-2.9866609067883174,-3.616435052874568,4.127044138274765,2.322868992958635,4.910536410316435,-0.7096338416603754,142.33892817540564,0.04687786102294922
5.031495436442232,2.484684966327875,-1.9501221905057977,4.448399936745905,3.622037885019753,-3.3768024294958954,2.947549613806646,3.574027325497009,4.482410111882275,-1.0940826802574835,-4.221813058714218,-4.465842326294261,174.47974852667573,0.04687786102294922
0.6659712803546709,-0.10264062099181892,-1.538217109731872,-0.37744382368788365,-0.6139099720513945,2.7312067087826115,-0.22590602081792088,4.741683881866812,4.699447632016274,4.168756644256583,2.394785769477833,-1.9023172064161695,96.11398774623127,0.04687786102294922
3.8149076028909716,-2.4715009091009197,-0.07492862790566157,-1.9359814170963894,-1.7997231230308155,2.7492693721940524,-1.0770846873324338,1.268114879454556,-2.9971390586050664,2.1526534540223876,0.6617461932262403,4.581305573043426,82.55083528051472,0.06250572204589844
-4.4679686160248275,-2.9686758429966935,4.044833249592684,-0.47453626015215544,1.9820540654256416,-3.6102251256436864,4.171590273739246,4.265968117532997,-1.5220174420499273,-4.990793925820742,3.038360200415238,1.185575766380632,145.84245113554834,0.06250572204589844
-5.0487710556888326,-0.49045412544895495,-4.59124583925586,-3.4314633749123105,2.4063293563308132,-3.160681702483192,-3.1130166576554834,4.249398305051671,3.0492715847366876,-3.794957159806166,-3.460437630473894,-3.885464253315557,165.20201898767905,0.06250572204589844
0.8830331642907581,4.770877525210271,-2.3065669709914487,1.9615559295508511,-3.3820428528963884,2.2747196208240945,-0.4121212109483592,3.5225866840665345,2.5859385813556184,3.593430776880079,-2.688207425155798,4.954178164715867,127.61826457098726,0.06250572204589844
1.6682210099451797,4.166377370259695,0.6910265124030772,0.121487827027571,3.9695149851758513,3.9411764962546103,-1.247640851132409,4.755759261281731,-2.935346899996691,3.2283320461688776,-4.295183602242455,-0.27021897960617025,122.67452153685755,0.06250572204589844
0.013022011488626362,-4.477185152740608,1.363387725804043,-2.988641663913964,-3.82282680280157,0.776270919242636,2.52808714367509,-4.78051332198083,4.51938900975948,-3.8401465330428413,1.8790060994454691,2.297337826944232,131.1388280999612,0.06250572204589844
2.04792375963227,4.841831406160716,-3.3220229804380956,2.727536501474418,3.584761551662109,-0.1933592749655526,3.8813087570595792,-3.42544481223136,-1.8148869213983092,3.602550223832055,1.5766302390380842,-0.9548681147784688,117.5459031709683,0.06250572204589844
-1.247869395000187,1.846758387383729,-2.4861502403262543,1.9912481355236364,4.558505223100718,-1.1813684859030267,-4.293732203547839,3.1144479484918692,2.9469414939927168,3.336565904883366,3.35150137136496,3.8351041091325273,122.2885765443862,0.06250572204589844
0.8933852547238397,4.493713941522073,-3.297540845435557,-0.21179480078027968,-4.607546819903973,-1.322297632279703,-4.797250174132136,4.580318793577862,4.779712939844955,-2.216846272448666,-0.781747974895409,-0.7948804447553712,141.08900811281538,0.06250572204589844
2.2912028828927236,0.3679747395679307,3.638802939299935,4.58835671111649,2.179916264555133,-1.8358318711092712,5.105898167882885,3.802705937577442,2.8470266280544747,5.097292657572413,-4.8829570085254534,-0.5907356756646589,157.69362914220554,0.06250572204589844
-1.972735805991583,2.9509942550666226,5.083365013362397,2.1149242724918453,-3.861621338184236,-1.8397463564169647,-1.2274235719189615,-0.12975266868854884,-3.8143501206246446,2.425593880583837,0.7505879587556592,2.9262802268229313,98.332533564221,0.07812905311584473
4.881051707129768,-3.978811635237931,-0.9328626671888101,-1.777713145763451,4.63223420487173,-3.2329003450876197,-0.9634931188693514,-1.3553366922437968,3.07918583358716,-4.044513503519722,3.886303365394981,-0.9826521989468056,126.07713329714782,0.07812905311584473
-2.860701194149527,-2.5762712355848185,1.6584516394356408,2.44078437226056,-4.071983281149877,-2.014177376494079,2.970658891988612,-4.874343427435207,-4.01215136258719,1.149312629984074,0.029554280375989173,-2.6764554418730424,109.34730131905508,0.07812905311584473
4.5485245599225275,-3.9970221242711714,0.36502896814253916,2.7927039766011807,1.7887445623302005,4.147947151478207,-0.7890247782570796,-1.304281754945428,-0.9850079647308725,0.826963728694242,-2.26507742528155,-0.03028994850553257,83.36714202050524,0.07812905311584473
-2.1795302115890656,-1.465900103001473,0.1577311447403904,4.729952807650512,-0.7137639894330032,0.8084717118483864,2.699606855903708,3.573371957476847,2.8822876312483325,-5.03601194854964,-0.8967806926283437,-1.8282580815751506,98.54991074234412,0.07812905311584473
0.8820259796109289,3.874408015462971,-3.9333371057141537,1.3242690416455263,-1.6254898700544738,3.9629375334993293,-2.9526427446090504,0.35108499133210636,4.268985367302297,-0.9194065951476071,3.5708026238647763,-3.394961392681556,113.9487953227104,0.07812905311584473
2.4750672144597443,-2.0061383490342686,0.8243394355072482,-4.813706421200363,-4.2248030121922895,-4.055146132222626,-1.7285138641108886,-1.8360971021963537,3.6383408283987295,-0.8617574908700671,1.7918099390444695,-2.1869245788408063,105.65116453501199,0.07812905311584473
-3.040346298324716,4.952463942832117,-1.0675503051644588,-3.8632117075443806,3.1827402404974263,2.479966567357132,-1.335772879413383,2.9210478625701315,-1.3800118243342259,1.368203758432843,1.676812826364925,3.3766487494939126,105.71275173028745,0.07812905311584473
4.647727273333518,-1.91146914241778,2.3683546571896796,-0.9589548656662421,-1.178070857285384,3.1353398393094407,3.178228682876161,3.532770392819482,-3.4759064554609447,-4.776675145690653,-4.047449402340156,-5.056375768894427,152.26557902700455,0.07812905311584473
2.7589685427323642,-1.863302424640819,-4.655207185924386,-1.8776931348910142,-0.5860206304168667,-1.5447632436563943,2.952427147906284,-0.11633262330223726,-2.314740667702999,-3.1689410908574116,4.865529197433699,0.06909418853374572,96.40636565848251,0.09380292892456055
-2.1681489343331934,4.223023320529848,-3.574555876173992,4.215029553652246,4.353488438652639,2.674564592905325,-1.3226773587332405,1.5131274135880117,2.766060469719,-1.7461235064877094,4.222262219947869,3.9531778604914907,140.68528285645107,0.09380292892456055
-4.090812774925639,-4.3524162966431525,-5.11097316737866,1.5543347350581493,3.3962818953620326,1.9808592498872022,-3.845202372542586,2.687939949181157,-4.477614934209584,-1.9317697385817127,0.09106528424120786,3.7952988402757866,150.39126460714573,0.09380292892456055
4.34097510949564,-0.09853963106042496,-1.2724762885932983,-0.5312410074586156,1.1713383461254496,-4.891367948373496,-3.0147446759293732,0.5611001075326145,4.127493706180005,-0.4249274863321606,-1.126508197035561,3.288626790599806,96.02121321469274,0.09380292892456055
-3.0353991029586047,-0.3700704421289256,-0.500505856568811,4.09027431122431,2.174791947735769,-0.3147742940308218,4.607182438777554,4.317797385549354,-2.361022228026198,4.286931160556146,5.077339718804185,2.4245165032755054,140.51901465593633,0.09380292892456055
-2.38856573831217,-1.0981059922778131,1.3317694754958298,-3.8274489599327692,3.0345157887079095,1.427794917748023,-0.029273683244698923,-3.4209894092057205,-1.393648336052311,5.079238284248587,-2.701450862673871,1.3484883177249136,95.71989239913823,0.09380292892456055
-2.4615772651037,2.013926730443936,-4.948446651775987,-5.00623792789667,3.640546084683341,-4.175624676031182,-3.7134249878856167,-4.748259860058081,-4.920906227881225,-4.995972564503026,-2.6773121844569228,5.080295835947955,216.97966895180838,0.09380292892456055
-3.2322230983958216,0.18611000647665943,1.913850040856734,2.7947137637331867,-2.950964599551596,-0.2989069801967039,4.088738922214822,-1.884788469727766,2.4482208451374596,-5.116141216401912,3.841499201958638,-3.198029995809438,115.62905244981657,0.09380292892456055
-4.902851133677494,1.6266515377685877,3.283687867418389,-2.0891692473839734,0.9714957655465426,3.4612744825846837,-1.1772810712264623,-1.6216211818928725,-0.15993751158746772,2.364654860245045,-1.8569508187437278,-4.198177378759501,96.15288779432308,0.09380292892456055
-2.836892946189799,4.698418130175544,-0.01736328486365668,4.933711344135822,1.0161198902986106,2.8612385525057675,0.5076985208691287,-2.853031711894424,0.09876164304666624,-2.2391625459482687,1.9152809440213803,-1.480817980089809,90.86397608547824,0.09380292892456055
2.2022217418413303,1.4836093930015464,-2.1344576502829824,0.6756297031035263,-4.250523805406456,4.579087930586826,2.648101409647121,-0.7365756196267741,-3.893930955825849,3.47277679535867,-0.1468981729294505,4.14155735756509,116.06586656741112,0.1094362735748291
3.8364080692853966,3.235114166248654,2.7541228254715397,0.44023368628979664,-4.048814467285806,-0.5762905999912249,1.4384033132856242,5.052087634005601,2.644102741425707,4.822229304855731,4.565161904839017,0.3595054606235122,142.43449437630085,0.11199474334716797
0.365120585953564,-0.3529857739053188,2.584226623458184,-0.48411689365150146,3.938192895929345,4.922086397779776,-0.9211803255484137,-0.38163102204322996,3.907180505478112,2.1457481271392886,-3.3366371993853017,-3.2464216607341108,101.66618991316996,0.11199474334716797
-3.7174731703814903,0.24027857219044524,-0.8691122778324978,-4.636249771018068,4.265258277354969,-1.5644198676656007,-3.3592320858806914,1.0513254110409385,2.4496965063326774,-3.9220605255944587,1.5443006634139724,-0.8269206447854929,106.99111002415457,0.11199474334716797
0.01968455997525176,2.0525771056610402,-4.567269393945493,-4.2974848040202565,3.205474070382789,2.7831442420206898,-1.527569283911943,-3.5975573718694056,0.10646680860657565,-2.097767838591668,-1.9885157740347013,3.606759730473706,108.98553894611331,0.11199474334716797
4.906154345581013,2.4756886902524284,1.5203073136331735,5.020639871928592,-3.9099593201010414,0.9966479944444764,-0.7988319513233835,1.3244615267603521,4.255997737283214,4.5840694090902,-1.6652730700215561,-4.122134951129474,146.43499072067783,0.11199474334716797
3.2366139634489217,0.5076442418305129,1.7257329584182477,3.4313391078112625,3.6201220188534498,-0.08899189956253117,1.3958510866346758,-3.317009951462338,-2.634517604493278,4.447587141650042,3.4165423358657234,1.6811367709574316,110.72322183053821,0.11199474334716797
-0.7426705499043766,-0.8379867040451137,-2.289391183714924,1.2549496696512286,4.209300535463302,3.613570867642477,-0.6437083634284262,5.063083528548364,3.549221282796096,-0.49967179345435664,-1.3296050108367221,-0.9564455282415167,93.89081210092421,0.11199474334716797
-4.925075713832268,-2.7312617879734677,-0.7844045144409115,3.6583205156607095,1.5223582734033911,4.633054754826701,1.461463046437526,-4.785944495615447,0.2197414256632868,-3.0278288978508905,1.13234477623471,2.94323733229779,124.8789562638716,0.11199474334716797
-5.010621438340453,-0.902527628303857,-2.9033352141568987,3.31739554926562,-2.9910670664657686,-4.142866429843148,-0.21521775670014787,3.4481421999739235,-1.53783511745289,3.0560567198813553,-4.742909327798357,-3.941518465233188,141.16335625426555,0.11199474334716797
-3.9012998681013458,4.171408710972609,-1.0587633269524162,-3.8282927115566805,-3.944654644534711,-0.6469407215751977,1.1425149761065923,1.7710336395433526,0.37446661038576856,4.365996415014862,-0.658740531112838,-0.32820823852317815,99.16065283094596,0.11199474334716797
2.582844412193891,-4.339420513666555,4.189043418214323,0.9818151318699515,1.4219764413583427,-4.1929673723084795,-2.349247160606054,-3.1531819426310594,4.67239672516427,2.4543338365036806,-1.1677180581559883,1.4770790923129322,124.97865965900843,0.12762236595153809
3.887324833903242,-3.638093757375626,-0.10124488610599247,2.95674301718467,2.6029681589996043,-4.179932960129671,-0.007979523486977946,-4.939063933079573,-2.2962591053768295,-3.8712045308640883,4.696059859278891,0.07030613690337706,135.647889971873,0.12762236595153809
-3.5850943253984573,-0.5562382717023207,0.32604394065220177,0.05604964924238409,-2.217203665934672,1.8295516983482472,2.3239479829266427,-3.73210448982225,-5.072691048727972,-3.086608073061609,-2.0090350671192567,3.790649181556124,104.72110105573341,0.12762236595153809
2.34718792561379,-1.985005211580404,5.10413068427363,4.806619713515626,-0.0037561816786357838,-2.0835355129210718,4.697995830008042,1.7674176589042423,3.7520024994841217,1.4090261352070934,4.408784683642669,-0.2949760486598274,134.45881068379782,0.12762236595153809
3.8351159596665374,4.449962212085803,3.7122995207124196,-1.5609583254024328,1.615013255644393,5.051142661777395,-3.602940228293329,-0.9219200614545784,1.799044163398782,4.156784581217054,0.19560613578118158,-2.177480400618346,129.66602278774303,0.12762236595153809
-4.6319044190399765,3.682600706837026,-2.1931509521821337,-0.19238468760515115,-2.301725130936623,-4.891692929108595,0.9037880490606751,3.1307153509355485,-0.8372729400743584,-4.266034464347628,-3.694100844138595,5.072831907159,147.43506759638635,0.12762236595153809
-2.243026424859996,-0.4851216795243154,2.092843424147129,-0.658584963243066,0.8186491498013426,-3.6887478786786003,-1.30067628064169,-2.0096793299686175,-1.1710022588375666,-2.4813597488787966,-4.472273708318182,1.5291632827313268,74.37363759970383,0.12762236595153809
2.0597670373507997,-0.33687540993098697,-0.8852568268093917,0.6056193379119588,-0.5165002787477118,3.928245650766356,-3.370339762711214,4.4419045146886065,4.218266739001742,-1.2481137065377714,0.5208343544342702,-3.596067093695279,99.79370860341727,0.12762236595153809
4.332449720812828,-0.4459496864210468,0.5806467972600524,-0.710530691944629,1.1511988941902631,-1.0730601236749244,-2.192595701593737,0.684117580420434,1.4953481195160858,-1.1448681013112063,3.809597783735984,-3.5903742045619103,72.50616016626907,0.12762236595153809
-1.6153484305055263,-0.24530320801691285,1.0449270965372488,3.640699918041096,-1.9361800834668128,1.56240028601444,-2.8890544435007506,-0.36466432429329476,-2.998998062928086,3.23903674959345,3.8877395835906396,3.0278348629289438,84.92753342473954,0.14329862594604492
-4.441910745014582,-2.154970074148742,-2.8335764041439275,2.3413254710404976,-3.7046176444845855,4.147323854915389,-5.072284058023023,-4.543814723886064,4.679600815910271,-3.366974219926494,-1.6640561463464238,1.5645399111715168,168.32504933789315,0.14329862594604492
-2.261183001209062,-0.2937572060221516,3.8586558427742945,-3.217077047033566,4.445774583820765,1.6392580331680975,1.6387148271910235,-0.6359163806511594,-2.9503505251204167,4.031933689236488,2.5198444301153575,2.0390173763425548,103.9281775840198,0.14329862594604492
0.21440420958596995,-2.704221780931608,-3.5364927250932143,5.1199422256545715,0.03816544349952444,-2.87059625148669,-3.2301497312305307,-3.096083878454519,-4.2146486816544115,-2.9263459431359338,4.472741918006856,4.619020294185899,152.3119231539926,0.14329862594604492
4.333378959935669,0.4057611154391534,-2.856706733046011,-0.3927961018660433,0.7607314595140791,-0.3016521862439667,-4.136182810919237,-1.7520939395462238,-4.851234175700488,3.075213961713751,0.05158128859570699,3.84178603945285,105.9540518417841,0.14329862594604492
-1.8157664836316467,-3.3378875138510438,2.5356914998560764,3.3902275115103366,0.6964001943377873,-1.7450457875438343,-3.9732114313540103,1.660414115017642,-1.3841957830671054,-3.7251987899788714,4.079428862010789,-0.8682840001740617,100.75018490071864,0.14329862594604492
0.8364655141230699,0.9636588161482722,-4.583328289581654,-4.123201773698994,-4.877117401752014,4.107333013786875,5.043370981306711,-1.2957970379402917,2.706814457865174,3.198776134833291,-1.6052691880880712,1.0275895546684488,136.83795661334898,0.14329862594604492
-2.653345026721872,2.023007962844453,3.8751865829352132,2.0978351850838033,-4.91787891803193,1.7572319955354292,-2.410852280299784,2.087414476799096,-3.960134535379411,-0.2185014147633595,3.3748074227709095,-2.4703727503203217,110.87496748239501,0.14329862594604492
-2.193501589646042,2.724136878854705,-4.985962277181471,4.632104114617934,-4.875558466050352,-1.1466020908478485,2.8578072261381378,-1.6032299957155538,-4.406181693606754,-4.630974702800686,-4.285711206807351,-3.349826218134358,177.4900926938284,0.14329862594604492
-3.024175545100496,2.2854336407975904,-3.895564476134558,-0.5257108404629642,-4.763251390387747,-5.111141797322898,4.45801306968055,-5.048808992240526,0.5972602658993855,2.5279542846405016,-3.9741369585296464,4.107284438171798,174.03362372713735,0.14329862594604492
-2.891342716759418,0.30172624046084273,0.8370233798124183,0.7828046297633771,-1.9544088925398304,0.6145961325511928,-1.940290767789897,1.3260567376084733,-2.1168347192029384,0.6701180832309479,-3.029998424870151,-1.0186358769138923,42.5375022863055,0.15887141227722168
2.9610041781769576,-0.5308746171433656,2.2017691634919085,-3.2698187819813507,2.5755094867377366,1.4680773922102288,1.507946446518356,2.0960664819487693,-0.4131964216506674,-1.2888626974678132,4.8055574515499915,0.10107896642307779,78.81175269284189,0.15887141227722168
-2.990464169265293,-0.05280854392862455,4.890114554156031,-5.110440075308136,-1.7741939071884594,-1.0564333884922883,3.909988892549751,4.131109846455844,-3.063356009190364,1.9631374480914427,4.203928971695059,-2.6743144555263423,137.83734705827698,0.15887141227722168
-1.8193119117761745,-3.7651591768070984,0.940852711074486,1.1664288211110714,-4.064621607312969,1.6740962681467613,-1.117672063890284,-1.6392634313395358,-3.098737784944668,4.0052826900757035,3.508256794803825,2.1906357901222684,94.05699305428878,0.15887141227722168
0.926746456277983,1.3068073166931402,1.6398954012943614,1.6633276302697526,-2.022034397469316,2.34654946537255,-0.5730844073199686,-2.3481267683812708,-2.3778473846270307,-3.517567869950426,-1.6504415706826552,2.0227049039956535,63.27531113096077,0.15887141227722168
-3.9678306027726684,-0.25030346424715155,0.6676687074978522,-3.6957441086238623,4.687708240936849,-2.82440010974935,-3.433362200934225,-2.427626656612484,2.2618584613429418,-4.339946142833664,0.12877960147034173,-3.207888589679552,125.05442572593401,0.15887141227722168
4.692780852524339,-1.4294883367059112,-0.8448799870221935,-2.447681383016397,-0.9186849831582755,-0.03767221916674668,4.356457296213933,0.7151287304441469,2.3806701413664255,-4.236003130597236,-1.6933041253427614,-4.758608355242376,113.80109508178299,0.15887141227722168
-2.0478968604237067,-3.2920604002791944,-1.7149018670271001,-0.47310929082297903,2.15922849470563,-2.3425230723199078,-3.0316842687555625,-4.433139710417277,1.2531782523487198,-2.298274279756102,-0.6630180309917808,1.7053949882860007,80.95793865093654,0.15887141227722168
3.3455104649746135,-2.6676327251024516,0.009281269310513984,-4.887394234244173,3.27827035911488,1.4202447278884378,-1.4136211046178704,-4.599531419127766,-4.237437391458062,4.6854510415344555,-1.874989796099214,3.122640662095452,144.20247727428713,0.15887141227722168
1.179925341972977,1.9615199469784432,1.593193218966535,-4.232785123301403,0.786922479125205,-1.6235620444789123,-0.6136530513773533,-3.1145831554692855,-4.282722620307871,-1.188067571258454,3.2050413662607093,-3.0498203584701624,88.76418251478303,0.17454862594604492
3.99698466755891,1.940909525984365,-3.0159965496119123,-3.3505405430423343,-0.2597175557018332,2.547010822274353,-2.769068695093658,-1.3325073720799474,-0.4854800199425009,-4.271842927637286,-4.55436297908982,1.6084011578227368,111.78625355819995,0.17454862594604492
