-1.4690420288692274,2.0240514680946298,-0.3717672340289635,-3.1924041104017054,20.915622917482192,0.37906646728515625
-4.902888061648724,5.12,-5.12,1.1149542811041293,78.68244683363785,0.7936756610870361
-0.26967275219463804,-0.776876050151369,1.382666129541569,-2.4375251730864838,14.14905488351815,1.1712915897369385
-0.6527624216553995,0.7067922851073147,-0.09187021401179774,0.2136782414264191,4.757353837333538,1.649702548980713
-0.07083082306241906,0.5453752209195262,0.3528891083822714,-0.2298853786405246,5.013196166410158,2.1472270488739014
-0.5796356831129943,1.3331060279333284,0.5207431978924708,0.08333924568524864,7.892949692826709,2.609970808029175
-0.6201340213555344,-0.4169232834092833,-0.5235316913345462,0.3562361710398614,8.162718467304503,2.9234464168548584
0.266845408044321,0.49350405092388083,0.027833854711471595,-0.07943181789636355,3.5638818824798992,3.289842367172241
0.5321957830572099,0.4175783030733644,-0.09066782770682646,-0.08550450786367847,4.62042326692482,3.7205312252044678
0.4603949697383367,0.5203530975338682,-0.07582039007208508,-0.01487336733151512,4.5654413082704455,4.054696321487427
0.3141312315391982,0.808788073136224,-0.14198775365039396,0.44014277068337293,5.300156229368758,4.538430452346802
0.341456346606968,0.29697986936073484,0.14376004707808754,-0.384142209312893,5.33495867085612,5.0287463665008545
0.23037748719260343,0.4387428298491418,0.1391263968933245,-0.255477302131915,4.526818171715879,5.591728925704956
0.24053423678379016,0.48390469208437636,0.1092544038614438,-0.23092504772674793,4.399678360784416,6.107815504074097
0.29176136262689933,0.7191937319569934,-0.1067958172142438,0.08919901901245719,3.4432718990916,6.608881235122681
0.28629474084145645,0.8134919223415613,-0.14403841902895387,0.3533931964195771,4.714237619130152,7.168210983276367
0.3501042303770987,0.7362151582612704,-0.22871715615282806,-0.08505226163980861,4.4050498810363194,7.780980110168457
0.33757668691237974,0.7434748164565397,-0.22862348731647408,-0.11890378842257654,4.429441044509203,8.283802270889282
0.2686366860778868,0.6227820959766612,0.04068613574139501,0.35764353452762965,5.081753694092437,8.863645315170288
0.3719660986509359,0.6815033403990727,-0.24496876586889016,-0.3047084377377898,6.171782811814797,9.236323356628418
-5.12,-5.12,5.12,-5.12,105.94172549031437,9.689023733139038
0.33298214100686874,0.2137273779595823,0.1814372756966165,-0.259593986476486,4.171666542900396,9.97540020942688
5.12,-5.12,-5.12,5.12,105.94172549031437,10.23970913887024
-5.12,-5.12,-5.12,-5.12,105.94172549031437,10.76875638961792
5.12,5.12,5.12,-1.5240756801500175,83.76768099539667,11.093375444412231
5.12,-5.12,5.12,-5.12,105.94172549031437,11.42164134979248
-5.12,5.12,5.12,-3.2187560090565572,90.621631072241,11.739534378051758
-5.12,5.12,-5.12,5.12,105.94172549031437,12.065989971160889
5.12,5.12,5.12,5.12,105.94172549031437,12.437048435211182
0.07729934339561595,5.12,5.12,1.6455641378912143,57.41046682885415,12.791963815689087
5.12,-5.12,5.12,-0.5156123182316144,81.71734271415288,13.181633710861206
-2.173204197528148,-2.042043315366752,5.12,-1.5699807903083034,40.31858133014236,13.574812173843384
-0.8394115580969972,-5.12,-5.12,1.5479825779196563,58.493920210650295,13.96922516822815
1.4094807926123876,0.8113606983986594,5.12,-2.1836853278955375,36.9606553375233,14.50717830657959
0.1977605408900862,0.21738547925488216,-0.05772944001918834,-0.13666956252213858,1.9941765554497115,14.879004716873169
5.12,5.12,-5.12,0.4332602663629155,81.55736720744756,15.478411197662354
-2.182582901750331,2.383507307506025,-5.12,0.0036839210728034644,39.26332427744844,15.998595714569092
-1.1337589891532627,-2.3280931613842677,-5.12,-5.12,61.48036956576513,16.669551134109497
0.06869730534732188,0.12495111455140862,-0.08359375771573951,-0.08294310887168521,0.6861390748466635,17.383902311325073
0.009419647726818248,0.0007575396144305913,-0.1069177008293778,-0.05169140562735919,0.2855234017606981,18.2202045917511
-0.03034098593567247,-0.11393849331290262,-0.1328775595096241,-0.019866684399113765,0.6320897329760574,18.969013452529907
-0.06080184443595016,-0.17969598392167185,-0.15169335636178527,-0.002848314992470513,1.124605229514609,19.853372812271118
-5.12,0.6141501432466789,-5.12,-5.12,81.58710615293323,20.66826581954956
-0.09264521763882083,-0.20921657365499158,-0.15661363794678973,0.005998872129350019,1.435199060180678,21.44985294342041
-0.1087998714963625,-0.249044527046407,-0.17368589997259853,0.017803157990522678,1.8679612099542076,22.116793394088745
-0.11908339000278012,-0.27562444829050303,-0.17986389746777665,0.028254488054707316,2.1398723972519367,22.80024528503418
-0.11414336151825655,-0.30379280924737895,-0.18743873925711263,0.03053101358336896,2.3546206068002524,23.435899257659912
-0.12008537110911366,-0.31736525192290355,-0.19486476676258935,0.03531293578058836,2.5214785094871113,24.167898416519165
-0.1403320678151303,-0.32312266887103824,-0.20554204624830952,0.04488862595304788,2.7397904533979607,25.159027099609375
-0.13748340336716947,-0.32763980219509925,-0.20620118815413235,0.048898607210951184,2.76543030743189,26.07036519050598
-0.13562502774780505,-0.3344333221195468,-0.21051722980130538,0.047175876515649584,2.822464704058182,26.81954574584961
-0.1301679302233687,-0.34758813786764087,-0.21752004066972752,0.056771156944304124,2.9402628870702054,27.576616764068604
-0.12843628716002353,-0.3418899655840164,-0.21495095978527523,0.05028720860448388,2.8673151261663476,28.333254098892212
-0.13307219413447058,-0.33662693486439554,-0.2177620750974132,0.05219611033725613,2.8807583808429316,28.904080629348755
0.9887313661043251,2.862821299173386,-5.12,0.04134200811071853,36.04554792244222,29.60464334487915
-0.15610427226253432,-0.3331226897735293,-5.12,-0.7042808059923127,30.342631787263795,30.25069260597229
-0.06204920531892988,-0.32867145143877874,-0.18263458524294585,0.018274833402141866,2.290868177681947,30.922198057174683
-0.0591085061115173,-0.33938945873674786,-0.18539588570185828,0.02063470383122734,2.36776562349928,31.473557472229004
-0.8096405680809307,-0.5736627012512283,-5.12,5.12,56.48423533928576,32.28615355491638
-0.06920159708608864,-0.34690593386764057,-0.19144380919459447,0.03359238220659577,2.490424842034072,32.80906438827515
0.04380400986301236,0.8509034396247674,5.12,-5.12,54.14208700799912,33.55313301086426
-0.0789834366424591,-0.3535724394987563,-0.2039531771968095,0.05410205416740599,2.6741268401654628,34.07754158973694
5.12,-0.3080482924446466,-5.12,-5.12,80.90788323430012,34.8167769908905
-0.07861769083489012,-0.33980707708403735,-0.20218401255817664,0.06572413787130138,2.6093172717108053,35.37768793106079
5.12,-0.17210966036271635,-1.2215014160866797,0.8990310419050216,30.361749686810043,36.14459490776062
0.11074714894088533,-0.39575869089706295,-0.24424163673143795,0.07156684112989886,3.322456467449027,36.86295962333679
0.12451017376662854,-0.3952585112401481,-0.2363984738644227,0.05802255900455844,3.293217425709325,37.45411443710327
2.979917369411951,0.01448600618622109,-0.9239044884333847,-0.12687779746443972,10.175329246990676,38.15779447555542
0.25814708279171317,-0.4096239871813774,-0.25895461484492355,0.034827562479445184,4.277010391753597,38.77184343338013
-0.41701747891239016,5.12,5.12,-2.3605841065342905,62.22449656754178,39.61083436012268
0.22330955886564752,-0.3653469917982033,-0.2742754728844865,0.02376880310303342,3.9182348781256398,40.53208613395691
0.21157334871556266,-0.34726083143924846,-0.2687110297229882,0.019473617865417125,3.6973809549261576,41.34773135185242
2.602445922869615,-1.8987524878305027,1.262773002673124,-1.1596971325660403,16.855719047648552,42.39763689041138
0.14561141081251794,-0.2960392095766684,-0.30344266073027804,0.053773142843599686,3.2652505291313707,43.419631481170654
0.14877071766248484,-0.3002805770449477,-0.30643575810370205,0.054342586765156575,3.330773827373203,44.13689422607422
-0.9044731264102914,5.12,-1.4931175664726082,-0.2419867957293267,32.71498334859315,45.0896680355072
0.14473902266426641,-0.2913518311460024,-0.3015938189396472,0.05077001728528696,3.211052724617379,45.93674969673157
3.5154236836874437,5.12,0.6118750571351947,-5.12,69.46171565995725,46.8143470287323
0.15468977568136122,-0.2772074825869826,-0.2926029483802228,0.030451200332088035,3.0764852921316126,47.623698472976685
-5.12,-5.12,-5.12,5.12,105.94172549031437,48.69362211227417
0.13047660852903853,-0.2876370745012826,-0.30388580707076684,0.08254454658336652,3.2144911701262373,49.46749830245972
-0.2688475849495644,-5.12,2.450713277126048,-1.4983169120284954,39.879181752592146,50.35040616989136
0.14342123799511697,-0.26574483008124883,-0.30777388520208504,0.06423909846978937,3.1035342090704727,51.15375256538391
1.6324826113553987,5.12,-1.082899596784661,5.12,58.6142422672539,52.09414839744568
0.13933449192425407,-0.2618008248041681,-0.2958821597554877,0.06441235611668983,2.9781822447203963,52.89254975318909
-5.12,5.12,5.12,5.12,105.94172549031437,53.81774640083313
3.041190752635578,-0.617652053630418,0.3980018636067335,1.7583832106023474,17.40186965783359,54.76536202430725
0.05394483603885991,-0.23478101555022857,-0.29203764751757344,0.02829697505152673,2.382368823282234,55.75018501281738
0.03396015455540713,-0.23697605240911734,-0.2904490391255772,0.03099921187688448,2.353900965130845,56.64869832992554
1.9473118893168024,-5.12,-1.1682593866483244,-5.12,58.690706000326784,57.91551446914673
0.06460937728510174,-0.22337498765973685,-0.3022160520789985,0.01955919863664146,2.390321546418823,58.828118324279785
-1.3741193934048779,5.12,-5.12,-5.12,83.04768177045591,59.7545108795166
2.9192179745746936,0.9290224742443964,1.0241557564395745,-0.6971115324026478,12.481373421315489,60.85355257987976
0.14054210743574203,-0.19157937540694192,-0.274753368603073,-0.05026739462885654,2.345162954794503,61.74485206604004
-2.411764254319637,-0.0752037852768197,1.8901099005563564,-0.00471487804453119,11.584076796356852,62.67145347595215
0.014657861107642667,-0.20981856955831724,-0.21471506775721583,-0.03953708650551224,1.6571561308005829,63.5394241809845
-3.203405341207831,0.19504367078686435,-0.9354407942035596,-0.3521483773081764,14.35162836394623,64.4364128112793
-0.01484750740698626,-0.22682575058154608,-0.2195819190317252,-0.016360409810706855,1.7747262395349546,65.30642938613892
0.03226964361602924,-1.4623403422619754,2.8639940826662293,-0.5534731337109129,14.928424596418683,66.45462441444397
0.008428140674585194,-0.2132871473808473,-0.2300056335201477,-0.03421935230013062,1.7701313099004028,67.402672290802
-2.85139272358701,-0.142510243502322,0.20278519251032012,2.113063285003098,14.386443516707219,68.45532059669495
-0.03480562702240242,-0.22884187577037984,-0.24021779862889936,0.016886339182388355,1.9470367791077,69.3750114440918
-2.8934959849279362,2.5870567984944772,0.6292290319494489,0.5723880291902326,21.444910297226073,70.23537397384644
1.9264373454199655,3.6168244484188756,-1.1217780909123003,0.04904721237154508,20.22661769538838,71.21523356437683
0.024487593736179036,-0.24362495385389504,-0.28408035983610613,0.0063027618489623904,2.325746936455088,72.11755132675171
-2.6741674290899446,-2.8473867431041278,0.46337766376910583,0.45920156630481745,21.509555882247287,73.02418041229248
5.12,-5.12,-1.8566068062244434,-1.0393444779249528,57.90763630557143,74.00816297531128
0.07755031831943704,-0.15088523144423327,-0.2765694847573714,-0.0014331995429595068,1.8045863216058824,74.97047877311707
0.4793405512042659,0.2892558385564943,0.16494121314573906,-5.12,30.552459221025856,76.08393692970276
0.07854689752096977,-0.15121436469017535,-0.2766392357306149,0.002314935796938755,1.8100107086368933,77.04338526725769
-1.7276892633575343,1.0846311647423796,-2.2290201189973984,1.0542481623411986,12.445199768199007,78.24036478996277
0.03192310780737362,-0.11291834800882938,-0.29561656559751004,0.024107939060176165,1.6572518753003704,79.161536693573
-1.6485227393327126,-1.48118434447627,1.877774307442139,1.511959643954838,16.589734840991134,80.13090896606445
2.001165386390295,-0.6174024923989814,0.8337647504651651,0.1351818208508675,7.6765564471254155,81.19095182418823
0.10642100008371358,-0.1275544967037341,-0.32188587331467033,-0.02286289776141004,2.0981815404573254,82.14955377578735
0.4429815164634725,-0.30015128491288046,1.3346755421663383,5.12,33.306829272431,83.33512330055237
0.10961819820649588,-0.13294841350578945,-0.3305877553744949,-0.03681302572387235,2.2089868336425833,84.31819653511047
2.66005980033533,1.4351325312255048,-0.3891017353474808,1.0133053010175557,15.537701659156978,85.45149064064026
-2.241366643416705,-1.3412533736520795,0.5764713022679508,-2.22955617691778,17.37283815089468,86.61824584007263
0.09713362719891538,-0.14632081412722808,-0.3206063372043806,-0.040331665415846096,2.1706205247712633,87.69633865356445
-1.1677643303511651,2.2375702487634728,-1.2246170267410177,-0.5519360316757043,12.391096548462041,88.72440195083618
4.054203877050555,-0.49514660355685525,1.1833061337364077,0.11217653719447274,20.982890786406877,89.96111369132996
0.11082899282923897,-0.16904128340052882,-0.31155832726184496,-0.03656939093059819,2.288549849311241,91.12267589569092
0.46975952738129845,4.297269598860715,0.8750315352680955,0.0694343548617109,23.118779254136143,92.44220352172852
0.11025814386051103,-0.17604423723675122,-0.32216454100120906,-0.03244151643279203,2.389125884589167,93.55910396575928
-1.4443522564262157,1.9473882087358367,-0.2125617078800719,2.666939087187017,17.295306182450318,94.7490861415863
0.11703111017367895,-0.1793183858860221,-0.3115653351460672,-0.04722814653879581,2.394851026744909,95.84388089179993
-0.09633043352351578,2.39368747640924,-2.0627624028633487,1.0752242961911236,13.299222721608261,97.06774473190308
0.12335147323057072,-0.17829485235081854,-0.342928254003839,-0.03922709663000301,2.5977918653490084,98.23188638687134
2.3260434309317715,-0.08832228836162681,-0.0744707276107297,-2.4377133616173228,15.008044510241781,99.4394600391388
-2.203045445981233,0.32054833827004003,0.029356356724230537,0.7831082089228376,8.518847030094244,100.73325252532959
0.08752499982626905,-0.1737497349641508,-0.33353410469022116,0.009614799962974985,2.3385694092617633,101.89633774757385
5.12,-5.12,5.12,5.12,105.94172549031437,103.17112755775452
0.0869593945215339,-0.1693373744136597,-0.3213869938296998,0.01428803205102902,2.2375982685851152,104.47505927085876
0.0685800472033371,-0.16468964687696186,-0.32508862215784173,0.011124588118202716,2.1752520807909694,105.69545984268188
-5.12,-0.3115269932310438,0.42495786565042337,0.08784994438912896,30.187212395321378,107.13284039497375
0.616991684316937,-1.9960622846070377,1.4546716923076914,0.5362553717464698,12.444547706055008,108.43755531311035
0.1352362506271314,-0.16008793017936895,-0.37369319360306275,-0.03407929404766641,2.7132817313385287,109.75687289237976
3.2073336569111364,-1.5099348516018534,-5.12,0.1573596799481951,42.26049770511867,111.09450769424438
0.07332758170961906,-0.13544080608752918,-0.3619288193646186,-0.004600034181510004,2.2469077345679924,112.47394895553589
-3.0894971554354487,-1.1550025569300262,-2.8856341693578007,0.8288589440131764,21.256629694352547,114.06824970245361
-1.2758849193020718,-0.5688869537561114,-0.42090291992114803,2.7846569612462115,15.61568099410301,115.3529281616211
-1.8109434770068948,1.1312550333068554,1.9234130917835373,1.6228967448822642,13.670112305260531,116.69790506362915
0.9932239478260172,-1.6460623105077734,0.936432078981519,-1.573702441222125,10.631372133963708,118.11798453330994
-0.08908182391991559,-0.7861533345744212,0.9256563630921812,-0.11059349880269753,2.761426517663888,119.48962068557739
0.04487944202697669,-0.1102402182529012,-0.2889601951991736,-0.06999519383645847,1.7100260542633618,120.87063074111938
-0.06022437756680343,-0.05612825799755594,0.1774323707444161,0.030097380421834963,0.7489599193697002,122.56195592880249
-1.1667351421361927,-1.5887170186238477,1.4247861655938205,-0.7917800814642186,11.522104930403502,124.03205704689026
-1.9679446221569306,1.10911778331318,1.1161670371176067,-1.3315417584964448,10.112938503481132,125.56403422355652
2.100098369123515,-0.2467170933404068,0.10544174724794164,-0.8121690509604393,7.143527542025899,127.22769784927368
-0.0930229325783829,0.28745559250680497,-0.2263821476847081,0.04763376977695355,2.440580103357947,128.9476354122162
0.03351750017174293,-0.07996499246831235,-0.26764558300980656,-0.08567833771006939,1.4842526204903153,130.6709656715393
0.0332818664591823,-0.08063956371009073,-0.2710039473325976,-0.08999523857727887,1.5238192269903423,132.31379675865173
0.03357996094533977,-0.08301764039862825,-0.28088681133703375,-0.09388235150492008,1.6127354792193311,133.92600536346436
0.03262753885035252,-0.08270075770955287,-0.2793235766799116,-0.09355470170747804,1.598666367472649,135.493399143219
0.032710769411180785,-0.06886826167096594,-0.27413657160944904,-0.06147178299768097,1.4226985854289924,137.06778597831726
0.027923435898936866,-0.08548049688898907,-0.27771474095397064,-0.09543726550076581,1.598195613390522,138.49663949012756
5.12,1.172458434642646,-5.12,5.12,81.36279229365617,140.1748011112213
0.03137611558666631,-0.08612510348686175,-0.2721519327534203,-0.11686211050410922,1.654786200358487,141.76849007606506
3.1042641700729083,-0.12161642966267738,5.12,5.12,63.1071504279701,143.31116390228271
5.12,-5.12,-5.12,-5.12,105.94172549031437,145.0665581226349
0.02275090842833727,-0.08507881879259482,-0.3070539843275748,-0.12042735917468228,1.8899748840255806,146.78513550758362
0.02302494884662032,-0.08522897520282768,-0.3041070358522049,-0.1186665168077683,1.8635698327261336,148.46864128112793
-3.798151443345166,0.4051655286613993,2.308580979966772,-2.723921447615953,32.39206666967861,150.39000511169434
0.9879051443714797,2.458472386928876,0.06950727651258504,0.2927130368407589,10.438616042556792,152.14668440818787
0.02417223896103149,-0.08130964142723052,-0.3127551200601211,-0.12401198247077705,1.9322699748503314,153.87865257263184
0.9285187226040339,-5.12,0.09418200082191408,1.5691781974848062,31.994998686340843,155.77145433425903
0.032617863046917606,-0.10000279719251193,-0.31809854806378546,-0.10706467293699973,1.968436344612762,157.47621846199036
2.6958198887507763,-2.2919552907053573,-0.9124186488024115,0.12308716752572568,16.394691981984227,159.41278886795044
0.01912404039790694,-0.08461940886431396,-0.30758797113807557,-0.1131281771443069,1.8563433252461095,161.28382349014282
-0.9410339808242432,-2.7722616711366745,-0.7681867239926818,1.7167604286716402,15.130103320995163,163.10467100143433
-0.6292584867706843,-3.2252807364196174,-0.5009192641178801,-0.7113092716364671,17.329223949539497,165.12314224243164
0.021510119554830176,-0.05043739859063212,-0.2990171362678309,-0.1026094143717966,1.6657282126254833,167.2963104248047
-0.13871361250344094,-2.5431651672784437,0.7000432234331413,-4.010979487085617,26.695900104996795,169.39445281028748
-3.7609743300853147,0.7703573634892749,-2.2179713569439974,2.262014576630728,28.45355736307056,171.53808522224426
-0.021707157249686304,-0.04484540540290283,-0.26814004644684264,-0.10210852031054696,1.4461015768803616,173.6770737171173
2.9050256082220214,1.7244428895278334,-1.089985806071538,-1.3859264874155963,17.7640304969728,175.83765935897827
-0.02865043236106324,-0.055123739869634036,-0.27540930631940697,-0.1008118442210213,1.5183806542222134,177.9643337726593
3.1382273918159678,-1.2475664086374532,-1.11420146193624,-1.5642012351318924,18.598124037587592,180.07000017166138
-1.9025347798756185,0.2475798660019839,-0.039654770480463064,-1.209555426838964,7.0915354761917255,182.5438997745514
-1.9045163976408617,1.2433000809323014,-0.19300688459066162,-0.11045476536176224,7.235793931649802,184.70498776435852
