-4.133593435257793,-4.918092223229078,-0.7710004474473307,3.199592256145526,-1.0681069344573162,4.3048315545909235,4.310250239726945,-2.202911244189169,647.6622514794858,0.4171922206878662
-2.0967791968338605,5.109679557756832,-3.0612185822627667,4.152096776493072,2.652822508857045,-0.4279774439977668,-2.2415703462042065,-3.885602501908956,641.5187060992464,0.840674638748169
3.290096930549743,4.364554824884551,-2.538967993536194,-5.12,1.7810651880624384,0.12252219083721005,5.106494508261846,-3.8216771435838766,808.2097215224854,1.258934736251831
-5.12,3.4310480145390008,-4.894042485160733,-4.066365829464953,1.9512666964356713,0.44474783756436675,0.896958961341455,-3.792692442307982,637.8733177290773,1.8050127029418945
-3.340327835602853,0.7322585933858035,-2.782746375121474,2.336488425276899,1.108158753265113,-1.8440698781285487,-0.16099590430254906,-0.34131584380966196,793.5431244014167,2.324922561645508
0.5175399883680054,4.819535400790257,-3.1691498292606117,0.25070840161181085,4.632611312159791,0.5517965163725087,3.200226891932247,0.41167096417234195,1090.8855653399216,2.943725109100342
-1.466276216522099,-0.6462186016884974,2.9870784150257483,1.8451353011682308,5.12,4.670717601839402,-0.8024536092810157,-0.8761240861732569,738.1448128033215,3.3977301120758057
-4.0631628592033024,-1.6089293243251688,-4.549592419587938,3.678714964547395,-4.434097743769564,2.936272074255915,-0.8362812689444796,-3.687309559677608,1005.8927446228378,3.948665142059326
-5.12,2.75889637707761,-3.117875873356674,-0.11309206022147489,2.1078960462606195,3.343358399520917,-1.4659293374705733,-0.5639595538587177,800.7775526727658,4.431437015533447
-5.12,4.867280689266255,1.8980362391311338,-1.9904278626110847,2.254262233463103,2.511055064417212,4.619823872045205,-3.9843358677989764,661.8814213485375,4.970193862915039
-4.645506254700243,0.6891864488035484,1.1502955123439804,1.8274168423036068,-3.157692115708574,4.472313310185625,-1.2499945684408549,-2.587774479052589,986.7610135395935,5.4470374584198
-5.12,3.6970181890162808,-0.7856606737677545,2.7028943588497603,1.5676619169483867,4.759183653690177,0.6635489851290615,-3.8975470576462503,912.3047035217699,6.204183340072632
3.8657244894514298,4.647645097584548,-2.617334490068773,-2.7917242049011524,0.31263107233487286,3.941711607459342,-0.811306436414216,2.1094332083518426,743.6687174790862,6.969060659408569
-5.012139755958078,4.425757598528588,-2.870951658807678,-4.4629861844922525,1.0363803182523101,1.7322773360303083,-0.8198230308292747,-5.12,720.195364268739,7.609768390655518
-4.086809803412344,4.084960152536076,4.854128230202384,1.668413380595525,4.159948951064574,5.097081454632694,-0.8270538513798034,2.2803706157146237,562.3635242694464,8.417178630828857
1.57039472796217,4.116832810991197,-5.12,1.231812662576723,3.780979756346663,-1.5361180288558058,-0.8361898817484139,-1.4845048277121982,924.61120810833,9.27293848991394
-4.776005679169876,5.078408658604288,-2.4460600592394046,1.3999136164310206,2.7844612615217263,0.4973790479829754,-0.7586038494133147,4.203847335283743,998.1034448780229,9.996154546737671
-0.8322904247230927,4.063982333251803,2.3321835704513703,4.719861176206369,0.5934281925470772,0.8150172373653994,-0.8505972374284001,-1.3391189917221338,812.763076630503,10.900171518325806
0.7764695941045412,1.2195081573418074,-2.1157621515818295,-4.415264587330828,1.4799522628364734,-2.733426332761656,-0.899389824277546,-3.5519484363797558,948.663911010302,11.662668466567993
-5.12,4.198950152832157,-1.2134706544503073,-2.2861442197118658,4.832429227316296,-2.585114223438241,-0.8526525818825075,2.735107468626608,769.8819799723435,12.429603815078735
-5.064223874741989,4.860848557159001,-3.4569668680589833,0.35838721189540923,0.023828457109271284,0.5024045977529852,-0.7767295622208019,-4.030798116342756,767.9196207117097,13.266230821609497
-1.3998899012077466,4.873102238396867,0.473954461516092,-4.497453177026789,2.460011650043543,0.6513264872758739,-0.7492083420677531,-4.0461419290400364,1138.849665562369,13.898835897445679
-0.9477555841845842,4.157860953534171,2.835608580869282,1.9098976992297754,2.0311909221269797,1.4265353446167524,-0.8583573725899125,-3.1754034237839273,445.18275142875217,14.78634524345398
-1.4848931045595406,4.114643081547617,2.761076321741643,1.032131815006255,1.9993237049363337,0.10942453675581287,-0.8472008816041852,4.717377614102687,559.999531411967,15.702352285385132
-2.9585984986834535,4.246821777988161,-3.149060906766885,-1.923992893175432,2.1529545466728353,1.7999155890824259,-0.868661009031932,-2.344517676694087,507.83509814256473,16.526853561401367
-4.659565985262956,4.153461004557921,4.172653392404912,3.744564173645805,2.023588578967157,1.064812894926745,-0.7697533167331425,-5.12,579.9433279616014,17.206645488739014
4.551942377690319,2.270837506527516,-3.174992918233626,4.70330100223648,-2.542466998273532,3.2663859436546607,-3.754321181096837,0.7422807475551654,1090.0262289633406,18.255378484725952
4.5123342015181285,2.1341263050997643,-1.5245696560588788,4.320729131873594,-3.087510955235531,-2.009577529211248,-3.753165513029909,-3.0695136067889996,780.2679892667865,19.11383032798767
1.317118770534032,-0.7250783698149519,-2.036781290328055,4.928928623088209,2.06925526579539,2.0128180645204896,-0.8893253179229719,-4.8944133830795735,386.84887046374223,19.877285718917847
-3.355306272993239,-2.566361193419295,3.670438566203573,1.9221101969560523,-0.13679685293568955,0.8191598005261582,-3.1063420392713006,3.4441244784457536,877.783765095513,20.714484214782715
-1.7711789393419726,3.5147022781583823,4.08597170918257,2.1549051633729537,2.0605614424700818,-1.0019675712209777,-0.9613072215678251,2.92582972626096,416.61476030994044,21.68883466720581
3.115195982274016,2.0846530538138133,-0.7443090889452346,3.407190359452664,2.0615241042819035,4.773498628411061,-0.9141339584043795,-5.12,540.2088005188259,22.624624013900757
-0.3283332591919299,-4.13255366189447,4.964519491287503,1.434941582087987,2.085639190239414,4.956544597150285,-0.8482308636335958,4.560416024600037,721.3804697394357,23.46116328239441
-4.254449133672311,4.773650047081179,4.3835766768135604,5.01507435981554,2.068586463653837,0.9211077206347431,-0.9610150172318912,-5.12,531.6421718159081,24.239930152893066
1.4646935546632447,2.905055327945358,-0.8219978384626883,1.4675885621922848,2.085680381720395,0.2787447230820108,-0.833468375223414,-1.3884110374379715,847.9540346248663,25.224856853485107
1.704912357364063,-2.664760259345783,0.2607622548683102,4.838848438798132,2.08175188131552,2.5139014975920277,-0.8039185808042513,-4.04919911381687,777.988180415664,26.344587087631226
-3.808134218311632,5.12,2.54670785911949,-0.005777782540902443,2.045520011232721,-3.001276010304505,4.632358709549529,-4.7401101258917775,669.1371554936022,27.176831007003784
-4.628851511152628,5.12,2.5539803688250604,4.783703101230224,2.0054178100974767,4.012937763100596,-5.12,-0.45064540291290545,815.678513258445,28.330745697021484
-1.624854494752629,3.921050621943004,2.0313913873170586,2.7555240984922182,2.0718207945639815,0.8137716220241034,-0.9621888093379525,-0.8333995991507486,441.38426784660555,29.120481252670288
2.5270340636937503,-0.20956650435081414,1.0364085698768877,2.1905299833160283,2.0681538629043974,-4.636761051589262,-0.9082560873763921,-5.12,622.2384124384428,30.24429702758789
-0.8487551710846706,5.12,-0.26506746187249597,5.12,2.008840015304523,4.256236145786727,-0.8987440434836564,-3.990296008529259,421.4379551933637,31.270731687545776
0.2474462334091232,-0.7613924947033377,-2.876150179967187,4.890671677726755,2.0397475836435275,2.299730251192776,-0.9225646522008351,-3.9282551297644863,456.7042819360503,32.38007378578186
-2.8689413167813638,4.137427221942732,-3.074351749769506,-4.572152557425367,2.002356422161318,1.9467834057171203,-0.8953853188917824,-3.040836271894037,370.87829781600885,34.049360036849976
-3.6410759046302363,0.45750873058770214,-2.3462566922112233,4.531602538033428,2.0057122981663182,0.8899400199176899,-0.8959635278787603,-0.6699098964175949,952.0224438730817,34.961366176605225
2.0001046799565145,-1.0186897940299833,5.086507416644687,3.0153350074721095,2.0924078327871385,-3.2983710601982725,-0.8747527798657302,-4.86878237213884,303.11337674631636,36.177130460739136
1.3864934586216462,-1.094041741123104,3.645045729717345,-0.3836573990280785,2.1662652637820363,-4.398585759974853,-0.883832096647776,-4.939151549537762,856.9254800180087,37.247347593307495
-0.5483653899459746,4.37289482156969,-3.2509377305990306,3.260521163966458,1.996491821727445,-1.363495140199967,-0.9446052820873208,-4.325338274335121,955.4785047996348,38.22400903701782
-1.388473959863242,4.231885679020924,-5.00594245406527,-4.71563935054936,2.0227429564899753,1.6471948498256692,-1.0178855143553474,-4.650237172218302,803.6735422772992,39.24164962768555
-3.9038202669117217,-2.510443934435006,3.193957439248325,1.1785931653999695,2.0781159394280158,-3.3911966713443955,1.2304662720623254,-4.845192256396304,734.354250754182,40.31690168380737
-2.184902626484864,-0.929979960643859,0.3964271963588786,4.561412153736055,2.0681672334655454,-2.014376926381132,-0.8781305351402988,1.6742237779421885,663.6584988882593,41.395092487335205
2.8285240749698506,-0.9921033230774832,1.5926647571488877,3.1850789275056703,2.069448323299545,-3.0603677091712296,-0.8739042627450511,-5.12,432.26854302804963,42.31532955169678
-1.961959745220757,3.9100823572237706,-1.5640626101187487,-4.134276790863198,2.0515653863412426,1.509720551131652,-0.8914927940767168,-0.8420260174852361,563.3047387932196,43.321799516677856
1.5809548607501167,-1.098129642151414,3.946456195822555,-2.9805616670366244,2.1642956878939064,-3.2429643060630076,-0.8640739897854477,1.491196823100994,636.8885894578216,44.36082339286804
3.9670872204984784,4.374988175453132,-2.6969934390531716,-0.21670083233319914,1.9687645365386626,1.6245869068791823,-0.8818558697150642,-4.306407016455178,786.6235444842134,45.51025581359863
-0.7045906598106493,4.096742756037387,-0.8872541675182868,-2.259298839422068,2.070623473997159,1.6769970920817663,-0.8898659898405175,0.1145507992428012,508.80084015774975,46.621434926986694
4.241310058702848,-0.8433412242134244,1.694155995508278,-1.1003276949673086,2.058984207618015,2.209351191731205,-0.834454135879434,-5.12,509.6234926644737,47.98470687866211
2.3092476487153677,-0.7387127063852557,-3.246291065939663,4.087212631745079,2.0773744866433352,2.78100785348596,-0.8324992480765943,-2.805425323311102,618.0613943867099,49.31183075904846
-0.19076829177724264,-0.8329598914936343,0.08959683939009633,-2.4215643193987173,2.05891397809693,1.3665362726845673,-0.8853055296460663,2.2015537411940542,604.2269770603283,50.52209234237671
3.8304104446896377,5.005263233323455,0.8408707514060598,-3.629745347344561,2.0026647449509722,4.31061808958357,-0.8749800105557703,3.148199817153979,559.8522553710146,51.671939849853516
-3.2443101593187276,3.6494735820669435,-3.163376147032165,-3.499870205549672,2.0632854000622194,-0.43979521786093567,-0.960577366274797,-0.6032775637589651,938.9877645885331,52.89609980583191
2.057235573958133,4.119287043568105,-5.12,0.4837971591093764,1.9661675975137198,1.6926286119736051,-0.8362820582040911,-4.912463706628951,539.6661127189257,53.840126276016235
-2.3479869036427696,-1.0382739303819246,1.2813507755336717,1.9466423514834483,2.012408229265536,-3.3025353930685784,-0.8735643841942284,-3.2443350672922104,583.1223566892111,55.03317213058472
3.2569086246657593,4.187035132725767,0.21907293875980294,3.4674170300600755,2.0478464366705165,2.3840700606552945,-0.8675229809225709,-2.305615470732628,846.5925631750595,56.345871925354004
2.137672712061459,-1.0119390317333714,-1.6534898523694546,4.468790308740018,2.1209246785132327,-3.398228358147657,-0.8875147331738491,0.8100704017410338,731.1252759783583,57.71772074699402
3.0031564645466746,-0.942118620916589,5.12,-1.2630297392396943,2.01763337190343,-3.230694085792111,-0.8758598216287456,-2.6398130920209057,483.0549950775201,58.8881630897522
-0.03828604070087671,5.077815988611808,-0.5210045025629793,3.6647343298959933,1.9634799494811617,4.795214360002372,-0.8571592508129688,-3.2201586103074424,635.810454872656,60.0494544506073
2.2417358430500887,-0.9334552934760891,-0.6019555487611363,4.978730573149416,2.0519550778468307,1.9344506129290053,-0.8922963076417174,4.522206416337293,579.4436803674303,61.56472134590149
-4.097974319775605,4.144422547075847,-1.6430665821324353,2.9348287437400247,1.9472777525504732,1.2287287775984463,-0.8744691263973499,1.7445483333560556,506.747192352723,63.10632514953613
0.31463858423246993,3.4375374819112094,5.12,2.2860322284813677,2.0571974335032985,-1.323404225965557,-0.9626815613298776,3.000290453075233,694.3497381061763,64.44163608551025
-1.8288699305241183,4.079165928992954,0.7155556218261134,2.0039837643458895,2.057233748192533,0.8039687034556202,-0.8857531830604666,-1.2880655918658706,439.40542215527097,65.85746169090271
-4.1522458519848575,4.17029143953551,5.015449687732251,-0.6503197880348246,2.058120212761139,0.8706411348422884,-0.9388888703901435,-3.4057530781674292,559.2263478177293,67.08176589012146
1.8378093708756493,3.999490733951048,-2.622591607423973,4.8551348877162654,2.026105320776617,1.901963722941531,-0.7763749285398145,-3.356458348544241,592.6523262027705,68.52865171432495
1.492899390006146,-0.764390872762573,1.993760649961689,-3.277687834455236,2.2205326907940695,2.0413728090038354,-0.9152247036338963,-3.2934225548907654,672.3208750857017,69.90343689918518
-2.2139255327987097,4.036005016362032,1.7946643472253712,3.9484826636841914,2.196761167369236,1.1382042070369165,-0.8901642929473619,-0.04387973613616403,333.71107155920583,71.3423204421997
-3.9493863237941897,3.567531434126953,5.12,4.370564718448944,2.067560526988659,-0.7779296043474435,-0.9567801985450668,-1.0710572941372565,577.4295179211178,72.81176447868347
-1.7857571210939431,3.921446958294413,3.574920621283007,2.4883585113641242,2.1579621235899458,1.1321260861536153,-0.87533865123733,0.08934911939628964,645.1175097216023,74.38571286201477
3.5573806507093844,-1.0177857797735061,5.12,1.682455368595206,2.143347351612155,-2.83354925745548,-0.9005366040839737,-5.12,578.6373879613208,75.90357518196106
-3.133519960579627,4.114980234856239,0.03741622823363322,2.36534492946946,2.2892523554448694,1.1805817290800151,-0.8937704983363837,-4.885159231929418,519.3953596925143,77.43705940246582
-4.856017369591351,4.090575138958299,-3.632596602861709,-2.2409405938186477,1.9800041885469728,1.7923278966218108,-0.8163643177791702,3.103754997789454,546.0105980518499,79.3262505531311
-0.9550818337483973,4.138642957994109,-0.5326566272177322,3.2128235556924087,2.1976515827249568,0.9914590764707762,-0.8342538805758064,2.6680938843979565,623.1522490441624,81.39589762687683
1.2059539084853075,-0.9465193911008782,5.12,-0.4754645282096952,1.7773986568420916,-3.125134288022286,-0.8375750399475868,-5.12,559.8511405969715,83.0112943649292
-0.18783050795234502,4.113306981427507,3.191625136716305,-1.3234788433256477,1.7943035658107878,1.0146326826298901,-0.9253060684206238,-3.7198451375750103,545.3222151575536,84.51218891143799
2.219020507194225,-0.7011527133373683,-4.682915384459067,5.079989569428368,1.829717277550869,1.8530164834215643,-0.8798683956626636,-2.8195250295231564,609.3376661009297,85.99073219299316
4.56470107444533,-0.7914574878865235,5.12,-0.6650734303789925,2.2416264753601514,-3.182452282828586,-0.7929415204806949,-2.9979158533337764,743.8675098006437,87.8985288143158
-0.09771973992758465,5.12,1.7955931641030087,0.2645840181810106,2.045685675194445,3.764837910835941,-0.9352419288871143,-5.093514243421444,420.6743071118963,89.40855431556702
-1.5954761852462829,5.058818250522923,-0.45637885846427206,-1.1178794983780458,1.872582564910017,3.6485218461295146,-0.9104448950034838,-3.6146102662510406,852.5532642400209,91.13951992988586
0.7570803394554382,-1.0159414494927548,4.503186377321497,0.5458655431832593,2.056082966135551,-3.102402670637235,-0.854602231969996,4.5360168868866735,811.7469893398955,92.75105619430542
2.617299896675113,-0.7660873602868028,-0.1459836916361299,-3.3752805328945774,1.9999684268574285,1.7175383327330183,-0.9176815925556285,-3.2754887030728153,760.6448547630827,94.29298186302185
-1.0803559731822876,-0.7436325170711635,-1.2882711930559787,5.12,2.1364517783344876,2.0722611840821026,-0.8536895861037541,-5.12,443.9438890215389,95.8483338356018
-3.3440808018221375,4.08276298128843,4.317681558160186,2.4772813239621643,2.0043547657377925,1.641218206500807,-0.8558648353381537,-3.7312628748160694,896.3985835310264,97.65391111373901
-2.379096336929477,4.150640856342913,2.0363303586805364,-0.47480300718229884,2.175330109333169,1.1351224073404653,-0.8823051707686229,-1.6372348320320151,732.0408732942778,99.22244429588318
-4.091974311453174,4.020184105168187,-0.9595472739796405,5.12,2.0838318850513238,0.8678607472532898,-0.9450026055222533,1.6022093990767523,348.02944852998223,100.68474578857422
-4.613241581928686,4.074804389807652,1.0560132024406998,4.5310290273887235,1.9662900518882953,0.7463706898494502,-0.9379051040972959,-0.4583894059577709,764.4918550206238,102.17029237747192
-4.065901529384153,-4.105278947654019,-1.2821003979110759,2.975078116929354,-3.8566824659285412,-3.5691722344950234,-5.12,3.6705185638208997,665.5522576516282,103.79325890541077
-2.976814206676084,4.497977881346686,4.346932764493006,-5.12,-1.7920807081560572,3.080663300087992,-5.12,-0.8513618131471752,653.2799128003637,105.34588813781738
-1.3469534110139576,-1.0376391940375926,5.024959553632164,4.630131170062854,-2.024713945658851,-4.523107030901999,5.12,4.513822132666312,877.2281052094,106.99647426605225
3.735295350866937,-1.218462004971165,0.5759126997956061,-5.12,-3.6995098506041866,-4.785199746862345,5.12,-1.3549684551071368,909.7354126874778,108.61846446990967
3.30740593917806,-4.937567224511921,-4.684454125878496,5.12,-1.500208869160525,3.4203836098130287,-5.12,-4.06506643237695,873.2770847676505,110.25729990005493
4.547569445795824,3.1499379149529885,-4.7323626236971466,5.12,3.1701735722340247,4.51501501527298,5.12,-3.528332762566646,1000.2280870845036,111.7362744808197
1.596764148745275,-3.7124217733077023,3.2809258012880056,-4.694024219813514,4.364553111576638,-4.323055063895621,-5.12,0.05324711860696052,1015.1917665587962,113.55867314338684
-1.8009555903393526,-3.762591557162727,1.7101855589191723,-5.12,-0.8168675695596521,1.663956424514728,-5.12,-3.3296951204403773,785.549750337545,115.43990468978882
4.339971336193714,-4.727331964934195,4.920598873744088,-5.12,-1.6251565991744137,-3.6304406923897687,5.12,3.0059773186388776,815.8024962991151,117.31748628616333
0.8750022556247572,1.7048286020059775,1.5033932129681862,-5.106446316849065,-4.030741245630338,-2.9957325887290405,4.652674188746716,2.826236560571963,678.8937280618228,119.03318786621094
2.403111799927659,-3.5069049747380254,-0.4541326778262995,-5.12,-2.1478800797811783,-3.551248525725457,-5.12,-5.108602507735965,1003.4558077643104,120.82377409934998
-3.170831744125639,2.6025843289761257,1.502556166313794,-4.594690514361723,5.12,0.32160320320120395,-2.3905856579794817,-3.700191460715623,1179.6077829089631,122.61254930496216
-4.789844963593662,2.8233273946962107,-4.950650378196695,4.976254135717519,-3.578226882826659,-1.4866651036096181,4.947530628520664,3.951836210705147,669.6803471430608,124.30132508277893
3.0674427102559862,-2.5776094579386832,-2.9395236117502628,4.939157353580922,-3.984990782266193,-4.409095074529238,1.805489867096906,-1.2255825103348106,635.8382491859346,125.98536777496338
-4.738292197498453,2.4543503590922278,3.6384088592232358,5.101735768402205,0.8540251359683397,5.009017760545643,-1.1148535882305124,0.9242103232555436,658.5843012457143,128.05589365959167
-2.046523428837917,-4.754092493814575,-1.863888703023901,-4.945722184750221,3.507409061011068,-1.7594612147747517,-0.8470753076362998,-5.011170527029686,574.6899415372077,130.0043568611145
-0.6719208123070937,0.07634927620127296,1.6127637358980653,-5.020113656686073,-0.27975180076533857,-0.38059791413422417,-3.5782520338761694,-4.620057718772995,1050.52882825008,131.92403316497803
-2.1623770720078377,-5.112271044404438,1.731119685508185,-3.4970695958753826,4.068040076079213,4.6786239605447575,5.12,1.3761077539230273,846.6151945030251,133.9175410270691
2.556903505622639,-4.324780546179753,1.5605466956028122,-5.111480721052948,0.8244536625964995,-2.999972490690071,0.7949906834542526,-2.2939990725261548,879.0343067621168,136.02199029922485
-2.3016475942265227,-2.759710084698548,-2.1047728484180372,-5.090105886663359,-1.3005691485052315,4.0132595299251355,2.2051517210222347,-3.2859976595204223,665.2048827354924,138.18494582176208
5.06338876792504,-5.055155716785964,-3.6708724152192698,-4.92617220839845,3.080490425254369,3.765886201255774,-1.79876602383905,0.5982100820428773,642.1810921026995,140.39511632919312
-1.554726886009858,3.9692829586326033,-3.5195194965023697,-0.6241904719223319,2.1467232772570535,0.9844101642822194,-0.9114852869231891,0.953608081121943,663.9246404366569,142.49216842651367
4.436499878193117,-4.111323799474366,3.9056128069585982,-5.093617110708475,3.417337597222658,4.413470619059242,-3.344696519674419,4.708013941429338,1046.3234088770134,144.6714961528778
-0.5067726171562228,-0.9316213955163963,-3.294902116404959,5.12,2.2333471079428184,2.022937203742041,-0.8236933085993812,-3.7865668345729606,649.3855457316929,146.84193325042725
-1.1192736748926588,4.025981678577097,2.428149348329349,3.1449353168387537,2.2697285468981887,0.8747200140216798,-1.0192012439200067,4.259659455954988,563.6981063136209,149.21044540405273
-5.12,4.038172448576959,-1.4482216230674703,5.12,2.271553483695004,1.426627048489963,-0.9522761880675974,3.9911521024128875,654.3653746775555,151.37666058540344
-3.1544551051629997,-2.553246718699841,4.986002586426875,-4.482654792911774,-3.911200234668657,5.084849521855516,4.839455614605739,2.023271053086047,644.6655020892699,153.7429599761963
3.3484806512001617,-2.00391228099241,1.7001812572304518,4.033863535528067,-3.6536923797717575,4.792127145425858,-4.336925054318765,-4.266723337037188,891.9550794783739,155.88815307617188
-0.9166638945148069,0.3111558701514756,1.1313036746734815,0.2927652703641579,-0.6754645362244993,5.116597335830375,3.0779323119925897,-1.7544789185853262,630.8003465084652,158.1491720676422
0.9160433671142645,3.523647021058209,0.9577596489768778,3.8812897232181056,-4.119225624602681,4.98604480394017,-4.755408850726747,3.3715981438672946,640.5320326565345,160.2243356704712
-4.23814036451885,3.9174932120979564,-2.3416199907960307,4.896940056917647,-1.713689494643,5.091838325258641,-0.43010678565050053,-1.31837054042694,844.9047186904876,162.47261762619019
-4.9538860043704736,1.5207162905988518,-2.504507146920294,-5.098301655674259,2.9265357676060235,-0.15410975627121726,1.9809482207726692,3.0064897531637618,557.022291036113,165.14321303367615
0.7471615971072856,5.12,2.5520679456190702,1.7088803361244809,2.247243755535953,4.160210204692599,-0.9463991800487772,-0.5914017787132764,843.3137339413847,167.0321204662323
-3.70083412366247,4.675773405988953,4.362764922119946,-3.74847359813037,-2.3792405514912973,-1.3813163049222754,1.7758955223415862,-2.080713805024396,1067.5117506676636,169.21399092674255
-2.3928824321414273,2.15433638081326,1.3522194406982564,-5.0548044644659305,-4.109414425146384,0.3598906758503482,-0.8877321072366815,-4.023324865738558,670.4911867418641,171.20222234725952
-1.1520793441181842,5.006439098854247,-1.4206695013268775,5.062447425805197,2.950870679849948,-0.734009398800092,3.3739774193465815,4.831847138762849,671.6352787358912,173.13700795173645
0.9929554822077806,1.0985892834064215,0.019402264739861508,4.7664385515802925,-0.6984284918171157,1.833933700591082,2.151356740901389,1.5268417942005952,566.840546163975,175.33807635307312
4.093184265524328,2.142719347666631,2.424339265173778,-5.106407165352275,-1.3676911756076486,0.11087781325674673,-0.934344259647041,-2.6616264098764297,679.6161531489893,177.71794629096985
-4.164164381794551,1.343467949232851,-3.913602098099294,-3.860139890678739,-3.431127002649198,3.797362602853828,5.042664435439277,-4.52163001165751,840.1585821140561,179.87903428077698
-2.8377437182812417,-1.6299089753071625,3.1191308500959147,-4.892224812731631,-0.9557077622920609,0.11303201106158589,3.7763470299903945,-3.7177189873561582,569.9818134547297,182.01712656021118
1.8230669816357583,-1.1409466437041589,-4.166858061356279,5.102476948113577,-0.7165667707966676,-2.6119583676560825,1.788460407076328,2.868088415233009,634.9227298764855,184.34968495368958
0.10651309710082035,-3.60977486962617,0.6634720755518408,4.786911867455664,1.1787357644704954,1.1323867342366727,-5.034311746357279,-0.8609245599058264,620.0857580917524,186.5577039718628
-0.15365617488451022,1.255707500781269,-4.803529954899582,3.3933409535718804,-5.119103869247694,0.1118289152533114,-1.141936658637443,1.264202553736312,653.8756011252187,188.7705192565918
5.032461992890268,4.4078989574287055,4.811098896906306,5.1095480974631196,4.227838626381975,-4.747888611778028,-1.975832666987356,0.5131349920025468,797.9565679375389,191.19226837158203
2.14960688213253,-1.471115243949035,0.08147964100199623,-4.996127609650312,0.11808662421635141,0.2980975703897055,3.5173361842230575,2.8794494578934007,687.5444931454937,193.21311926841736
4.538940541633891,-2.5366549872045874,4.1928305297237225,3.439740002785329,1.2297318751461628,-0.7484527370684164,4.262083308931795,3.489691212900026,1236.6563834963267,195.40781331062317
0.7161359745861287,0.027415914154182985,2.337504440680724,4.962744778028003,-1.2386916349894626,3.977380541880703,-2.584654298070613,2.2754433832676932,733.407090942593,197.50981521606445
-3.8780956293007973,1.541082527240147,3.29068496798475,-3.1753130824878983,2.9983085394428253,-3.0182832294470705,-4.913297425516942,-1.5969452142841245,684.9476106500157,200.23036646842957
-4.826136685071933,-3.289466815355099,-3.3109288127583314,4.751899117295113,-0.5789652451222516,0.039600777139569665,-2.4907796389394714,-3.8571186799119674,932.2611987879367,202.991366147995
0.14209265162700735,-1.3518188879461461,2.295072918759465,-2.068773149765373,-1.0462699769094623,1.8036670250821256,-5.050357701185172,3.9796626831093276,468.08789390118307,205.92387747764587
-2.752427015932174,0.15021278633367174,-3.301373219440917,0.5032621373314923,-0.9381073534917688,-0.13886537463494353,-4.955004955480803,-4.512672925292623,782.90082913418,208.5823152065277
-4.454947790455732,-4.109637036931159,0.8808706974140668,5.066640950796496,2.641489026882594,2.3463996509601,2.292932710690474,-3.8809217258868647,823.4865614442783,211.15827345848083
-2.165125535377468,4.612560333174076,3.246953627485273,-1.580324145250208,3.5901718227278563,-1.5384490472016972,4.075089412804917,3.1413393704692973,1020.8363704405052,213.58321952819824
3.951184074065824,-2.3734528195608546,0.633646682474521,-0.09170901308300117,-5.119176288345889,-3.1363390326481815,3.1874732742068916,-3.4392295401003663,753.0535834169216,216.06912994384766
-0.5047824561346452,0.5890289453698516,2.2626683204764984,4.986034675470495,-4.142168284663299,-3.0292368412653348,4.6340314842332715,0.9008996450292797,796.6002724148783,218.8136465549469
-2.5971902232889676,-1.9870984313141795,0.3275252750183544,0.5424387633258583,-3.8783611698200877,1.4345651362248013,-4.982132894149645,0.5074768475040603,998.799962122757,221.38672256469727
-5.111550956202397,2.387381831672333,1.9929703430066112,-2.6681670511012414,-1.8574150442924604,-0.6670228324979188,5.114062956598281,2.5849931427718005,826.4947854596603,224.17880702018738
3.267069441473436,-0.9287847876552862,4.559760275560005,5.12,1.302577021195586,-0.43760668010217874,-3.466552235361436,-5.12,989.1014725165859,226.71882271766663
3.3380942672747542,-4.952506831876034,-3.426521885566226,-0.40581302417184606,0.7521656077249919,-2.7787195653976022,-4.098805364303509,3.9764465228585104,818.4319381669175,229.105872631073
-3.769340903934607,2.0766634905212564,4.390122579109634,-3.394458216091973,-1.408762959954883,-0.43948366739354316,5.038907060660921,-2.4933687634531574,1118.0222778872348,231.67236709594727
2.705336921372967,2.5414404154926435,-1.714575634940814,4.408747334138776,0.09718031167400376,1.5602702385420253,-4.80635010588756,-0.39510204851291597,1147.632307451865,234.83787178993225
-1.4893462752775855,-0.5088193503694267,0.8292434216956837,0.6964675718138382,-2.7311922793564585,-1.317115193419896,5.072642847487244,2.19326913914799,956.317636923132,237.54305028915405
-2.5102094210582955,3.427501907054622,1.3327426405278588,-2.3582427553438783,-0.22162928469992504,2.859683876079079,5.065417413121621,0.25300746702337396,990.3971842754427,240.44058895111084
-1.188347230117612,2.511540171704537,2.6767992982577073,-2.808643840867965,5.116892733395951,-4.559802824040997,-0.17690199442913812,-4.8133273029466865,899.0035068866973,243.51025867462158
4.231460850445026,-2.535661007917671,-5.12,-0.3761919385781187,-1.0017582355556884,5.12,1.9918439538234471,3.348005266523793,762.305208834031,246.4871311187744
3.985967430936287,-1.5932557541746402,-4.166755306317214,-5.12,1.8884438234449439,2.602874604914815,-0.7146995613454541,-2.379849008474596,837.6101336551723,249.5528688430786
3.1689969846841377,-1.7739642210573972,-0.27302782486526755,-2.8473595216134737,-1.124174614370963,0.9219196765083391,-5.107036291667007,4.287420675973574,547.0014831918367,252.373708486557
4.769812224900483,0.03580654982978526,5.12,-4.46423939703954,5.12,-4.872201928956551,-1.0326772071366541,3.446114671975141,700.5542556919105,255.33081984519958
-1.9017939285091585,-0.6552274051926101,-5.12,4.040010438876274,5.12,-5.12,1.9623106875532814,-2.29819603593238,499.73974795260426,258.7894637584686
-4.373948876363599,4.045470494262209,-4.030897324745679,-0.731453069137082,-0.9199716969763863,2.3878643792230534,-3.0055209655921233,3.7190672579943724,677.435079753412,262.02311873435974
-0.5282231622073947,-0.7415931946274688,-4.130539465946687,5.12,3.92918947088586,-0.7262683117759723,0.22422231652995794,-5.12,684.511238730912,265.29350209236145
-5.12,1.8262105458187339,4.292162671302372,3.8970323902887527,0.3911149460900596,5.12,-1.8733204239537868,-5.12,608.410570125072,268.8047459125519
-0.34524309907868656,1.633831443257792,-1.261959089585166,3.4368922559830404,-4.021263566869091,2.9573133688750763,0.41594549716584694,1.1883370071417243,918.517313592267,271.9762849807739
2.784753452568842,-0.7992592005711474,-0.35425510535941385,5.12,2.0055854366346546,2.563214717748541,1.6308995495411596,-5.12,797.5232730617904,275.35899209976196
-5.12,-0.6586117880990328,1.8030445578345429,5.12,2.5590368737856606,-5.12,0.21411614996038697,-5.12,715.9939967485145,278.2873110771179
1.4602844721248651,3.7034999339249746,5.051039990161796,5.12,5.10402598759802,0.4492347977375717,-3.0922276940763846,5.12,746.5073751542236,281.5806872844696
5.12,-1.2671613703269644,-4.993097392062802,-5.12,-3.0628706823787373,4.011930374427432,-5.12,5.12,384.1218403524135,284.88886404037476
1.276226922318405,-1.2534459685948902,-2.439837472934873,-3.552152981975516,-2.275158089949907,5.12,-5.12,5.12,908.8293052262449,288.87447476387024
