3.075372594901249,5.026241921327753,0.3646888911131292,-3.791350021909153,2.8924000189927233,-0.06489116157569796,-0.5386891134480623,-1.256219406726581,2.115330671595501,-4.038408608739198,-2.906807672503511,0.9089097106806534,-4.375758757183717,1.4976062848927185,-0.9810771198987212,1.8570129401344238,2.8625602156274823,0.19711765079417898,-1.975060927514658,-3.1475751858620304,-0.9003471545595714,4.638702406328691,3.144493524655794,4.0608828106985575,1.0396330434035166,-1.3908330070775965,4.9631787969047005,-4.443694652231137,-3.27554405202295,-0.6520568367669277,-3.343692498825005,-2.8528431942812285,0.695206244072553,-3.359930671331693,-4.871216336392223,-0.6058409798765059,-2.1552058803145857,-4.846930408558109,-2.8130600631745697,-0.03342835385246179,-2.1222532516266615,4.410981421494664,-0.7419470483526664,-0.571812598876817,2.588872024357441,-4.337547342916911,1.1664291777085785,-4.604415652013008,2.3613383932372436,-1.8960082814276058,-3.0914536461984095,0.2626697542616725,-1.3831849205447604,-2.247513490068661,4.1302316233850265,-4.614801053222594,-3.8945213702975727,-0.32267006740966053,2.592598084829956,1.6315995541145751,-2.5562742353290044,-2.632991852594025,-3.9481098857758603,2.320781639330777,-3.054732493457921,-3.557407962597684,2.1076848108704658,5.074524434637815,5.03312155704698,-4.91174912166271,2.2691320216094164,3.413716327840141,-2.8868161695737453,0.6387243575137314,-3.842267089330246,-0.8058507102745631,-2.0146172242757228,-1.5140448040175003,-1.0396478907870828,-3.0154008897758113,7559.312103770977,1.4638259410858154
-5.12,5.12,5.12,5.12,5.12,5.12,5.12,5.12,-5.12,-5.12,5.12,5.12,-5.12,5.12,-5.12,5.12,-5.12,5.12,-5.12,-5.12,5.12,5.12,5.12,5.12,5.12,-5.12,-5.12,-5.12,-5.12,5.12,-5.12,-5.12,-5.12,5.12,5.12,5.12,-5.12,5.12,-5.12,5.12,-5.12,5.12,-5.12,-5.12,5.12,5.12,5.12,-5.12,5.12,5.12,-5.12,-5.12,-5.12,5.12,5.12,-5.12,5.12,5.12,-5.12,5.12,5.12,5.12,-5.12,5.12,5.12,5.12,-5.12,-5.12,5.12,5.12,5.12,5.12,-5.12,-5.12,5.12,5.12,5.12,5.12,-5.12,5.12,4265.402980628715,2.1663801670074463
5.12,-5.12,-5.12,-5.12,5.12,5.12,5.12,-5.12,-5.12,5.12,-5.12,-5.12,5.12,-5.12,5.12,-5.12,-5.12,5.12,5.12,-5.12,-5.12,5.12,5.12,5.12,5.12,5.12,5.12,-5.12,-5.12,-5.12,-5.12,5.12,-5.12,-5.12,-5.12,-5.12,5.12,-5.12,5.12,-5.12,5.12,5.12,5.12,-5.12,5.12,5.12,5.12,5.12,5.12,-5.12,-5.12,5.12,5.12,5.12,5.12,-5.12,5.12,-5.12,5.12,5.12,5.12,5.12,-5.12,-5.12,5.12,-5.12,5.12,5.12,-5.12,5.12,5.12,5.12,-5.12,5.12,-5.12,5.12,-5.12,5.12,-5.12,5.12,4265.402980628715,3.1460764408111572
-5.12,5.12,-5.12,-5.12,5.12,5.12,5.12,5.12,-5.12,5.12,-5.12,-5.12,5.12,5.12,-5.12,5.12,-5.12,-5.12,-5.12,-5.12,-5.12,5.12,-5.12,5.12,5.12,5.12,-5.12,-5.12,-5.12,-5.12,5.12,5.12,-5.12,-5.12,-5.12,-5.12,-5.12,5.12,5.12,5.12,-5.12,5.12,-5.12,5.12,5.12,5.12,5.12,-5.12,5.12,-5.12,5.12,-5.12,5.12,5.12,5.12,-5.12,5.12,-5.12,-5.12,5.12,5.12,5.12,-5.12,-5.12,5.12,5.12,5.12,-5.12,5.12,5.12,5.12,5.12,5.12,5.12,5.12,5.12,5.12,5.12,5.12,5.12,4265.402980628715,3.857466459274292
5.12,5.12,-5.12,-5.12,-5.12,-5.12,5.12,5.12,-5.12,5.12,5.12,-5.12,5.12,-5.12,-5.12,-5.12,5.12,5.12,5.12,-5.12,-5.12,-5.12,-5.12,5.12,5.12,5.12,-5.12,-5.12,-5.12,5.12,-5.12,-5.12,-5.12,-5.12,-5.12,-5.12,5.12,5.12,-5.12,-5.12,-5.12,5.12,5.12,5.12,5.12,5.12,5.12,5.12,5.12,-5.12,5.12,-5.12,-5.12,5.12,5.12,-5.12,5.12,5.12,5.12,5.12,-5.12,5.12,-5.12,5.12,5.12,-5.12,5.12,-5.12,5.12,5.12,-5.12,5.12,5.12,-5.12,-5.12,5.12,-5.12,5.12,-5.12,5.12,4265.402980628715,4.525882959365845
-5.12,-5.12,5.12,-5.12,-5.12,-5.12,5.12,-5.12,-5.12,5.12,5.12,-5.12,5.12,-5.12,5.12,-5.12,-5.12,-5.12,-5.12,-5.12,5.12,-5.12,5.12,5.12,5.12,5.12,-5.12,-5.12,-5.12,-5.12,5.12,5.12,5.12,-5.12,-5.12,-5.12,5.12,5.12,5.12,5.12,-5.12,-5.12,-5.12,-5.12,5.12,5.12,-5.12,5.12,5.12,-5.12,-5.12,-5.12,5.12,5.12,5.12,-5.12,5.12,5.12,5.12,5.12,5.12,-5.12,-5.12,5.12,-5.12,5.12,-5.12,-5.12,5.12,-5.12,-5.12,5.12,-5.12,5.12,5.12,-5.12,5.12,5.12,-5.12,5.12,4265.402980628715,5.25781512260437
-5.12,-5.12,-5.12,5.12,5.12,5.12,5.12,-5.12,-5.12,-5.12,5.12,5.12,5.12,-5.12,-5.12,5.12,5.12,5.12,5.12,-5.12,-5.12,-5.12,-5.12,-5.12,5.12,-5.12,-5.12,5.12,-5.12,5.12,-5.12,5.12,5.12,-5.12,-5.12,-5.12,5.12,-5.12,-5.12,5.12,-5.12,-5.12,-5.12,-5.12,5.12,5.12,-5.12,5.12,-5.12,5.12,5.12,5.12,5.12,5.12,5.12,5.12,-5.12,5.12,5.12,-5.12,5.12,5.12,-5.12,-5.12,5.12,-5.12,-5.12,-5.12,-5.12,5.12,5.12,5.12,5.12,5.12,5.12,5.12,-5.12,5.12,5.12,5.12,4265.402980628715,5.900234937667847
-5.12,5.12,-5.12,-5.12,5.12,5.12,5.12,5.12,-5.12,-5.12,5.12,5.12,5.12,-5.12,5.12,5.12,-5.12,5.12,-5.12,-5.12,-5.12,5.12,-5.12,5.12,-5.12,-5.12,-5.12,-5.12,-5.12,5.12,5.12,-5.12,5.12,5.12,-5.12,-5.12,5.12,-5.12,-5.12,-5.12,-5.12,-5.12,5.12,5.12,5.12,5.12,5.12,5.12,5.12,-5.12,-5.12,5.12,-5.12,5.12,5.12,5.12,-5.12,-5.12,5.12,5.12,-5.12,-5.12,-5.12,5.12,-5.12,5.12,5.12,-5.12,5.12,-5.12,5.12,5.12,-5.12,5.12,-5.12,-5.12,-5.12,5.12,5.12,5.12,4265.402980628715,6.556049585342407
5.12,5.12,-5.12,-5.12,-5.12,5.12,5.12,5.12,-5.12,-5.12,-5.12,5.12,-5.12,-5.12,5.12,5.12,-5.12,-5.12,5.12,-5.12,5.12,-5.12,-5.12,5.12,5.12,-5.12,-5.12,5.12,-5.12,5.12,5.12,5.12,-5.12,5.12,5.12,-5.12,-5.12,5.12,5.12,5.12,5.12,-5.12,5.12,-5.12,-5.12,5.12,-5.12,-5.12,5.12,-5.12,5.12,5.12,-5.12,5.12,-5.12,-5.12,-5.12,5.12,5.12,5.12,5.12,5.12,-5.12,-5.12,-5.12,5.12,-5.12,5.12,-5.12,-5.12,5.12,5.12,5.12,5.12,-5.12,5.12,-5.12,5.12,-5.12,5.12,4265.402980628715,7.532366037368774
-5.12,5.12,-5.12,5.12,-5.12,5.12,5.12,5.12,-5.12,-5.12,-5.12,-5.12,-5.12,-5.12,5.12,5.12,-5.12,-5.12,5.12,-5.12,5.12,-5.12,5.12,-5.12,5.12,5.12,-5.12,5.12,-5.12,5.12,-5.12,-5.12,-5.12,-5.12,-5.12,5.12,5.12,-5.12,5.12,-5.12,-5.12,-5.12,-5.12,-5.12,-5.12,5.12,-5.12,5.12,-5.12,-5.12,5.12,-5.12,5.12,5.12,5.12,5.12,5.12,-5.12,-5.12,5.12,5.12,5.12,-5.12,-5.12,5.12,5.12,5.12,5.12,-5.12,-5.12,5.12,5.12,-5.12,-5.12,-5.12,-5.12,-5.12,5.12,5.12,5.12,4265.402980628715,8.529935359954834
-5.12,0.9325467388739916,5.12,5.12,-5.12,1.4250164855717289,5.12,-3.002766010176104,-5.12,-5.12,-5.12,5.12,5.12,5.12,5.12,-5.12,-5.12,-5.12,5.12,-5.12,-5.12,-5.12,-5.12,5.12,5.12,5.12,-5.12,5.12,-5.12,4.489250872342828,-5.12,0.5133352733423946,-5.12,5.12,-5.12,-5.12,5.12,-5.12,5.12,5.12,-3.214542063566494,4.504611905392193,-5.12,5.12,5.12,5.12,5.12,-5.12,5.12,-5.12,3.204157931507262,5.12,-5.12,5.12,5.12,5.12,-0.04936677869776407,-5.12,5.12,-5.12,5.12,5.12,-5.12,5.12,5.12,-5.12,-5.12,-5.12,-5.12,-5.12,-5.12,5.12,5.12,-5.12,-5.12,-5.12,5.12,5.12,3.787271445413473,5.12,4848.211423699502,9.22232699394226
-5.12,5.12,-5.12,-5.12,5.12,5.12,5.12,5.12,-5.12,5.12,5.12,-5.12,5.12,-5.12,-5.12,5.12,5.12,5.12,5.12,5.12,-5.12,-5.12,5.12,-5.12,5.12,-5.12,-5.12,-5.12,-5.12,5.12,5.12,5.12,-5.12,-5.12,5.12,5.12,-5.12,5.12,-5.12,5.12,5.12,-5.12,5.12,5.12,-5.12,5.12,-5.12,5.12,-5.12,5.12,5.12,-5.12,5.12,5.12,5.12,-5.12,-5.12,5.12,-5.12,5.12,5.12,-5.12,-5.12,-5.12,-5.12,5.12,5.12,5.12,5.12,5.12,5.12,5.12,-5.12,5.12,5.12,5.12,-5.12,5.12,-5.12,5.12,4265.402980628715,9.917001724243164
5.12,5.12,-5.12,-5.12,5.12,5.12,5.12,5.12,5.12,5.12,5.12,-5.12,-5.12,-5.12,-5.12,5.12,5.12,5.12,-5.12,-5.12,5.12,5.12,-5.12,-5.12,-5.12,-5.12,5.12,-5.12,-5.12,5.12,-5.12,5.12,5.12,-5.12,-5.12,5.12,-5.12,-5.12,-5.12,-5.12,-5.12,-5.12,5.12,-5.12,5.12,5.12,-5.12,-5.12,-5.12,5.12,5.12,-5.12,5.12,5.12,5.12,-5.12,5.12,5.12,-5.12,5.12,-5.12,5.12,-5.12,-5.12,5.12,-5.12,-5.12,-5.12,-5.12,5.12,5.12,5.12,5.12,5.12,5.12,5.12,-5.12,5.12,5.12,5.12,4265.402980628715,10.70033073425293
5.12,-5.12,-5.12,5.12,5.12,-5.12,5.12,5.12,5.12,5.12,5.12,-5.12,-5.12,5.12,5.12,5.12,-5.12,-5.12,5.12,-5.12,5.12,5.12,-5.12,-5.12,5.12,-5.12,-5.12,5.12,-5.12,5.12,5.12,-5.12,5.12,5.12,5.12,5.12,5.12,5.12,5.12,5.12,-5.12,5.12,5.12,-5.12,5.12,5.12,-5.12,5.12,5.12,-5.12,-5.12,-5.12,5.12,5.12,5.12,5.12,5.12,5.12,5.12,5.12,5.12,-5.12,-5.12,-5.12,5.12,5.12,-5.12,-5.12,5.12,5.12,5.12,5.12,-5.12,5.12,5.12,5.12,5.12,5.12,-5.12,5.12,4265.402980628715,11.606907367706299
3.3481385962854597,-5.034957211390659,-5.12,-5.12,0.740850249067007,-5.12,5.12,4.667351622333382,-4.069838965963413,-2.135767247213073,5.12,5.12,-5.12,-4.082844127486888,-5.12,5.12,-1.5327272394560105,-2.478508867105572,-5.12,-2.5450189029342574,5.12,1.4268980974766183,0.28811293366703694,5.12,-3.337294490716787,2.605054926972982,-1.1329447631556833,0.731524080084724,5.12,-5.12,-2.8473309410844867,-5.12,5.12,-5.12,-1.9870053690014267,-4.814526365171109,2.3381641898572205,5.12,-5.12,5.12,-3.268524999803538,-1.0967132862150262,-5.12,-5.12,-0.3354692205130485,-5.12,-5.12,5.12,5.12,5.12,-5.12,-3.4151266436415475,4.573188500810498,-5.12,-1.0665577083663207,-5.12,-1.0416767122028645,5.12,5.12,5.12,-4.683491253486819,-2.1168008996050207,5.12,2.6234746723365285,-5.12,5.12,-4.319030068726939,-5.12,5.12,0.057412444077685976,4.940486863769578,5.12,-3.382885474146396,-2.2539812278931466,5.12,5.12,5.12,-5.12,-5.12,5.12,6261.955231488386,12.398706197738647
-5.12,-5.12,-5.12,5.12,-0.22821487431479248,5.12,5.12,-5.12,-5.12,-3.2152431267999537,5.12,5.12,-1.9519271849512392,-5.12,-5.12,5.12,-4.63068357107571,5.12,-5.12,-2.8319555827262075,5.12,-5.12,1.7411593804684227,5.12,5.034630486655872,2.9045186211637732,-5.12,5.12,-5.12,-5.12,-5.12,3.752011198709442,5.12,-5.12,1.9354803701596746,-5.12,5.022458163593023,1.9460855351565725,-5.12,5.12,-5.12,-5.12,-5.12,-5.12,5.12,-1.315230589146604,-2.7237443833069426,5.12,-1.1435602756490084,5.12,-5.12,4.627424410159414,4.555147536102738,5.12,-5.12,3.182570591884736,5.12,5.12,5.12,0.515294943137512,5.12,5.12,-5.12,5.12,0.5104409148741489,-0.4629244217724793,-5.12,-5.12,5.12,5.12,5.12,5.12,-0.9349747426350268,2.946995602044564,5.12,4.7158404584747045,3.1330996037871293,5.12,-5.12,-5.12,5273.343391224137,13.190569400787354
-5.12,-5.12,-5.12,-5.12,-5.12,5.12,5.12,-5.12,-5.12,5.12,-5.12,5.12,-5.12,-5.12,-5.12,5.12,5.12,5.12,-5.12,-5.12,5.12,-5.12,5.12,5.12,-5.12,-5.12,-5.12,-5.12,-5.12,-5.12,-5.12,5.12,5.12,-5.12,-5.12,-5.12,-5.12,5.12,-5.12,-5.12,-5.12,-5.12,-5.12,-5.12,5.12,-5.12,-5.12,5.12,5.12,5.12,5.12,-5.12,5.12,5.12,-5.12,-5.12,-5.12,5.12,-5.12,5.12,-5.12,-5.12,-5.12,-5.12,-5.12,5.12,-5.12,5.12,5.12,-5.12,5.12,5.12,5.12,-5.12,5.12,5.12,-5.12,5.12,5.12,5.12,4265.402980628715,14.201434850692749
5.12,-5.12,-5.12,5.12,5.12,-5.12,5.12,5.12,5.12,5.12,5.12,-5.12,5.12,-5.12,-5.12,5.12,5.12,5.12,-5.12,-5.12,-5.12,5.12,-5.12,5.12,-5.12,5.12,-5.12,5.12,-5.12,-5.12,5.12,-5.12,-5.12,-5.12,5.12,-5.12,-5.12,-5.12,-5.12,5.12,-5.12,5.12,-5.12,-5.12,5.12,-5.12,-5.12,-5.12,5.12,-5.12,-5.12,5.12,-5.12,5.12,5.12,5.12,5.12,5.12,5.12,5.12,5.12,5.12,-5.12,5.12,5.12,5.12,5.12,5.12,-5.12,5.12,5.12,5.12,-5.12,-5.12,-5.12,5.12,5.12,5.12,5.12,5.12,4265.402980628715,14.972923755645752
-5.12,-5.12,-1.1363871322497108,5.12,5.12,-2.5690360432271326,5.12,-4.562476246975968,-5.12,-5.12,5.12,-3.506693864991262,5.12,4.991930424552648,-5.12,3.110794024070821,3.2971668009057167,4.692639325639068,5.12,3.8747455034002707,3.7376400910652157,-5.12,-5.12,-5.12,2.611450509769335,-5.12,1.5613638787028536,5.12,-5.12,-3.1312892998901276,-5.12,5.12,5.12,4.54561577697739,-5.12,-5.12,5.12,5.12,-2.2721633170687983,5.12,-2.5613195310088663,-5.12,-4.852007896846747,-5.12,5.12,5.12,-5.12,5.12,-5.12,5.12,-4.289247408384346,5.12,5.12,5.12,5.117593500601584,2.3410068698765416,-3.0179979623205755,3.5304379806938497,5.12,1.973398951887832,5.12,5.12,-5.12,5.12,5.12,5.12,3.1619849101586377,-3.79267038797349,5.12,1.1936278043101387,-1.1793059910015562,5.12,5.12,5.12,5.12,5.12,-5.12,5.12,5.12,5.12,5875.704298052567,15.751214265823364
3.000432017389543,5.12,-5.12,-5.12,-0.8648318943195701,-4.749828552991126,5.12,5.12,5.12,-1.595679938765553,5.12,-5.12,1.0092391347297465,-5.12,-4.896793439005707,-0.6340127534487756,-0.4665804152980382,-1.4099331968656275,-4.590243729615107,-5.12,-5.12,5.12,-0.144749536412764,-0.5053945151372456,5.12,1.4271964822414738,-3.7091159554087216,-5.12,-5.12,4.147069703357448,5.12,-5.12,-5.12,3.5325218826705216,5.12,1.663331095112956,-5.12,5.12,-5.12,5.12,-5.12,-5.12,5.12,4.5443591037254984,-5.12,5.12,-5.12,5.12,5.12,4.790697210141926,5.12,0.895824774644649,0.09643438788046055,5.12,5.12,0.3126192024728134,-5.12,3.069317542025863,-0.5124788044616926,0.563108736841011,5.12,-3.325662407280105,-5.12,-5.12,-5.12,4.875743734209535,2.0591978526577375,5.0507387303601545,-1.058812990683613,4.0056763539019515,-2.3785025850638566,5.12,-1.5034855619988923,5.12,2.9505150835036735,5.12,-4.874690083853553,5.12,-1.3559623641545864,5.12,6280.332763249944,16.831247806549072
-5.12,-5.12,-5.12,4.76064656412933,-1.6572896821779506,5.12,5.12,5.12,5.12,5.12,5.12,5.12,5.12,-5.12,-5.12,-3.7868316599582164,-5.12,5.12,4.2665792223223535,-5.12,-5.12,-5.0730255068628765,3.970827939279853,5.12,-5.12,-5.12,-1.5279236533883949,-2.7219703321375626,-5.12,-5.12,-3.9538057421157866,-5.12,-1.0413712185219408,-5.12,5.12,-5.030668983758267,5.12,-5.12,-1.027584163542521,-5.12,5.12,5.12,5.12,-1.9391886889632985,-1.0208254285803857,0.1926375783276253,5.12,-1.374527951377241,3.7521654213453273,-5.12,5.12,-5.12,-4.655371181725693,5.12,-5.12,5.12,-0.26706381060132944,-2.8715060560896597,5.12,5.12,1.1109547320158049,5.12,5.12,-0.09362196354044361,1.6360645246946088,-5.12,-5.12,2.8119019363219806,4.5027188379705825,4.765174705951259,5.12,-3.665884624814348,-1.858687028248272,3.106248233798678,5.12,-5.12,5.12,5.12,-5.12,-5.12,5184.92390850413,17.944182634353638
-5.12,2.718301923581773,-5.12,-5.12,5.12,-5.12,5.12,-5.12,-5.12,5.12,5.12,-5.12,5.12,-5.12,-5.12,-5.12,5.12,5.12,-5.12,-5.12,-5.12,5.12,5.12,-5.12,5.12,5.12,-5.12,5.12,-5.12,5.12,5.12,5.12,5.12,-5.12,-5.12,5.12,5.12,5.12,-5.12,5.12,5.12,5.12,5.12,5.12,-1.4241216393658132,-5.12,5.12,-5.12,-5.12,5.12,-5.12,-5.12,5.12,5.12,3.444266396075199,-5.12,5.12,5.12,-5.12,5.12,-5.12,-5.12,-5.12,-5.12,-5.12,-5.12,-5.12,-5.12,5.12,5.12,5.12,-5.12,-5.12,5.12,5.12,-5.12,-5.12,5.12,-5.12,-5.12,4629.295392230425,19.090901374816895
-5.12,-5.12,-5.12,5.12,5.12,5.12,5.12,-5.12,-5.12,5.12,5.12,5.12,5.12,-5.12,-5.12,5.12,5.12,5.12,5.12,-5.12,5.12,-5.12,-5.12,-5.12,5.12,-5.12,-5.12,5.12,-5.12,5.12,-5.12,5.12,5.12,-5.12,-5.12,-5.12,5.12,-5.12,-5.12,5.12,-5.12,-5.12,-5.12,-5.12,5.12,-5.12,-5.12,5.12,-5.12,5.12,5.12,-5.12,5.12,5.12,-5.12,5.12,-5.12,5.12,5.12,-5.12,5.12,5.12,-5.12,-5.12,5.12,-5.12,-5.12,-5.12,5.12,5.12,5.12,5.12,-5.12,5.12,5.12,5.12,-5.12,5.12,5.12,-5.12,4265.402980628715,19.979989767074585
-5.12,-5.12,-5.12,-2.6325927696432427,5.12,5.12,5.12,-1.617123386964363,-5.12,-2.311859458706034,5.12,5.12,-5.12,-5.12,-5.12,5.12,5.12,5.12,-5.12,-5.12,5.12,-5.12,5.12,0.3439493703012557,2.037133877348027,-5.12,-5.12,5.12,-5.12,-1.260508437800747,-5.116638972020103,0.588310174801502,5.12,-5.12,-0.2948054262386677,-5.12,-4.142693268638612,-2.8895415622253715,-2.6051051322763032,3.44473925739359,-5.12,-2.449191576649749,-4.503031960123229,-5.12,5.12,4.84331621465411,-5.12,5.12,-5.12,5.12,5.091537688927832,-1.5002950422213548,5.12,5.12,-2.1287767406357694,-2.311647805343078,5.12,5.12,4.240403852926682,-3.0583624998920294,-5.12,5.12,-5.12,-3.0075234167721727,-4.199142220017737,-5.12,-4.9882688630441,1.7682993163964946,5.12,5.12,5.12,5.12,-5.12,5.12,5.12,5.12,4.449418501295473,5.12,-5.12,-5.12,5900.925147087746,21.255095958709717
-5.12,-5.12,-5.12,3.8597682488364304,5.12,5.12,5.12,-3.958814603669105,-5.12,4.872149665082062,5.12,5.12,5.12,-5.12,-5.12,5.12,5.12,5.12,1.5881477985881176,-5.12,-5.12,-5.12,-5.12,-5.12,5.12,-5.12,-5.12,2.8168306276277644,-5.12,-1.6750968099861452,1.9070044133892736,5.12,5.12,-5.12,-0.46397755211134584,-5.12,5.12,-1.4133832864012477,-5.12,4.615984145554655,-5.12,-5.12,-1.7219406275240283,-5.12,5.12,-5.12,-5.12,5.12,-5.12,5.12,1.7873396354015334,5.12,5.12,5.12,-5.12,-1.6899710811706221,-5.12,5.12,5.12,0.6274941575953763,-4.081061284375893,5.12,-5.12,-5.12,3.9523491169473806,-5.12,2.4785841078716775,3.028528318425292,-0.4787348960432736,5.12,5.12,5.12,-5.12,5.12,5.12,5.12,-5.12,-5.12,-5.12,-5.12,5356.078916062382,22.15802836418152
-5.12,-5.12,-5.12,5.12,-5.12,5.12,5.12,-5.12,-5.12,0.24905628810188762,5.12,5.12,5.12,5.12,5.12,5.12,-1.9461143264015321,5.12,5.12,1.0540311763188246,5.12,-5.12,5.12,4.570290350429235,4.7341139054663435,-5.12,-5.12,5.12,-5.12,2.0249364680178905,3.3525457828203065,5.12,5.12,-5.12,5.12,-5.12,5.12,-5.12,-0.24433961320036168,-5.12,-0.4077642818263456,-5.12,-2.0788778692845744,-5.12,5.12,-0.0692061382832776,-5.12,5.12,-4.338764101427555,-5.12,5.12,3.004003977440502,5.12,-5.12,-5.12,-2.631065506226233,-0.11106498299961043,-5.12,5.12,5.12,5.12,5.12,-5.12,1.0000997100967384,5.12,-3.669495228114756,-5.12,-5.12,-5.12,5.12,5.12,5.12,2.163392002902868,-5.12,5.12,5.12,5.12,-5.12,-2.7983444573858227,5.12,4867.257686624055,23.172082901000977
-3.119218973403568,-0.9403728066082211,-5.12,5.12,4.276024215203841,1.4844543850137146,5.12,-2.497415191363999,5.12,-3.6629252424916103,5.12,3.8793378704439467,5.12,-5.12,-2.3694299456332732,5.12,5.12,5.12,5.12,-3.6163745255596202,2.8629622061379374,-1.9254640810281671,-5.12,-3.7050492557674994,5.12,-3.3815389852618174,-2.4270355032058752,5.12,-5.12,5.12,-1.8787928069587783,5.12,5.12,-5.12,-5.12,-0.6118102537354488,5.12,-5.12,-5.12,4.32660621340857,5.12,-5.12,-5.12,-5.12,0.4811553449790189,-3.072577252792398,-5.12,3.597326133392685,-1.3274439323968732,5.12,-2.633827694855454,2.5997110028477017,4.507356145538949,5.12,1.055467373174869,-1.7585984322774801,-5.12,5.12,5.12,-5.12,5.12,-5.12,5.12,-4.4677970844873665,2.7148729702158914,5.12,-5.12,-5.12,-1.0848254068246383,5.12,5.12,5.12,3.4325036338147603,5.12,5.12,5.12,-5.12,5.12,1.3281027308413869,-5.12,6684.106034249953,24.11585259437561
-5.12,5.12,-2.496255205358299,-1.762377552641682,5.12,5.12,5.12,5.12,-2.8350552795440205,5.12,5.12,4.942576104461895,5.12,-5.12,-5.12,5.12,5.12,5.12,5.12,-5.12,-5.12,-5.12,-0.9206183162718675,-5.12,3.4729946791436435,-5.12,2.3327916062605913,-5.12,-5.12,-3.5387790109337574,5.12,0.1291754143394197,-3.0484235580757626,-5.12,5.12,4.734180582216143,5.12,5.12,-5.12,5.12,-1.9569746909704042,-5.12,2.5182751895717708,5.12,-5.12,5.12,-3.5616253707933634,5.12,5.12,5.12,5.12,-2.5047154641195006,1.3347882980115386,5.12,-5.12,2.5328279648527214,-4.252802613835509,5.12,-5.12,5.12,3.158654171370425,5.12,-5.12,0.2634471546769097,-5.12,5.12,-3.000495090635134,0.2714739635536434,5.12,5.12,5.12,5.12,-5.12,5.12,-0.13728073816723008,-1.1375392537830193,5.12,-5.12,-5.12,5.12,5600.499872965322,25.072184085845947
5.12,-5.12,-5.12,5.12,-5.12,5.12,5.12,5.12,-1.6029949860905104,2.061670288771377,-1.2997176147137113,4.8916789332455375,-5.12,-1.4822128716619751,5.12,2.306299596612499,-5.12,-4.451356002866009,-5.12,-5.12,1.06412143817328,2.1602544952706895,5.12,5.12,-5.12,-0.6645878319771574,-1.2014065898365858,-5.12,-1.0831219101864056,-4.631169769933034,5.12,-1.3193112670196956,-5.12,-5.12,5.12,-2.354257639892083,-5.12,-5.12,5.12,-0.5040400007475991,4.669948982622986,5.12,0.4005455567030456,3.1459973711750804,4.936649322435737,-5.12,2.1147656842631637,5.12,0.6311720140589525,-5.12,3.6909326869303536,-5.12,-5.12,2.4543572441041226,-5.12,-5.12,1.4342206890370655,-1.7006392310507956,5.12,5.12,-4.542712579481949,2.6646940007629096,-5.12,-5.12,-5.12,-5.12,-5.12,-5.12,-5.12,5.12,5.12,5.12,-5.12,-3.8110900955397504,5.12,5.12,1.6426301357340947,5.12,-5.12,-5.12,6519.612402249204,26.07566547393799
-5.12,5.12,5.12,3.368264896101711,-4.332701371512496,5.12,5.12,-4.942426145567163,-5.12,0.4282366012548904,-5.12,5.12,-5.12,-5.12,5.12,5.12,-5.12,-5.12,4.704924078883239,3.936178344640692,5.12,-5.12,5.12,4.602548214238571,5.12,5.12,-5.12,5.12,-5.12,5.12,-5.12,3.9498237171437216,1.1692744649242472,-1.746754693683207,5.12,-2.782456298372229,3.492016538097668,-5.12,5.12,-5.12,-5.12,-5.12,-5.12,-5.12,0.27084332816279844,5.12,-5.12,-2.0470025535990506,3.6409500803311934,-5.12,-0.15497395969506833,1.601038873080137,1.2454230895793303,-5.12,-3.3685664511249023,3.7362191852882214,0.6937304636350508,0.018372575504827182,5.12,5.12,5.12,5.12,-5.12,3.7450322417781505,-0.4160131547203747,-5.12,-5.12,-5.12,-5.12,4.806064751339863,5.12,5.12,-1.9322272873404982,-5.12,-5.12,5.116513568629819,5.12,5.12,3.511588932105794,5.12,5923.75093361837,26.95459771156311
1.5036159760679109,-1.8667137450443785,-0.5014818222295601,-0.025721253744698913,-2.2069657448081226,5.12,5.12,5.12,-5.12,-5.12,3.0414574682519318,5.12,-5.12,3.4748901016001037,5.12,5.12,-5.12,5.12,5.12,-5.12,5.12,-5.12,-2.6342753667199084,5.12,-5.12,-5.12,-5.12,-5.12,-5.12,-5.12,5.12,5.12,-0.7443572664055047,-5.12,-5.12,-5.12,-5.12,-5.12,2.199242814899585,-4.676972941257663,1.4643772974394835,-4.891349108121849,-2.4718304311968518,-5.12,5.12,5.12,-5.12,3.5293253734512975,-5.12,-5.12,5.12,-2.9540612670187607,-2.751769712885194,5.12,-5.12,-5.12,5.12,-4.627454242585857,5.12,5.12,-5.12,5.12,-5.12,-5.089104008386544,-0.08052067588651557,-5.12,-5.12,-5.12,5.12,-5.12,5.12,5.12,5.12,-5.12,5.12,1.3239302984732966,1.5519193832214464,5.12,-4.716878902354217,-3.0315995421632427,5767.989817844156,27.916483402252197
1.055301915892934,-1.420426267667679,-5.12,-0.7477207713727951,2.052175936701235,5.12,5.12,0.3897897306526765,-0.9455444274387244,5.12,-0.46653159336993344,5.12,-5.12,-5.12,5.12,5.12,-5.12,-5.12,-5.12,-5.12,-1.7119894807885694,3.143772927945766,-5.12,5.12,5.12,5.12,-5.12,3.8270733563208728,-5.12,5.12,5.12,-5.12,-1.0136503873259288,-5.12,5.12,5.12,5.12,-1.513405362521694,2.3771992627789205,-4.123778021641024,-5.12,5.12,1.8445130370248952,-2.474370972847881,5.12,-4.38064930517525,5.12,-5.12,5.12,1.5815002455482974,-2.184205522750741,-4.845075563415649,-0.42884640670192464,-2.1182173573169356,-5.12,-5.12,4.582503543653897,3.7731879038528957,-0.5493162077452638,5.12,-0.2806255307977876,5.12,-5.12,3.699502257836726,3.6477227068002884,-5.12,-5.12,-4.50046082565604,-5.12,5.12,5.12,5.12,-5.12,4.961472264154447,-4.334700588019478,0.9275143249136217,4.0063615836993085,-1.0129560937737372,-5.12,-0.11017083781796444,6155.245385475393,29.01888656616211
-5.12,5.12,5.12,-5.12,5.12,-5.12,5.12,5.12,-5.12,5.12,5.12,-5.12,5.12,-5.12,5.12,-5.12,5.12,5.12,5.12,-5.12,-5.12,5.12,5.12,-5.12,5.12,-5.12,5.12,5.12,-5.12,5.12,-5.12,5.12,-5.12,5.12,-5.12,5.12,-5.12,-5.12,-5.12,5.12,5.12,5.12,5.12,5.12,5.12,5.12,5.12,-5.12,5.12,-5.12,5.12,-5.12,-5.12,5.12,5.12,5.12,-5.12,5.12,-5.12,5.12,5.12,5.12,-5.12,-5.12,-5.12,-5.12,5.12,-5.12,-5.12,-5.12,5.12,5.12,-5.12,-5.12,-5.12,5.12,-5.12,5.12,5.12,5.12,4265.402980628715,30.18627381324768
-2.335337288390302,5.12,-5.12,5.12,5.12,-5.12,5.12,-5.12,-5.12,5.12,5.12,-5.12,-1.380771418226915,-5.12,-5.12,-5.12,4.600390609379963,-5.12,-5.12,5.12,-5.12,5.12,-5.12,-5.12,5.12,5.12,-4.253549148566059,-4.332435631847413,-5.12,5.12,0.14434608708054242,-1.7444756997493704,2.8733872227482724,5.12,-5.12,5.12,-3.735227632254329,-5.12,2.880001078894243,0.6733907945997428,-5.12,5.12,5.12,5.12,-5.12,-5.12,5.12,-4.120823026525658,-0.10718586192978652,-5.12,-4.798591781988116,-5.12,1.5120652401816104,2.9456984354975093,5.12,1.4378075828559735,5.12,-4.8606133164994825,2.232555471329073,5.12,-5.12,-5.12,-5.12,-5.12,5.12,-3.06897261975711,-4.301892897690071,1.2338728477935694,-5.12,5.12,2.4629530010343554,-5.12,-5.12,-5.12,-5.12,-5.12,-5.12,5.12,5.12,5.12,5537.681525341689,31.55749750137329
5.12,-5.12,-5.12,5.12,-5.12,-0.6766540972605739,5.12,-5.12,-5.12,-5.12,5.12,-5.12,5.12,5.12,5.12,5.12,-1.236091233735964,5.12,5.12,5.12,5.12,-5.12,-5.12,2.5793814086842177,-5.12,-5.12,-5.12,5.12,-5.12,-5.12,5.12,5.12,5.12,-0.015751530247656298,-5.12,-5.12,5.12,-5.12,5.12,-5.12,-5.12,5.12,5.12,-5.12,-5.12,-5.12,5.12,5.12,-5.12,-5.12,5.12,5.12,5.12,5.12,5.12,-5.12,-5.12,-5.12,5.12,5.12,5.12,-5.12,-5.12,-5.12,5.12,5.12,5.12,-5.12,5.12,-5.12,-5.12,5.12,5.12,5.12,-5.12,-5.12,-5.12,5.12,5.12,5.12,4484.821247459839,32.77273869514465
4.312165732554548,0.7722463889209124,-5.12,5.12,2.5951368754778743,2.489474542404764,5.12,-5.12,4.3952218053303875,5.12,3.0565213144039385,-5.12,5.12,-5.12,2.499767524667477,5.12,5.12,-5.12,-5.12,5.12,0.6950268580866927,1.2400497161938224,-0.2622156224305989,-5.12,-3.6815429660327723,3.033100544096583,0.15154632666566492,-2.225901955935269,-5.12,5.12,5.12,5.12,-1.690690035204221,-5.12,5.12,5.12,0.2979280810645113,-5.12,-5.12,-2.749567325497411,2.285690904071364,-5.12,-5.12,4.119685798118097,-3.5937986029627274,0.9278559288769399,5.12,3.074354458191622,-3.116239575740506,-1.2819203690353542,-5.12,5.12,1.7481724735475623,5.12,-4.53131680857303,-5.12,0.21097357556614682,3.5150856988191235,-5.12,-5.12,5.12,2.8607254543116607,-5.12,-5.12,-2.8722943288635703,5.12,0.781180780367766,-2.162363292011327,1.812899429294271,5.12,5.12,5.12,-1.833106469615859,-2.335155325976341,2.9573501011451286,-4.608975159179469,-5.12,5.12,-3.450726537450577,0.012439110587076918,6333.070749993067,33.8689169883728
-5.12,5.12,5.12,-5.12,-5.12,5.12,5.12,5.12,-5.12,5.12,-5.12,-5.12,-5.12,5.12,5.12,-5.12,-5.12,-5.12,-5.12,-5.12,-5.12,5.12,5.12,5.12,-5.12,5.12,5.12,-5.12,-5.12,5.12,5.12,5.12,-5.12,5.12,5.12,-5.12,-5.12,5.12,-5.12,5.12,5.12,5.12,5.12,5.12,5.12,-5.12,5.12,-5.12,5.12,-5.12,5.12,-5.12,-5.12,5.12,-5.12,-5.12,5.12,-5.12,5.12,-5.12,-5.12,-5.12,-5.12,5.12,-5.12,5.12,-5.12,5.12,-5.12,-5.12,5.12,-5.12,-5.12,-5.12,5.12,5.12,5.12,-5.12,-5.12,5.12,4265.402980628715,35.074795961380005
-5.12,5.12,-5.12,-5.12,5.12,5.12,5.12,5.12,-5.12,5.12,5.12,-5.12,5.12,-5.12,-5.12,-5.12,5.12,-5.12,4.926059789832272,-5.12,-5.12,-5.12,5.12,-5.12,5.12,5.12,-5.12,-5.12,-5.12,5.12,5.12,-0.05359568921571256,-5.12,-5.12,5.12,5.12,-5.12,5.12,-5.12,5.12,5.12,-5.12,5.12,5.12,-5.12,5.12,-5.12,4.918523599656715,5.12,5.12,-0.0726706761861804,-5.12,5.12,5.12,2.5520768091118997,-5.12,-5.12,5.12,-5.12,5.12,-5.12,-5.12,-5.12,5.12,-5.12,5.12,-4.921431848917195,5.12,5.12,5.12,5.12,-5.12,-5.12,5.12,5.12,5.12,-1.7360703111390903,5.12,-5.12,5.12,4329.048943220946,36.267231702804565
-5.12,5.12,5.12,-5.12,-2.239855573211502,5.12,5.12,-0.2379619575067773,-5.12,5.12,-3.807972196010361,5.12,5.12,-5.12,-5.12,-5.12,-0.3600118205510192,-2.756670396390023,5.12,-5.12,-5.12,-5.12,4.606662046488222,5.12,5.12,5.12,-5.12,-5.12,-5.12,5.12,-5.12,5.12,-5.12,-5.12,5.12,5.12,5.12,5.12,-5.12,5.12,5.12,-5.12,-5.12,5.12,5.12,-0.21841437522799456,-5.12,-5.12,4.217393809783355,5.12,5.12,-5.12,-5.12,5.12,1.0782429189038423,5.12,3.2702805178355314,5.12,-2.4966542770934117,-5.12,2.8133815637580373,1.2972889990097247,-5.12,5.12,-5.00518212558992,-2.742886504346217,1.9301555552832657,4.958689868576903,-5.12,5.12,5.12,5.12,-5.12,3.111035861886463,1.7775948313405898,5.12,-5.12,-5.12,-4.877191813845122,-5.12,5005.74170126338,37.55366921424866
-5.12,5.12,-5.12,-5.12,5.12,5.12,5.12,-5.12,5.12,5.12,-5.12,-5.12,5.12,-5.12,-5.12,-5.12,-5.12,5.12,-5.12,-5.12,-5.12,5.12,5.12,5.12,-5.12,5.12,5.12,-5.12,-5.12,5.12,-5.12,0.46439539046316636,-5.12,5.12,5.12,-5.12,-5.12,5.12,-5.12,5.12,5.12,5.12,5.12,-5.12,5.12,-5.12,5.12,-5.12,5.12,5.12,5.12,-5.12,5.12,5.12,5.12,5.12,-5.12,5.12,-2.260760391778259,5.12,5.12,-5.12,5.12,-5.12,5.12,5.12,5.12,5.12,-5.12,-5.12,5.12,-5.12,-5.12,-5.12,5.12,5.12,-5.12,5.12,5.12,5.12,4468.35851303076,38.74274230003357
-5.12,5.12,-5.12,-5.12,5.12,5.12,5.12,5.12,-4.14334387946272,5.12,-2.8849083896102194,1.6794078854150642,-1.2776571151892027,-5.12,-5.12,0.7764338180152031,5.12,3.7055275113012636,-5.12,-1.4602758578428041,-5.12,-5.12,5.12,-5.12,5.12,5.12,-5.12,-5.12,-5.12,5.12,0.7219943251035223,-3.126939705072897,-5.12,-5.12,5.12,5.12,-5.12,5.12,-5.12,5.12,5.12,-5.12,-0.6217548664470289,5.12,-4.159375285154531,5.12,-5.12,-1.3346626914366868,4.668475073331176,5.12,5.12,-5.12,5.12,1.0363984879191435e-06,1.7174709088101272,-5.12,5.12,5.12,-5.12,5.12,1.779563985269144,-3.9532916467854244,-1.9059249334294281,-2.188197497785998,-5.12,5.12,-5.12,5.12,5.12,5.12,5.12,-2.721862349443011,-5.12,5.12,5.12,5.12,0.40858279416687804,5.12,-5.12,5.12,5264.8853089025815,39.79601740837097
-2.025974663491726,-0.30854752090929694,-5.12,5.019021026668473,-5.12,4.8419672621941645,5.12,-5.12,-5.12,-3.796837890228993,5.12,-4.148915759337849,4.937197602700382,-5.12,-5.053520698698933,5.12,5.12,5.12,1.707483478440576,-5.12,1.4708830223760394,-5.12,-4.098925542912424,-3.3799330440421547,5.12,1.8148824349034793,4.743828622029466,5.12,-5.12,5.12,-2.6494835389038225,5.12,5.12,-0.9448864501635379,-5.12,-5.12,5.12,5.12,-5.12,5.12,-3.0907929672168755,-3.1548239581048456,-5.12,-5.12,-0.02325330498297884,-5.12,-5.12,5.12,-5.12,1.6668404894244269,-5.12,-5.11975575135166,5.12,5.12,5.12,2.0373980862608185,-5.12,5.12,5.12,5.12,-5.12,-5.12,-5.12,-5.12,-5.12,2.8440829047941145,-2.481702201811018,-5.12,-5.12,-5.12,5.12,-1.6563235836693462,-5.12,5.12,-5.12,-5.12,-5.12,5.12,-3.662929808763379,5.12,5108.835534717643,41.423004150390625
-1.9937036654237001,5.12,-5.12,-5.12,5.12,4.916155306440188,5.12,-1.070938193331358,-5.12,5.12,0.8901751469340242,-5.12,5.12,-5.12,5.12,4.034700814070999,5.12,-5.12,5.12,-5.12,-5.12,4.036817867919017,5.12,-5.12,2.504797084683723,4.052271041667622,-0.35590789194695116,0.43621362495265537,-5.12,5.12,5.12,5.12,-2.283533166364031,0.1475220253065208,-5.12,5.12,-5.12,5.086831330059559,-5.12,1.7118517537246456,5.12,-0.8302246771054111,5.12,5.12,5.12,-5.12,-5.12,4.260510850204629,-0.3867837870229307,2.763642252730567,-5.12,5.12,5.12,5.12,-2.1246598841494215,-3.7109967244786035,-5.12,-2.0137334147145505,-5.12,5.12,-3.9475774021686596,-2.5929473645935386,-5.12,3.187881068941784,-5.12,0.2667916550281966,5.12,0.8279160334191094,-5.12,3.049199514532922,5.12,5.12,-2.0611552205758032,-2.5803443440274365,-5.12,5.12,-5.12,-5.12,5.12,5.12,5043.957886382971,42.65480613708496
-5.12,-2.031587142047495,5.12,5.12,-5.12,5.12,5.12,-5.12,-5.12,5.12,-5.12,4.613617599254913,-0.049019694857535434,5.12,5.12,-5.12,-5.12,5.12,-2.796065625101661,-5.12,-5.12,-3.3359857063455682,-5.12,5.12,-5.12,5.12,-5.12,5.12,-5.12,5.12,5.12,5.12,0.004267989080935841,-5.12,-5.12,1.0676330705737005,5.12,-5.12,-5.12,1.5749289070635708,5.12,-1.1947199590216333,-1.0523617933177176,5.12,5.12,-5.12,5.12,5.12,5.12,-5.12,5.12,5.12,-5.12,5.12,-5.12,5.12,-5.12,-5.12,-5.12,-5.12,5.12,-1.912504356435258,-5.12,5.12,5.12,-5.12,-5.12,2.262694638843328,-5.12,-5.12,5.12,-5.12,2.405173624225747,-5.12,4.296273701314205,-5.12,-5.12,5.12,5.12,5.12,4711.154637425205,44.037495851516724
-5.12,5.12,5.12,-5.12,-5.12,-5.12,5.12,5.12,-5.12,5.12,-5.12,-5.12,5.12,5.12,5.12,-5.12,-5.12,-5.12,5.12,5.12,-5.12,5.12,5.12,5.12,-5.12,5.12,5.12,-5.12,-5.12,5.12,5.12,5.12,-5.12,5.12,5.12,5.12,-5.12,5.12,-5.12,5.12,5.12,5.12,5.12,-5.12,5.12,5.12,5.12,-5.12,5.12,-5.12,5.12,-5.12,-5.12,5.12,5.12,5.12,-5.12,-5.12,-5.12,5.12,5.12,-5.12,-5.12,5.12,-5.12,5.12,-5.12,5.12,-5.12,-5.12,5.12,-5.12,-5.12,-5.12,5.12,5.12,-5.12,5.12,5.12,5.12,4265.402980628715,45.81133460998535
-5.12,5.12,-5.12,-5.12,-5.12,5.12,-5.12,5.12,-5.12,-5.12,-5.12,-5.12,-5.12,5.12,-5.12,-5.12,-5.12,-5.12,-5.12,-5.12,5.12,-5.12,-5.12,5.12,5.12,5.12,-5.12,-5.12,-5.12,5.12,5.12,-5.12,-5.12,5.12,5.12,-5.12,-5.12,5.12,5.12,5.12,5.12,-5.12,5.12,-5.12,-5.12,5.12,-5.12,5.12,5.12,5.12,5.12,-5.12,5.12,5.12,-5.12,-5.12,-5.12,5.12,5.12,5.12,-5.12,-5.12,-5.12,5.12,5.12,5.12,-5.12,5.12,5.12,-5.12,5.12,-5.12,5.12,5.12,5.12,5.12,5.12,5.12,-5.12,5.12,4265.402980628715,47.26862597465515
5.12,-5.12,-5.12,-5.12,-5.12,-5.12,5.12,5.12,-5.12,5.12,-5.12,-5.12,-5.12,-5.12,5.12,-5.12,-5.12,5.12,-5.12,-5.12,-5.12,-5.12,5.12,5.12,5.12,5.12,-5.12,5.12,-5.12,-5.12,5.12,5.12,5.12,-5.12,5.12,-5.12,5.12,5.12,5.12,-5.12,-5.12,-5.12,5.12,5.12,-5.12,-5.12,5.12,5.12,5.12,-5.12,5.12,5.12,-5.12,5.12,-5.12,5.12,5.12,5.12,5.12,5.12,5.12,-5.12,-5.12,5.12,5.12,-5.12,-5.12,5.12,5.12,5.12,5.12,-5.12,5.12,5.12,-5.12,-5.12,5.12,5.12,-5.12,5.12,4265.402980628715,48.633450984954834
-5.12,5.12,-5.12,-5.12,4.095021627992341,-3.3024333330504714,-1.1849297036978266,5.12,-5.12,5.12,-5.12,-3.0345229785556174,-5.12,-5.12,5.12,-5.12,-5.12,-5.12,-5.12,-5.12,-4.360123358274726,2.25585118492818,5.12,-3.453431894000877,5.12,5.12,-5.12,-5.12,-5.12,5.12,-5.12,-2.920425955680682,-5.12,0.179711992532666,5.099336593732045,0.5929003439320892,-5.12,5.11088379313727,-2.4714713482471256,5.12,-4.712252874395577,-5.12,-5.12,3.9951418110034025,0.3936915114650841,5.12,-5.12,-0.2310432742504176,5.12,-3.8691156074881414,2.622812754464012,-3.4365959892151206,-5.12,5.12,-0.1688571451057177,5.100246115723141,-3.314699273154524,-0.9136869484025087,-3.9914046202217444,5.12,-3.7432526613831585,2.3213477725327456,-5.12,5.12,-5.119565858582639,5.079143736219733,-2.5517548529871634,5.12,-1.8139327698760006,-0.9078947279384639,5.12,3.993827948416766,-5.12,-5.12,-0.03704006555487105,5.12,5.12,5.12,2.722466353448998,5.12,5629.863044835726,50.35915017127991
-5.12,5.12,-5.12,-5.12,-5.12,5.12,-5.12,5.12,5.12,5.12,5.12,-5.12,-5.12,-5.12,-5.12,-5.12,5.12,5.12,-5.12,5.12,-5.12,5.12,5.12,5.12,-5.12,5.12,-5.12,-5.12,-5.12,5.12,5.12,-5.12,5.12,-5.12,5.12,5.12,-5.12,5.12,-5.12,-5.12,5.12,-5.12,5.12,5.12,-5.12,-5.12,5.12,5.12,5.12,-5.12,5.12,-5.12,5.12,5.12,-5.12,5.12,5.12,-5.12,-5.12,5.12,-5.12,-5.12,5.12,5.12,5.12,5.12,-5.12,5.12,5.12,5.12,5.12,-5.12,-5.12,-5.12,5.12,5.12,5.12,5.12,-5.12,-5.12,4265.402980628715,52.08252716064453
-5.12,-5.12,-5.12,-5.12,-5.12,5.12,5.12,5.12,-5.12,5.12,-5.12,-3.787780375625279,-5.12,-5.12,5.12,-5.12,-5.12,5.12,0.45291261850416387,-5.12,5.12,5.12,5.12,5.12,5.12,-5.12,5.12,5.12,-5.12,-5.12,-5.12,-5.12,-1.2830581448821654,-5.12,5.12,-5.12,-5.12,5.12,-5.12,5.12,-5.12,-3.4257512038233173,5.12,-5.12,5.12,5.12,5.12,5.12,5.12,-3.8040903130292603,-5.12,-5.12,-5.119761194075207,5.12,-5.12,-5.12,-5.12,-5.12,5.12,5.12,5.12,5.12,-5.12,5.12,5.12,5.12,-5.12,5.12,5.12,-5.12,5.12,-5.12,-5.12,5.12,-5.116693282540673,5.12,5.12,5.12,-5.12,5.12,4688.415367120614,53.41534471511841
5.12,5.12,-5.12,-5.12,5.12,-5.12,-5.12,0.18342602603295255,5.12,-1.2342509507199093,5.12,-5.12,5.12,-5.12,-5.12,5.12,3.5705558479035213,5.12,3.919835815204519,-5.12,-1.0385008171862475,-5.12,5.12,0.15376850843534484,0.23049740805474261,5.12,-5.12,-5.12,-5.12,0.40518889876326014,-5.12,3.7323292242323225,-0.778826666254294,5.12,5.12,-5.12,1.8949028157202612,5.12,4.221648384470822,-5.12,-5.12,5.12,5.12,-5.12,-5.12,-5.12,-5.12,3.394131102737332,-5.12,5.12,5.12,-5.12,5.12,5.12,5.12,5.12,5.12,5.12,5.12,5.12,5.12,-5.12,5.12,-5.12,5.12,5.12,5.12,5.12,5.12,5.12,5.12,5.12,-4.872403988175004,-5.12,5.12,2.16318628887605,-5.12,5.12,2.2587920490815296,5.12,4852.314268593622,55.26067519187927
5.12,-5.12,5.12,-5.12,-5.12,-5.12,-5.12,5.12,-5.12,5.12,5.12,-5.12,-5.12,5.12,-5.12,5.12,5.12,5.12,-5.12,-5.12,5.12,-5.12,5.12,5.12,5.12,-5.12,5.12,-5.12,-5.12,5.12,5.12,5.12,5.12,5.12,-5.12,-5.12,5.12,5.12,5.12,-5.12,5.12,5.12,5.12,-5.12,5.12,-5.12,-5.119999999999999,5.12,5.12,-5.12,-5.12,-5.12,5.12,5.12,-5.12,-5.12,5.12,5.12,5.12,5.12,-5.12,-5.12,-5.12,5.12,-5.12,5.12,-5.12,-5.12,5.12,-5.12,5.12,-5.12,5.12,-5.12,-5.12,-5.12,5.12,5.12,-5.12,5.12,4265.402980628714,57.065240144729614
5.12,-4.618621835566226,-5.12,-5.12,-5.12,5.12,5.12,5.12,1.7447244136576385,-0.3184784606268023,5.12,-5.12,-5.12,-5.12,0.36596504191782486,5.12,5.12,5.12,-5.12,5.12,4.099723511937108,5.12,5.12,-5.12,5.12,-5.12,-5.12,5.12,-5.12,-5.12,0.3038988589659235,-5.12,5.12,-5.12,5.12,-5.12,-5.011879845216781,0.6329064524914667,1.4127283854200163,-5.12,-4.364819050980635,4.096504142602316,5.12,5.12,-5.12,4.317778614123447,5.12,5.12,-5.12,-3.0507216392415883,5.12,5.12,5.12,5.12,0.6699436445966942,-2.2526581601012627,5.12,5.12,5.12,-5.12,-5.12,5.076448194200078,-5.12,-2.0848520685434084,5.12,-5.12,-5.018276642923283,5.12,5.12,5.12,5.12,-5.12,3.8267919951749994,5.12,-5.12,5.12,5.12,-5.12,-5.12,-1.8284632778895644,5212.939858435218,58.76756429672241
-5.12,-3.6941858621084904,-5.12,5.12,-5.12,5.12,5.12,-5.12,-5.12,-5.12,5.12,-5.12,-5.12,-0.5452867804994552,-4.343729473105012,5.12,-5.12,5.12,-5.12,5.12,5.12,-5.12,-5.12,5.12,-5.12,-5.12,5.12,5.12,-5.12,-5.12,5.12,5.12,5.12,5.12,5.12,-5.12,-5.12,5.12,5.12,5.12,5.12,0.20793084041465626,5.12,-5.12,-5.12,-5.12,5.12,5.12,-5.12,5.12,5.12,5.12,5.12,5.12,5.12,-5.12,-5.12,4.1110760561426245,5.12,5.12,5.12,-5.12,-5.12,-5.12,-5.12,5.12,3.1099901662799185,1.328037365136825,-5.12,-5.12,-5.12,5.12,-5.12,5.12,-4.750294390391323,-5.12,5.12,5.12,-5.12,5.12,4775.606272830551,60.43865084648132
-5.12,5.12,5.12,-5.12,-5.12,-5.12,5.12,-5.12,-5.12,5.12,5.12,-5.12,5.12,-5.12,-5.12,-5.12,5.12,-5.12,5.12,-5.12,-5.12,-5.12,5.12,5.12,5.12,5.12,5.12,5.12,-5.12,5.12,-5.12,5.12,-5.12,5.12,5.12,-5.12,-5.12,5.12,5.12,5.12,5.12,5.12,5.12,5.12,-5.12,5.12,5.12,5.12,5.12,-5.12,5.12,-5.12,5.12,5.12,5.12,5.12,5.12,5.12,5.12,5.12,5.12,-5.12,5.12,5.12,-5.12,5.12,5.12,5.12,5.12,-5.12,5.12,-5.12,-5.119999999999999,-5.12,5.12,5.12,-5.12,5.12,5.12,5.12,4265.402980628714,62.21193861961365
0.739995846651567,0.3340913904179583,-1.6135545198449086,5.12,-5.12,-5.12,5.12,-5.12,-5.12,-5.12,5.12,-5.12,1.078159471866302,5.12,-5.12,5.12,5.12,5.12,-5.12,5.12,-4.468234286020399,-5.12,-1.3877756439329323,5.12,5.12,-5.12,-5.12,-1.6083240064481341,-5.12,5.12,5.12,5.12,5.12,5.12,-5.12,-5.12,5.12,5.12,5.12,-0.24549016179511263,5.12,0.7398462443667473,4.362264380849331,-5.12,-5.12,-0.5256405240165387,5.12,-5.12,-5.12,-5.12,5.12,0.3032431440878005,5.12,-5.12,2.303291407251849,4.700320986057982,5.12,5.12,-0.5335462401218649,5.12,5.12,-5.12,-5.12,-2.5017035783819246,5.12,3.200369528324395,5.12,-5.12,5.12,5.12,5.12,5.12,5.12,5.12,5.12,-5.12,5.12,5.12,5.12,5.12,5878.68764255003,63.94927668571472
5.12,-3.909248943433245,5.12,5.12,-0.7430103867852083,-5.12,-5.12,5.12,-5.12,5.12,5.12,-5.12,-5.12,5.12,-5.12,5.12,2.013349749423635,5.12,-2.1471325061432593,5.12,2.0601697968251163,-5.12,-5.12,5.12,5.114211024412916,-5.12,-5.12,5.12,-5.12,-4.02817541720658,5.12,5.12,5.12,-1.6332722376849365,-5.12,5.12,5.12,-5.12,5.12,-5.12,5.12,5.12,-5.12,-4.466167005387689,-5.12,-5.12,5.12,0.8199183395465193,-5.12,-5.12,5.12,5.12,5.12,5.12,5.12,-3.4416697741986217,5.12,5.12,-5.12,5.12,5.12,-5.12,-5.12,0.09087135966158133,5.12,-5.12,3.4397638168259546,-5.12,-3.942225265528212,5.12,5.12,5.12,5.12,5.12,-5.045117679610555,-5.12,5.12,-5.12,0.9845679362788653,5.12,4601.284907269558,65.7944848537445
5.12,5.12,-5.12,5.12,5.12,5.12,5.12,5.12,-5.12,5.12,5.12,-5.12,5.12,-5.12,5.12,5.12,5.12,5.12,-5.12,-5.12,-5.12,5.12,5.12,5.12,-5.12,-5.12,-5.12,-5.12,-5.12,5.12,5.12,5.12,5.12,-5.12,5.12,-5.12,-5.12,-5.12,5.12,-5.12,5.12,5.12,5.12,5.12,5.12,-5.12,-5.12,-5.12,5.12,-5.12,-5.12,5.12,5.12,5.12,-5.12,-5.12,5.12,5.12,5.12,5.12,5.12,-5.12,-5.12,-5.12,5.12,-5.12,5.12,-5.12,-5.12,5.12,5.12,5.12,-5.12,-5.12,5.12,5.12,-5.12,5.12,-5.12,5.12,4265.402980628715,67.76539301872253
-5.12,5.12,-5.12,-5.12,5.12,5.12,5.12,5.12,-5.12,5.12,5.12,2.5713872669148214,-4.9636744325723745,5.12,-5.12,5.12,5.12,5.12,-5.12,2.2535985849038456,-5.12,5.12,5.12,-5.12,-2.9704789730720553,-5.12,-5.12,5.12,-5.12,5.12,5.12,5.12,-1.5393953621533067,-5.12,-1.2541928760984034,5.12,-5.12,-5.12,-5.12,-5.12,5.12,5.12,5.12,5.12,-4.9319362974854455,-5.12,5.12,-5.12,5.12,5.12,-5.12,5.12,5.12,5.12,-5.12,-5.12,5.12,5.12,5.12,5.12,5.12,-5.12,-5.12,3.1218588074059204,-1.6375913050042898,-5.12,0.33824821154396556,3.1909908190761795,5.12,5.12,5.12,-5.12,-0.8956836007312754,5.12,-5.12,5.12,5.12,5.12,-5.12,5.12,4757.756521425987,69.74142360687256
-0.7977611608356714,-5.12,5.12,5.12,-5.12,5.12,-5.12,-5.12,-5.12,5.12,5.12,-5.12,-2.388109611006741,5.12,5.12,5.12,-4.97875980919752,5.12,-5.12,5.12,-1.239980927798579,3.295389994632882,5.12,5.12,-3.5280838949281415,-1.0836130190674034,-5.12,3.604126295380712,-5.12,5.12,5.12,5.12,5.12,-5.12,0.9704161005140852,5.12,5.12,0.1895664669870305,5.12,-5.12,5.12,5.12,5.12,5.12,-5.12,-5.12,5.12,4.528179120593964,0.11445322418076209,-5.12,5.12,5.12,5.12,5.12,5.12,5.12,5.12,-5.12,-5.12,5.12,5.12,-5.12,-4.73809105859119,-5.12,5.12,-2.9107855508866205,5.12,-5.12,-3.3916150346256044,5.12,-5.12,5.12,-0.020409053267202992,1.156061059630912,-2.1372832714061527,-5.12,-0.9380295247890356,5.12,5.12,5.12,4929.886597355587,71.50446701049805
-5.12,-5.12,5.12,-5.12,5.12,5.12,5.12,5.12,-5.12,-5.12,-5.12,5.12,-5.12,5.12,5.12,5.12,-5.12,5.12,-5.12,5.12,-5.12,5.12,5.12,5.12,-5.12,-5.12,5.12,5.12,-5.12,5.12,5.12,5.12,5.12,5.12,-5.12,5.12,5.12,-5.12,-5.12,-5.12,5.12,5.12,-5.12,-5.12,5.12,-5.12,5.12,-5.12,-5.12,5.12,5.12,5.12,5.12,5.12,5.12,-5.12,5.12,-5.12,-5.12,5.12,5.12,-5.12,-5.12,-5.12,-5.12,-5.12,5.12,-5.12,-5.12,5.12,5.12,5.12,5.12,5.12,-5.12,-5.12,5.12,-5.12,-5.12,5.12,4265.402980628715,73.17756605148315
5.12,5.12,5.12,-5.12,-5.12,5.12,5.12,5.12,-5.12,5.12,-5.12,-5.12,-5.12,5.12,5.12,5.12,5.12,5.12,5.12,-5.12,-5.12,5.12,-5.12,5.12,-5.12,-5.12,-5.12,5.12,-5.12,-5.12,5.12,5.12,5.12,-5.12,-5.12,-5.12,-5.12,-5.12,-5.12,-5.12,-5.12,5.12,5.12,5.12,5.12,5.12,5.12,-5.12,5.12,-5.12,-5.12,5.12,-5.12,5.12,-5.12,-5.12,5.12,5.12,5.12,5.12,5.12,-5.12,-5.12,5.12,5.12,-5.12,-5.12,-5.12,5.12,5.12,5.12,5.12,5.12,-5.12,5.12,5.12,-5.12,5.12,5.12,5.12,4265.402980628715,75.41009521484375
5.12,-5.12,-5.12,5.12,-5.12,-5.12,5.12,5.12,-5.12,5.12,-5.12,-5.12,5.12,-5.12,5.12,-5.12,-5.12,-5.12,5.12,-5.12,5.12,-5.12,5.12,5.12,5.12,-5.12,-5.12,5.12,-5.12,5.12,5.12,5.12,5.12,-5.12,5.12,5.12,5.12,5.12,5.12,-5.12,5.12,5.12,5.12,5.12,5.12,5.12,-5.12,5.12,5.12,-5.12,5.12,5.12,5.12,5.12,-5.12,-5.12,5.12,5.12,5.12,5.12,-5.12,-5.12,-5.12,5.12,5.12,5.12,-5.12,-5.12,5.12,5.12,5.12,5.12,-5.12,5.12,5.12,5.12,5.12,-5.12,-5.12,-5.12,4265.402980628715,77.1814124584198
-5.12,-5.12,-5.12,5.12,-5.12,5.12,5.12,-5.12,-5.12,5.12,-5.12,-5.12,5.12,5.12,-5.12,5.12,5.12,5.12,5.12,5.12,5.12,-5.12,5.12,5.12,-5.12,-5.12,-5.12,5.12,-5.12,5.12,-5.12,5.12,5.12,-5.12,-5.12,5.12,5.12,5.12,-5.12,-5.12,-5.12,5.12,5.12,-5.12,-5.12,-5.12,-5.12,5.12,5.12,5.12,-5.12,-5.12,5.12,5.12,-5.12,-5.12,-5.12,5.12,-5.12,5.12,5.12,-5.12,-5.12,-5.12,-5.12,5.12,-5.12,5.12,5.12,-5.12,5.12,5.12,5.12,5.12,5.12,5.12,-5.12,5.12,-5.12,5.12,4265.402980628715,79.22418928146362
5.12,-5.12,-5.12,-5.12,5.12,-5.12,5.12,5.12,-5.12,5.12,5.12,-5.12,5.12,-5.12,5.12,-5.12,-2.386271838074033,-5.12,-5.12,-5.12,5.12,-5.12,5.12,5.12,5.12,5.12,-5.12,-5.12,-5.12,-5.12,5.12,-5.12,-5.12,-5.12,5.12,-4.4207687945093905,5.12,5.12,5.12,4.979339593734861,5.12,5.12,5.12,5.12,5.12,5.12,-5.12,5.12,5.12,-5.12,-5.12,3.1206394035905936,5.12,5.12,5.12,-5.12,5.12,5.12,-5.12,5.12,5.12,-5.12,-5.12,-5.12,-5.12,-5.12,5.12,-5.12,-5.12,5.12,5.12,5.12,-5.12,-5.12,-4.754471540779698,-0.9218188527026099,-5.12,5.12,-5.12,5.12,4529.357196189986,81.24237585067749
5.12,5.12,5.12,-5.12,-5.12,5.12,5.12,5.12,5.12,5.12,5.12,5.12,-5.12,-5.12,-5.12,5.12,5.12,5.12,-5.12,-5.12,5.12,5.12,-5.12,5.12,-5.12,-5.12,-5.12,-5.12,-5.12,-5.12,-5.12,-5.12,5.12,5.12,-5.12,5.12,-5.12,-5.12,-5.12,-5.12,-5.12,5.12,5.12,-5.12,5.12,-5.12,5.12,-5.12,5.12,-5.12,5.12,-5.12,-5.12,5.12,5.12,-5.12,5.12,-5.12,-5.12,5.12,-5.12,-5.12,-5.12,5.12,5.12,-5.12,5.12,-5.12,-5.12,5.12,5.12,5.12,5.12,-5.12,-5.12,-5.12,-5.12,5.12,5.12,5.12,4265.402980628715,83.82027435302734
-5.12,5.12,5.12,5.12,5.12,5.12,0.22337102159217093,5.12,-5.12,5.12,5.12,5.12,-5.12,5.12,-5.12,5.12,-5.12,5.12,-5.12,5.12,-5.12,5.12,-5.12,5.12,5.12,5.12,-5.12,-5.12,-5.12,5.12,5.12,-5.12,5.12,5.12,-5.12,-5.12,5.12,5.12,-5.12,5.12,-5.12,-5.12,-5.12,5.12,5.12,-5.12,5.12,5.12,5.12,-5.12,-0.004817024380532331,-5.12,5.12,5.12,5.12,5.12,-5.12,-5.12,-5.12,5.12,-5.12,-5.12,-5.12,-5.12,5.12,5.12,-5.12,-5.12,5.12,5.12,-5.12,5.12,5.12,-5.12,3.4725798610198746,-5.12,5.12,-3.4990249714570285,5.12,5.12,4558.3946800216545,87.81473517417908
-5.12,-5.12,5.12,-5.12,-5.12,-5.12,5.12,5.12,-5.12,-5.12,-5.12,-5.12,5.12,5.12,5.12,5.12,-5.12,5.12,5.12,-5.12,5.12,5.12,5.12,-5.12,-5.12,-5.12,5.12,5.12,-5.12,-5.12,5.12,5.12,5.12,5.12,-5.12,-5.12,5.12,5.12,5.12,5.12,-5.12,5.12,-5.12,-5.12,5.12,5.12,-5.12,-5.12,5.12,-5.12,5.12,-5.12,5.12,5.12,-5.12,-5.12,5.12,-5.12,5.12,5.12,5.12,-5.12,-5.12,5.12,-5.12,5.12,-5.12,-5.12,5.12,-5.12,5.12,5.12,5.12,5.12,5.12,5.12,5.12,-5.12,-5.12,-5.12,4265.402980628715,90.6167311668396
5.12,5.12,-5.12,5.12,-5.12,5.12,5.12,5.12,-5.12,5.12,5.12,5.12,-5.12,-5.12,-5.12,5.12,5.12,5.12,-5.12,5.12,5.12,5.12,-5.12,5.12,5.12,-5.12,5.12,-5.12,-5.12,5.12,5.12,-5.12,5.12,-5.12,5.12,5.12,-5.12,5.12,-5.12,5.12,-5.12,-5.12,5.12,5.12,5.12,-5.12,5.12,5.12,5.12,-5.12,5.12,-5.12,-5.12,5.12,-5.12,-5.12,5.12,5.12,-5.12,5.12,5.12,5.12,-5.12,5.12,5.12,-5.12,-5.12,-5.12,-5.12,5.12,5.12,5.12,5.12,-5.12,-5.12,5.12,5.12,-5.12,-5.12,5.12,4265.402980628715,93.24949479103088
-5.12,5.12,5.12,5.12,-5.12,5.12,5.12,5.12,5.12,5.12,-5.12,-5.12,-5.12,5.12,5.12,-5.12,-5.12,-5.12,-5.12,-5.12,5.12,5.12,5.12,5.12,-5.12,1.515497350722649,-5.12,-5.12,-5.12,5.12,5.12,-5.12,-5.12,5.12,-5.12,5.12,-5.12,-5.12,-5.12,5.12,5.12,5.12,-5.12,-5.12,5.12,5.12,-5.12,5.12,5.12,-5.12,5.12,-5.12,-5.12,5.12,5.12,-5.12,-5.12,-5.12,-5.12,5.12,-5.12,-0.48646576171512024,-5.12,5.12,5.12,5.12,-5.12,-5.12,5.12,-5.12,5.12,5.12,5.12,-5.12,5.12,5.12,5.12,5.12,-5.12,5.12,4560.466233021706,95.17916488647461
5.12,-5.12,5.12,-5.12,-5.12,5.12,-3.301585437621611,5.12,-5.12,-5.12,-5.12,5.12,-5.12,-5.101048625373428,-5.12,5.12,2.4098223464943533,5.12,0.6528181876051624,5.12,5.12,-5.12,-5.12,5.12,-5.12,-5.12,-5.12,5.12,-5.12,-5.12,5.12,5.12,5.12,-5.12,-1.9844745753853545,-5.12,5.12,4.423251831685522,-5.12,-5.12,-5.12,5.12,-5.12,-5.12,5.12,-3.500269273483699,-5.12,-5.12,-5.12,-5.12,5.12,5.12,-5.12,5.12,-5.12,-5.12,5.12,5.12,5.12,5.12,5.12,5.12,-5.12,5.12,-0.491299937563463,5.12,5.090379399561265,5.12,-5.12,1.9299414118985956,5.12,-1.0021453885439584,5.12,5.12,5.12,5.12,-2.5963754280751212,-5.12,-5.12,-5.12,5031.549401627311,97.27614784240723
5.12,-5.12,-5.12,5.12,-5.12,-5.12,-5.12,-5.12,-5.12,-5.12,5.12,-5.12,-5.12,5.12,5.12,5.12,-5.12,-5.12,-5.12,5.12,5.12,-5.12,-5.12,5.12,-5.12,-5.12,5.12,5.12,-5.12,-5.12,5.12,5.12,5.12,-5.12,5.12,-5.12,5.12,5.12,5.12,-5.12,-5.12,5.12,5.12,-5.12,5.12,5.12,5.12,5.12,5.12,-5.12,5.12,-5.12,-5.12,5.12,-5.12,-5.12,5.12,5.12,5.12,-5.12,5.12,-5.12,-5.12,5.12,5.12,5.12,5.12,-5.12,5.12,-5.12,5.12,5.12,-5.12,5.12,-5.12,5.12,-5.12,5.12,-5.12,-5.12,4265.402980628715,100.47703695297241
4.2037087610940835,-5.12,5.12,-0.22242686609626894,-5.12,-5.12,-5.12,-5.12,5.12,1.6369619117564769,-2.944264915745819,-5.12,-4.549273036727213,-5.12,3.6091994787431654,-5.12,-1.1241984161542589,-3.2284626382888773,-5.12,5.12,5.12,-5.12,1.1046445534871498,5.12,5.12,-1.4786726939395272,1.9688859704072321,-4.1265756936427165,-5.12,4.205418790764971,-5.12,2.8107623971844795,5.12,5.12,-5.119675918414123,-5.12,5.12,5.12,5.12,-5.12,5.12,5.12,5.12,5.12,-1.630992974317619,-5.12,5.12,5.12,5.12,-5.12,5.12,-5.12,5.12,2.2809942393397815,-2.5929028398780924,5.12,5.12,5.12,-4.748180800741551,-5.12,2.660618259435587,-5.12,5.12,0.2571106094995139,-5.12,5.12,5.12,-5.12,5.12,-5.12,5.12,5.12,0.39444037397858533,-5.12,5.12,-5.12,0.14283448420282863,3.6857332195778403,4.956288809471871,-5.12,5582.111443820236,103.3002552986145
5.12,-5.12,5.12,-5.12,-5.12,5.12,-5.12,5.12,-5.12,-3.8101183849361533,-5.12,5.12,-5.12,5.12,5.12,5.12,-5.12,5.12,-5.12,5.12,-1.3148051034338493,5.12,5.12,5.12,-5.12,-5.12,-1.0541211682771987,-5.12,-5.12,5.12,5.12,5.12,5.12,5.12,2.098098986049571,-3.5471758152819444,5.12,-5.12,-4.8884192824649055,-5.12,-5.12,5.12,5.12,-3.43765171029492,5.12,4.183962503592425,5.12,-5.12,5.12,-5.12,5.12,-5.12,-4.98664316234238,5.12,-5.12,-5.12,5.12,-5.12,-5.12,-5.12,0.3161040942890603,-5.12,-5.12,1.770505411212607,-0.09731633065475265,-5.12,5.12,-5.12,-5.12,1.048205944941552,5.12,5.12,5.12,-5.12,-5.12,-5.12,5.12,-5.12,-5.12,5.12,4637.756165294469,107.58398675918579
5.12,5.12,-5.12,-5.12,-5.12,5.12,-5.12,-5.12,-5.12,-5.12,-5.12,5.12,-5.12,-5.12,5.12,-5.12,-5.12,-5.12,-5.12,-5.12,5.12,-5.12,-5.12,5.12,-5.12,5.12,-5.12,-5.12,-5.12,5.12,5.12,-5.12,-5.12,-5.12,5.12,5.12,-5.12,-5.12,5.12,5.12,-5.12,-5.12,-5.12,-5.12,-5.12,5.12,5.12,5.12,5.12,-5.12,5.12,-5.12,-5.12,5.12,-5.12,-5.12,5.12,-5.12,-5.12,-5.12,5.12,5.12,5.12,-5.12,5.12,5.12,5.12,-5.12,5.12,-5.12,5.12,5.12,-5.12,-5.12,5.12,5.12,-5.12,5.12,5.12,-5.12,4265.402980628715,110.6369616985321
-5.12,5.12,-5.12,-5.12,5.12,5.12,5.12,-5.12,-5.12,5.12,5.12,-5.12,5.12,5.12,5.12,5.12,5.12,-5.12,-5.12,5.12,-5.12,5.12,-5.12,5.12,-5.12,5.12,5.12,5.12,-5.12,5.12,5.12,5.12,5.12,-5.12,5.12,5.12,5.12,-5.12,-5.12,5.12,-5.12,5.12,5.12,5.12,5.12,-5.12,5.12,-5.12,5.12,-5.12,5.12,-5.12,5.12,5.12,5.12,-5.12,5.12,-5.12,-5.12,5.12,5.12,5.12,-5.12,5.12,5.12,5.12,-5.12,-5.12,5.12,5.12,5.12,5.12,5.12,5.12,-5.12,5.12,-5.12,-5.12,-5.12,-5.12,4265.402980628715,113.48394274711609
-5.12,5.12,5.12,5.12,-5.12,5.12,5.12,5.12,5.12,5.12,-5.12,-5.12,5.12,5.12,-5.12,-5.12,-5.12,5.12,5.12,-5.12,-5.12,-5.12,-5.12,5.12,-5.12,-5.12,5.12,-5.12,-5.12,5.12,-5.12,5.12,-5.12,5.12,-5.12,5.12,5.12,-5.12,-5.12,-5.12,5.12,5.12,5.12,-5.12,-5.12,-5.12,5.12,5.12,5.12,5.12,-5.12,-5.12,5.12,5.12,-5.12,-5.12,-5.12,5.12,-5.12,5.12,5.12,-5.12,5.12,5.12,5.12,5.12,5.12,-5.12,5.12,-5.12,-5.12,5.12,5.12,-5.12,5.12,-5.12,-5.12,5.12,5.12,5.12,4265.402980628715,117.02792692184448
5.12,-5.12,-5.12,-5.12,5.12,-5.12,5.12,5.12,-5.12,5.12,5.12,-5.12,5.12,5.12,5.12,5.12,-5.12,5.12,-5.12,-5.12,-5.12,5.12,5.12,-5.12,-5.12,-5.12,5.12,-5.12,-5.12,5.12,5.12,5.12,5.12,-5.12,5.12,-5.12,-5.12,-5.12,5.12,5.12,-5.12,5.12,5.12,-5.12,5.12,5.12,5.12,-5.12,5.12,-5.12,5.12,5.12,-5.12,5.12,-5.12,-5.12,5.12,5.12,5.12,5.12,5.12,-5.12,-5.12,-5.12,5.12,-5.12,-5.12,-5.12,-5.12,5.12,5.12,-5.12,5.12,-5.12,-5.12,5.12,5.12,-5.12,-5.12,5.12,4265.402980628715,122.22503161430359
5.12,5.12,5.12,-5.12,-5.12,5.12,-5.12,5.12,-5.12,5.12,-5.12,5.12,5.12,5.12,5.12,5.12,5.12,5.12,5.12,-5.12,-5.12,5.12,-5.12,5.12,-5.12,-5.12,-5.12,5.12,-5.12,5.12,-5.12,5.12,-5.12,-5.12,5.12,-5.12,-5.12,-5.12,5.12,-5.12,-5.12,5.12,5.12,5.12,-5.12,-5.12,5.12,-5.12,5.12,-5.12,5.12,-5.12,-5.12,5.12,-5.12,5.12,5.12,5.12,5.12,-5.12,5.12,5.12,5.12,-5.12,5.12,-5.12,-5.12,-5.12,5.12,-5.12,5.12,5.12,-5.12,-5.12,-5.12,5.12,-5.12,5.12,5.12,5.12,4265.402980628715,125.76249885559082
5.12,-5.12,5.12,-5.12,-5.12,-5.12,-5.12,5.12,-3.8278491755412367,5.12,-5.12,-5.12,5.12,-5.12,-5.12,-5.12,-5.12,4.430712759159712,-2.3825073408224506,-5.12,5.12,-5.12,-5.12,5.12,5.12,5.12,5.12,-5.12,-5.12,-5.12,-5.12,-5.12,-0.2646495342849944,-5.12,-5.12,-5.12,5.12,5.12,5.12,5.12,5.12,5.12,5.12,-5.12,5.12,5.12,5.12,5.12,5.12,-5.12,-0.8910405330693854,-5.12,-5.12,5.12,5.12,-5.12,5.12,5.12,-5.12,5.12,5.12,-5.12,5.12,-5.12,5.12,2.7342619487569957,-5.12,-5.12,5.12,-5.12,5.12,5.12,-5.12,-1.5756656755183491,5.12,-5.12,-5.12,5.12,-5.12,-5.12,4791.12259916911,132.01092839241028
5.12,5.12,5.12,-5.12,5.12,-5.12,-5.12,5.12,-5.12,5.12,-5.12,-5.12,-5.12,5.12,5.12,-5.12,-5.12,-5.12,-5.12,5.12,5.12,-5.12,5.12,5.12,5.12,-5.12,-5.12,-5.12,-5.12,5.12,5.12,5.12,-5.12,-5.12,-5.12,5.12,5.12,5.12,-5.12,-5.12,5.12,5.12,5.12,5.12,5.12,5.12,-5.12,-5.12,5.12,-5.12,5.12,-5.12,-5.12,5.12,-5.12,-5.12,5.12,5.12,-5.12,5.12,5.12,-5.12,-5.12,5.12,-5.12,-5.12,5.12,-5.12,-5.12,5.12,5.12,-5.12,5.12,-5.12,-5.12,5.12,-5.12,5.12,-5.12,5.12,4265.402980628715,134.9958267211914
