0.06016868123879064,rbf,2,3.1558017508155284e-05,0.8873000077452257,90.81855320930481
0.01049073590742446,rbf,5,6.354097972005995,0.8873000077452257,186.45731854438782
1.4179240106254206e-05,linear,5,2.0663992711708508,0.8873000077452257,274.2974126338959
24.51562225602966,sigmoid,1,0.17549123420997834,0.8650020070993302,329.98043727874756
0.20308155669242034,linear,3,0.0872435263293959,0.07040020138786529,342.2742621898651
0.3516985839138234,linear,5,0.052482883046275984,0.07689983155484115,354.55329036712646
0.002360403378230565,linear,3,0.00023052770785884292,0.08870014175982688,383.0688695907593
0.0070062171157130575,rbf,3,1.4275537103526326e-06,0.8873000077452257,471.4330065250397
0.007009309538137598,sigmoid,2,0.09618505177200043,0.8447999569003091,562.9419319629669
0.06378692731304061,linear,4,1.4940081088433793e-06,0.0687001813558682,576.0791916847229
0.002194917908204102,sigmoid,4,11.086657030984032,0.8873000077452257,661.9944565296173
0.12464479503482721,sigmoid,3,0.0009836635701853645,0.2618997652614691,739.0812211036682
0.0003797589719663583,linear,4,3.6003909452015425e-06,0.1355992227897055,792.3943619728088
0.0007478665721558032,poly,4,0.9932679348556525,0.06279986126987025,807.6971199512482
4.097126492502359,rbf,1,0.009835072732621512,0.038199800783917603,825.7233550548553
0.003904684691641417,poly,2,25.755279829713146,0.038899750802914745,839.7768037319183
13.091315705712331,rbf,5,3.9395170114064935,0.8873000077452257,932.0569143295288
3.4754161381252153,linear,2,6.01587143418532e-06,0.08869999177482235,944.3773791790009
0.9571384765437502,rbf,2,7.3396176404291895e-06,0.8873000077452257,1034.0367743968964
4.3788130126094566e-05,rbf,5,0.019439252555037263,0.8873000077452257,1122.556897163391
0.00018057779237829055,linear,3,8.197027214423559e-05,0.1883994938186081,1189.9393980503082
1.2278981027420663,poly,2,0.0002711511289248415,0.8873000077452257,1277.1996641159058
3.975590044441653e-05,sigmoid,5,4.066785703404674e-06,0.8873000077452257,1365.9140672683716
0.001913635218129622,sigmoid,2,2.9954318089839194,0.8873000077452257,1451.7218794822693
0.03132223836269708,sigmoid,2,32.71417624846925,0.8873000077452257,1537.4666714668274
14.098550137690095,rbf,5,9.422418172257252e-05,0.08669982175182123,1565.8571665287018
3.020875316830481e-06,poly,2,0.00041110556684864153,0.8873000077452257,1651.8351366519928
0.00016952601397994982,linear,3,57.05938719207147,0.19760017393460994,1719.9906260967255
6.2839937297588495,rbf,5,1.332220598988656,0.8873000077452257,1815.1141049861908
0.004117063647913094,linear,2,2.3058820464362877e-06,0.0812994016858194,1838.379145860672
0.00025970880388453483,sigmoid,5,0.012617810356107187,0.8873000077452257,1931.2497735023499
0.050779434938216385,rbf,1,1.042662066715772e-06,0.8873000077452257,2022.1111731529236
6.007402232674916,poly,5,0.4215029460030939,0.08219964167982485,2039.3453993797302
0.00018495388422734327,rbf,3,0.00023000595842960928,0.8873000077452257,2131.275324821472
0.007320367315424496,sigmoid,5,0.0011212290720234966,0.8873000077452257,2220.710864305496
1.7463450046654302e-06,poly,1,0.0003605076064899029,0.8873000077452257,2308.5993268489838
0.00033614117837980857,poly,3,19.810090756105996,0.04749989096090168,2323.190899848938
11.068993400680473,linear,1,4.9414961406134226e-05,0.08440010167783418,2335.4289214611053
8.968567819793227e-06,rbf,5,9.035845160963664e-06,0.8873000077452257,2427.1650941371918
4.2422744767861645e-06,linear,1,6.0038473636694355e-06,0.8873000077452257,2513.7578077316284
0.004588590617744276,poly,2,0.3660761958541098,0.04180073076293833,2528.4242148399353
1.6165328279868467e-05,sigmoid,5,0.023729672388853578,0.8873000077452257,2619.3340837955475
0.00021002300437609458,sigmoid,1,12.522584887602044,0.8873000077452257,2704.9426577091217
0.15146230323866652,poly,3,0.0017790262410101042,0.8873000077452257,2795.6320209503174
0.016869552495098854,linear,3,0.009222411838936536,0.07079934148183875,2812.2478516101837
9.829474527828763e-05,linear,5,2.2928536951671306e-06,0.328600406531355,2891.8480982780457
0.05360776596231066,rbf,3,0.128002512992902,0.8076998161723791,2981.5194919109344
0.6131202951270088,linear,1,0.0038823946429717097,0.07969987160683678,2994.3243701457977
0.1148775351944481,rbf,1,66.05294318851246,0.8873000077452257,3084.4243092536926
0.16016501180784665,poly,3,0.10614233241671454,0.049700410952913,3099.8208327293396
1.8806933169859752,sigmoid,1,2.1865813234175894e-05,0.666100173304673,3189.2743895053864
0.06683537780647993,sigmoid,3,43.8492900716599,0.8873000077452257,3277.6301815509796
9.376240462030936e-06,rbf,3,8.172447396400054,0.8873000077452257,3371.6591584682465
0.21031025932620892,rbf,5,0.006172459684174747,0.07919976160783448,3406.0557351112366
8.528771919088147,sigmoid,2,97.18931088218973,0.8873000077452257,3494.243355035782
0.9408298580140575,linear,1,0.011750813882245394,0.08480002169383116,3507.0047256946564
1.305890693181544e-05,sigmoid,4,0.8809526883104508,0.8873000077452257,3597.4234189987183
0.18468623540664086,linear,5,0.534009317814206,0.07430002148385206,3610.0946366786957
5.312817216324325e-06,sigmoid,3,4.19326445138812e-06,0.8873000077452257,3700.6592948436737
74.44970811344943,linear,2,0.00025932563450765944,0.08359972169982444,3713.466940879822
0.5935571968508161,rbf,2,1.497989917475459e-05,0.8873000077452257,3805.4658732414246
17.587300571777348,rbf,5,0.002284214527203219,0.05209996104589454,3820.1231570243835
0.001788703845279129,sigmoid,1,9.920329415635175,0.8873000077452257,3909.1891705989838
0.020400645709292165,poly,4,0.5047914550654599,0.06119988123587394,3925.0914113521576
0.002643770467318386,sigmoid,1,0.00014633207731640317,0.8873000077452257,4017.610434770584
0.00016095099433440142,poly,5,39.86996024560318,0.08189997164083529,4034.705075263977
0.004516566621009539,linear,4,18.212283954626983,0.07990064153385956,4058.287342786789
1.7890762757086978,poly,3,0.13331086646505205,0.04829967099889354,4073.104243516922
50.47167576079815,linear,4,1.911105901482988e-05,0.08610021170083415,4086.1396520137787
0.0001167709175650312,rbf,4,0.0007372594762750673,0.8873000077452257,4178.115516662598
0.013045517175177351,rbf,4,27.989411033545835,0.8873000077452257,4269.1913340091705
0.00042151438880955037,sigmoid,2,0.00011181546657511596,0.8873000077452257,4359.556826591492
26.258573646882667,linear,1,0.04688387775702516,0.08359945172681638,4371.904544591904
0.00102887592775001,rbf,1,0.5091006847133575,0.8873000077452257,4462.3905663490295
5.9653803235307626e-05,poly,3,6.043307972833151,0.047999551004890506,4477.555666685104
5.318346748258564e-05,sigmoid,3,0.31101795698079987,0.8873000077452257,4570.055741071701
2.039689634158969e-06,poly,5,1.680949198299643e-05,0.8873000077452257,4656.718217134476
0.00012925706344278754,rbf,3,1.3868196532046106e-06,0.8873000077452257,4746.269241333008
0.00041181109838893696,linear,2,1.377049962870533,0.13240031261674456,4798.354503393173
0.2869208303559743,sigmoid,5,0.0223235190465655,0.33300021663834045,4833.718065738678
12.506916336106448,poly,2,5.1251151618057855e-06,0.8873000077452257,4921.223993062973
6.48998972282383e-06,poly,5,0.00018506062859404172,0.8873000077452257,5009.325752019882
0.025526696691465206,poly,2,0.0014232349433210543,0.8873000077452257,5097.674917221069
0.07421711460575034,poly,4,33.74584622823836,0.06099941127886044,5113.420959472656
0.3096607449748757,linear,5,7.148155196164071e-06,0.07239932151583484,5126.397379159927
0.05214824701213484,rbf,3,1.277626975359765,0.8873000077452257,5220.972716331482
0.016462283697976473,poly,4,0.008985779774888921,0.6953002138846158,5301.677258968353
0.014948567325494745,linear,1,0.0001579370140113238,0.06949987140285707,5318.433554887772
0.02261800152833712,sigmoid,4,0.9255465354739725,0.8873000077452257,5406.213294029236
0.08456096552041113,linear,4,0.00014410162791129763,0.06680002133386698,5419.233665466309
0.0012530443209465762,rbf,2,47.068009766571635,0.8873000077452257,5510.651496887207
1.4423334811705342e-05,rbf,3,1.8519423581967477e-06,0.8873000077452257,5601.913929462433
5.121372038277339e-05,poly,2,0.0025189826758737254,0.8873000077452257,5689.157171010971
1.4409614115512282e-06,rbf,4,5.2374728115588655e-06,0.8873000077452257,5778.882885932922
0.13022902383346008,sigmoid,5,6.420992897492717e-05,0.8873000077452257,5871.953151464462
0.05573745084967441,linear,5,0.3811571123481367,0.07039978142985259,5885.313066959381
2.2798795414840125,linear,3,25.635690421873782,0.08630017170883253,5897.787935733795
1.8101925431663793e-06,rbf,5,1.3427551746728492,0.8873000077452257,5988.686910390854
9.952524634891164e-05,poly,3,25.504969283696752,0.04940023096490809,6002.955312728882
2.0051806014634093e-05,poly,1,9.865151050389371e-06,0.8873000077452257,6091.04222369194
