-4.180334433136946,0.7809159559802197,-1.514317077147695,-1.6635341510810182,-4.9056639456487305,3.5361009203502336,-2.70494543399188,-3.9759387592322444,2.055380658160823,-1.1775895393998992,1.4442572790215902,2.6064415330514032,-3.187526701764553,-4.3881089950144085,1.8982547387922617,3.9403286637570885,3.121596950296653,5.101278060070977,-3.987590615874126,4.539379992026819,3.893972787751836,-0.31133301013759507,-0.13137253644102564,-1.6039600352058945,2383.5221094982508,0.0026171207427978516
-1.1278136430207728,2.4662299345962735,3.9067460422636673,-1.47230920667314,3.354366694500883,4.01758792574041,0.35207956278100383,4.694397223310266,-2.9780192571835387,-0.9682342917319984,0.535273517596762,-0.9296078272532764,-2.7030976551819283,3.479546883457785,-3.174620872568414,-1.3997066009753274,-3.8646662838762618,-2.290690339286642,-3.546896168433511,-1.8421775504053706,1.719057786811903,-3.6026526243532153,-4.165988053313417,3.682162861671686,2762.870893716421,0.005170106887817383
-3.618747889172432,3.079994732304578,0.20835624146940823,-4.558021174222366,2.44800493841566,1.2919988799032307,-0.4889680022305951,-2.1256117218390598,4.688791226743295,1.1679823072318936,-1.8660122998208823,1.5685664457957555,4.764242802004625,0.7991840160259205,-3.3223264781848627,-0.9479094826718564,-3.2981880464858353,-4.147527398326015,2.813725920352393,-3.6944902161368405,-2.0412531920749046,-1.092860144393489,1.1338072237225036,4.007776942447777,2336.8577538361196,0.0076906681060791016
-4.674003890449976,3.6300394925122417,-1.868099001356672,0.9290908953421821,1.8884325793794163,4.592984763534832,-5.088772191348621,1.179664622292539,0.9064368911575631,-2.832289529105701,3.4083289882427357,-4.548545152431521,-3.362442190541535,3.6214652206959554,0.2690629058986911,-0.966498226760307,-5.06364250121626,1.572087512090425,2.3304085421620053,2.8043602171663657,-2.072610370886278,-4.426179737848463,-1.932491808039973,1.3762954145901087,2555.2437339278167,0.010281562805175781
-2.281443984294553,-4.265266696960425,-1.9453741322006368,-1.1972477455372807,4.429616815278142,-3.3522710034234304,3.8405615354394707,4.53626841071048,-1.373233779553407,-3.110520507105036,-0.05438879810656427,-3.2660989898212325,-1.0797182400997478,2.407182154114298,3.8819260988756072,2.022198866715576,1.1322743882602149,-4.706210566802574,0.24060617446759913,-0.9196860701669758,-0.36611178183629356,-1.8787465005539579,4.841185414669984,-4.059421873412161,2152.6758374045116,0.012828350067138672
-0.3686906771050191,-2.0059077693553475,3.8643671555293055,0.11045123659727718,-1.1773159505357071,-3.460437743416937,0.3017047029232591,2.067580840586814,-0.6466536543778751,-1.607264679956018,2.2484509907166332,-3.3081313640220174,4.348526464047022,-0.8161117967321481,-3.9192789026858654,-1.1484529759802768,0.3752506483866558,-4.553906831414526,2.254811513349771,0.7757497500591306,-4.765032500972872,3.774808332547093,0.6806518551902965,4.113367712103362,2529.5030684418057,0.0152587890625
-0.048971296387374075,-1.3914764190505813,-0.15659189163728282,-4.095572674503586,2.092807180324175,-0.34924178541967343,3.227720539975217,0.17697567272576986,4.547782173927568,1.647283745260311,2.1491331113606273,-1.4559018110246273,-1.205875990175378,-3.702025262448111,2.795776552302679,2.6356392999387426,3.7329904596517425,3.2724262670626194,-0.7680456033019949,3.704004438948247,-1.475200013347291,2.688593570950129,-4.252839493812003,1.6498802921242088,2795.4063292252317,0.017685890197753906
3.2850432738785296,1.725665773437938,-4.380972667817474,1.030942463990555,2.7223001634699804,-5.026936080452686,-0.908273071058356,2.2840468903496696,0.8753880833791303,-2.317860054056368,4.756389397730028,-4.50412353144028,-1.9044271980623826,-1.1110167003763065,2.7522100721002714,2.215019067346332,2.1478355760460044,-2.4370119770361915,3.994866443884203,-1.2686455433889199,3.6363796787953264,2.3229462590274483,1.015679948364144,3.162524155978743,2251.507777849026,0.020155668258666992
1.9998731903488958,2.7787273348336106,-5.074772967030003,1.645031994174385,4.063856736634148,4.478502597446627,3.9180427831712814,3.0732645746288716,0.07124839614510137,5.069030060890399,-2.9519719423519835,-3.5257982884746593,4.048361105127621,5.087228695504861,-1.7213785414737361,1.4447167590194159,1.7955704294605033,3.919941889322259,-4.527182560412557,-4.8325541733262,2.4748456379346004,-1.2697153834685064,0.9155708944479306,-3.8244234911074977,2032.274577989073,0.02255868911743164
1.1057614822972823,-2.1609346870977193,4.189483965311967,-2.9283828747976006,-1.0762650675496834,-1.3239195717853551,0.514584249407279,1.4674059591899553,-4.53962921345724,-0.7989099358253595,-4.587215518325308,-1.9174885074103503,-3.634075667708755,0.5694134950798206,-2.7122295287637286,-2.5259432864457967,-2.0307315913811084,-0.17784371722552184,-4.975333982178508,-4.339215885131898,1.66732297898018,-2.272920321587678,1.0410497970937556,-3.0469726788414797,2499.8162778044425,0.02503681182861328
-1.5826722565066365,0.4356852747028004,-4.472353579602579,-3.1647082075647983,3.447504667944881,-2.4381898604404393,4.4096364851825,-1.8792711776497941,-2.0379175064821626,-2.9063456858261745,-2.5171099920310582,4.454010067329539,-5.033705287219572,-3.7237560168794857,2.6793379894475446,-2.797121808974227,-2.2515713436759763,0.14130853719097125,-0.7035074879985492,-0.1157119871504273,-4.185005038789236,3.6803385205831,2.3238537367839767,3.2681490989440265,2942.4361655224357,0.02748894691467285
-0.29156586430575704,-0.38285743825659946,-0.48060328902144,-3.8130989093652374,-4.295875988373568,3.504886804803257,0.6066486467254135,2.1290701949327575,-0.29196523741154046,-3.3199663344480967,1.632452537306368,3.6372448293904105,1.4742600698824448,-2.309042026050931,4.859351204785436,-1.2385569728243007,0.5163528405708888,-1.5983200976638186,-3.1033040522658117,0.11510652621717998,-0.19107880566424829,-0.05077287093686689,-1.5477898675828006,-3.7474220477773255,3095.4098820783897,0.0299680233001709
-2.870020401782441,1.5977568969456817,2.317971851414754,-2.6477883105894167,-0.4995813191380716,-2.6740029325126042,-3.1634014458065645,-0.7864608440505823,-3.0887407909973352,1.5950499834750271,-0.436438681262012,-0.23269253542599166,3.1776350802809317,3.7619460154077293,-1.2892482971518398,-2.755747334304692,4.611351140569254,-5.034854360767854,2.734749358897255,4.577751100826036,-1.3486720505193266,-2.006074588627645,3.790300377009795,-2.4500582380404996,2927.856545821045,0.03244471549987793
0.2521894021982076,-1.3195356136327456,-0.758107556682373,-1.3291626432618413,4.659747020605949,2.4504941722816387,3.8777264929290576,0.7185894891042341,1.7102601856401067,0.32386245531750735,-4.8858403555087,-4.31007195554235,-2.1498510335635985,3.293794037584445,-3.311760540178293,4.42563795449771,1.350291529111912,3.563963924566651,4.026431550559226,4.915495741548447,-2.91880775973241,3.768243452187664,3.971808534690944,4.729109509436792,2746.058190377901,0.03486013412475586
2.8529097233040757,3.5129676547494233,2.7367756822876803,-4.672750222166118,2.8692481509014094,-2.721255476592442,1.3527682327018287,-1.7715238458303957,-2.3836874339063896,3.4050433398425204,-0.6835933333897337,4.964203758338011,-4.420893336466576,-3.0182024991774243,-1.6775274617353015,-2.3185302224350184,-4.919349821608969,-2.3531537340432256,-4.985215724170599,-2.7567851523136637,2.756789866295116,-1.8035551941780392,-2.5336574465507393,2.632869872948568,2898.181834235269,0.03735852241516113
-1.8449507327882686,-4.6439208270042425,4.866517120153474,-3.8419348251693624,-0.2249210880042245,2.73553979374256,-0.24837396775294796,3.5069087417459786,3.0868372854002333,3.4042377193721647,0.4033088413998476,-2.2541247749818405,-3.969707642828962,-2.7888589472452403,-0.44790483311887375,-2.275105469496636,1.6061718371339229,-1.9344469613819473,-4.066506293167322,-3.200423271113104,-3.237558096151451,3.1911910019158034,-2.2674974886972876,-2.920564571841912,2396.290709004116,0.039849281311035156
-0.9004494231715956,4.598041025538014,-2.641997721267831,-4.472677280990492,4.30533377371276,-5.088338845322421,5.063247377692508,-3.1996137797061586,2.5888556664876026,1.8170270027096498,-3.1923849368996997,4.09308765920007,-3.783877658472714,4.134823813270255,-2.6536782005568793,1.6976483509046307,-1.7970853990844553,4.403946226845963,4.274225281865005,-4.33191632914971,-3.7917557776943553,3.09708706093224,0.5909948912861456,-5.030299484176899,2626.974696469617,0.04227709770202637
-1.1994443191872217,2.487149227086652,-3.1856638583764765,3.1892593175188972,-1.9791539546944121,-2.3330436094582874,3.9813856475571265,-3.146428848358798,-0.11408562525765387,5.043310370825547,-1.2988447208418692,-0.45697837961884424,1.6720714774012224,2.340048144124612,3.3889597986033744,4.28762936660783,4.8730835735410265,-4.5719764329910495,-1.668223254661096,3.6348035317635157,-1.5441087568751861,-0.05219463011415826,-3.5039495124652555,-0.3804007143768766,2852.2456518480762,0.04479193687438965
5.013494047347083,4.412623546096605,-4.529011493190991,-3.951722648705471,-4.086609518773859,3.729006385999054,-3.662422187302983,-3.995041044552889,0.19720034368079453,4.783632168335735,2.5242408862447876,3.3937052542405963,-0.19858919153157206,-1.2037190522673078,0.3548253301912627,-3.2590442163529127,-0.49255554351714714,1.8393077505698763,-3.968889463480215,2.4832070651991325,-1.8127973819882919,-1.861986997260702,4.2741116089826106,-3.5419331220593424,2712.1868765255404,0.04723954200744629
4.655942683992229,-3.60963027634137,3.120568507631387,-3.43944143444776,-1.0936608356366042,0.7217764263999751,-1.630342073400553,-5.0017230188360555,0.153813694899128,-1.6590350211483877,0.6852894999297927,-3.8011467115413247,1.9462444424623593,-3.8071940031096263,-2.0980136327427776,-1.1409797390598642,4.762603139958874,-3.494606539557286,-0.19695738862329026,-3.9727760669753707,-4.102368812843418,-2.117216372735933,-3.0442317655489726,4.429456236295386,2215.811352693166,0.04969358444213867
-2.7673636170648863,-1.9801678545529997,0.9277152597133149,4.925175982206068,1.5928999695717518,-2.9702402972583215,-0.5840373448647576,-2.4396804491264237,2.959677304943061,-4.866420923769174,4.762892483721836,3.150759534020321,-1.2003112135880025,3.9034638489249813,0.3353331499597276,-1.2700704919660364,-0.6498999420756881,1.1888077709798548,-1.9931439955852177,-3.7313294786838513,4.832093094658615,2.5802167781591754,2.6332035196603867,2.668129804401339,2285.1716523134646,0.05217933654785156
2.8947656877816472,4.394552693911362,-3.5726616097475956,-2.2930842635122684,-1.5147595610728768,-1.736273685525842,-3.2886576607939135,3.942798376439705,3.2843639678105125,0.7961909277410628,-4.414607503358894,3.005733177163296,-4.562894201041621,2.348766624335596,-4.408743706935086,-1.8125556355770511,2.4637687257803043,2.4539225208116653,-4.027110951257907,3.1992546833160693,3.872339416333168,-2.624896282350615,1.401693754965244,2.471571322892845,3209.4305000013733,0.05459785461425781
1.2968600730225042,-3.182685882932792,-3.8588924411437584,0.2704420499135205,0.983608198088584,-4.291882619483724,5.049295281094973,4.132350223771426,-2.1476386156288534,1.3502195486027828,3.165096761082137,-4.589324895771169,-1.174530387232442,0.7973563544667952,-4.5710322594316946,4.904923542788192,3.1225086703911566,-4.829271519713506,4.354314148610574,-0.3900128716189233,1.241400851240006,2.5171511448905006,-2.85192151194003,0.9367213652383155,2269.561139384782,0.057094573974609375
3.591654193156388,2.883365026782019,-0.9593135970679283,-1.3032510855712034,4.455153683337902,-4.225488094660002,-5.0529540410446145,2.8961205726567814,-2.4086541089212092,3.6397364348199845,4.787560536581002,3.6221981269711057,-4.263303009501462,-3.2431667899112036,-4.363065017257838,3.754394198944058,-0.3904056259301676,-1.8202033588209776,-0.8218216495147734,1.7806450828347389,0.10462652659884775,2.170423207521182,-0.08325308610823434,0.9191263196875239,2411.242012804436,0.059560537338256836
-1.4130645096950554,-0.4096553963047622,-4.216048709465854,0.9857958239670905,0.10613967938079671,-4.395364886705848,3.539479241047137,0.6124693928797109,-3.646428066961872,3.1577069697885376,-0.871161300302207,-0.9283140791149425,3.8985638735642434,1.589424303066525,-0.28181857693996815,-2.8813557287444764,-0.24436488039428728,1.0997397715698716,2.215258591075389,3.050502607309098,1.2319016066825519,-0.5026402645766241,3.434840657143803,-0.6559426816900231,2588.492330781619,0.06199479103088379
-2.796006041132715,0.08908189051563564,2.5162300200235244,-1.4124837210910988,2.0866310243193036,-4.903555011341394,4.93992542376957,2.723613773722281,-4.761639326486801,-4.609808555150594,2.889009034112372,4.442764476247048,-0.5306643943474887,-1.3193262403863906,-5.0248660468816535,0.21895507905008404,0.6351278028702358,-3.246203679455625,-0.9830384862451345,3.672893563677662,0.5564928861707754,-0.33478156832722217,-2.2625613201654216,-3.689099148411163,2757.0940522625324,0.06454777717590332
-2.6643973196404143,-4.26748034574946,-3.4623422650782354,-3.923458082024409,4.193837039900294,-0.7288288765337443,-1.1116733849873466,-0.43765152261332574,-2.8300171021780733,-2.3540768915082624,-3.258629887712276,4.216179782300046,-2.5417699638275844,1.9914100192039967,4.659225840139405,-0.16383743207151724,-1.933851549771552,-0.04614260786742008,2.8657340471952812,-3.638151314081769,1.2515524649796363,-2.927545933585513,1.6506375233302402,-0.4478832695318875,2521.3986579802154,0.06696820259094238
-4.274881740822523,4.715523020739556,-4.903369587386984,-4.710052038259226,-3.7969238764989743,2.2644770619078827,-2.251516569020125,-4.685372568019797,-0.6895469678596609,-3.5554907454071083,-4.74214024345054,-3.959157838971116,-1.2348080510539767,-0.09213348079733841,-1.4106631705792365,-4.092472670334954,2.7867266136903037,1.4871719759130757,1.6192216355392057,-0.9480838950369064,0.8400305664390153,2.6716439064431654,-2.346031268685641,-2.463391413992519,2788.2057561694423,0.06944465637207031
3.9713560394951175,-1.8096852306254636,4.931611021882129,-3.8063468094802078,-2.1395903714804563,-0.35422453580445623,-1.0091883989079458,-3.908928985068619,5.092363742889716,-0.5639788264707981,-0.8267554446057241,-2.6745409878309747,-0.554973722430729,-0.5878486229127056,4.560849408861485,-0.38563392601818247,4.999360640330468,4.20164093150916,1.3863837598905135,-2.6476647813141296,-3.705373976378585,-0.8657864149822521,2.821121526082959,0.1958143410805384,2406.2374260338156,0.07194924354553223
-0.6111463982607308,1.1018835328626677,-4.482668104865886,-0.877284975587715,-3.7595956611758465,4.715972396444816,1.3629918095473563,3.422208254059753,4.417176787749441,1.8990259733707262,-2.7702456436669656,4.492610773865613,-4.626610574003523,-0.718030870111888,-3.2354112504330224,5.085926266787458,2.055915993967117,-1.2610064634957578,2.5075910508564316,5.083784091793679,2.46090712058294,-3.913085972077642,2.243523635963892,-1.5683275152005973,2954.464339051966,0.07436156272888184
0.6012305368589281,-4.608339279614615,2.9284477435481095,3.1475631350516187,-0.602244202225724,-3.9501051537225624,-3.441268324127676,1.796626872733115,1.0308314344196061,2.2151143338381614,-5.09960518226062,-1.620503821451611,-3.4576296757085854,4.153222383721759,4.910568292470757,-3.2199734000881195,-4.806165744897839,2.114976656344318,2.6521018212991105,0.9789223615791629,1.2951324850174766,-1.0471286593034579,1.885162315612856,-4.888220106518103,2130.2495028676162,0.07689261436462402
-4.676304087670395,-1.5179781547587372,1.3720616757700927,1.131262240250562,-4.305641396249577,-0.41474906443415005,-0.9228687065600134,3.273154360380439,-4.9010918911752706,-3.1307512943149503,-2.816269871325023,4.270630381511604,3.775706952613702,-1.3194199642865119,-5.0366288889870034,3.277303248013175,-0.6542850233735029,-1.2202464018327683,3.4605071925261077,-3.0005091185315904,-4.635829774605604,1.7753577424685059,4.908688424534447,2.3072350853296157,2643.4209779416174,0.07934784889221191
-4.762030873187683,-4.351312535396735,0.3792602897547317,1.568431785810267,1.0854666075496526,1.2341494240063886,0.5168332882591109,2.4987966577497414,4.989160696724354,3.1871877985705828,2.735169216663591,3.442275445740491,-1.1101667888849258,3.611042512882684,-0.25843888706817797,5.056623163141135,3.8442558080457276,-4.119575823626112,2.5643445756074996,3.220510970264626,4.208469838243491,2.490329653716156,1.9615774820378826,1.4552634425228277,2838.628312975876,0.0818490982055664
-1.2043057906487666,-5.112998318062125,-2.856150980287874,1.9696443912824897,0.08764969630944464,0.7347481513098248,-1.91489442934799,2.048949531627689,0.8403907166720224,-1.7331523584081783,4.504226150273618,-3.2029102554704885,-4.940977982058284,4.139633810764598,3.0234393841947655,3.2328320244798645,-3.1654873977350744,-2.6587092701033224,-2.5973309521948655,-4.33196646701766,2.9671427711899385,1.2730064390497704,-4.83593719081056,-2.9430860786715627,1774.297653796482,0.08437633514404297
-0.6372612375249487,4.894245914889605,-5.002803687457528,-4.914103281320064,-1.731265586168052,-3.8217127381034923,-1.6207947911458116,2.643332005585715,2.320715441354194,-4.615217851893051,2.093238677056169,0.5311795726029924,3.138362244121331,-1.7350878814175763,-1.0953743325730718,1.938299300655265,-3.6309734037293104,4.026653232376231,4.10407132147379,-4.133818865097612,-3.4905064975566096,4.234273336368351,3.3449662400886373,-3.7774908298641625,2426.89418798573,0.08679938316345215
3.6057281573039353,-1.815441608344698,5.012827224966119,-0.16017801630605621,2.1766583574560876,1.5362068476207336,3.2179843621368116,4.612621691057009,1.9535873399862327,3.42066764822859,-4.090455827879783,0.8553196100579328,-2.257476846099017,-0.5701736070832979,4.410391718203408,-2.2647066157703497,-0.5143626919269986,0.24353342317290494,-3.905071893886659,4.4410073396021525,-0.08500736500071326,4.578674257267598,-3.370985425210953,0.53705821378529,2915.0692249253493,0.08933591842651367
1.9763686887669198,-0.19268957374141493,1.331405252572483,-4.094372822041959,0.870255858574625,-4.793524881188213,-4.907859292523145,-4.895661636969607,-0.12837437616018121,0.7594696703875039,2.0442271989084677,4.795882893505929,-3.9690186107255943,-1.15971972084676,-3.4799728848766547,-0.3507270833792626,-0.24209821799771802,0.3631832077967063,0.9575204257094079,-1.6973751706159241,-0.7395575486619332,-0.16986065454100174,-4.554887654485552,1.4178757682993277,2094.51168101555,0.0918416976928711
-1.3344239133013303,-1.9444480765738494,-4.216297744254157,2.090627662782577,-1.653418312708745,3.0939812277309224,2.587494187972447,2.2753119678084515,-2.9218794228942473,3.738112703215978,3.9318688146860383,0.24343393989126483,-0.8552328470793853,-3.1830787584126297,1.1427140608151003,0.5669155115935673,3.1936924515898655,-0.48562361747809213,-4.589343815571213,0.8608925904266709,4.801009655957004,-3.618669178177508,4.409650864077622,-1.4139695990037788,2566.943556279205,0.09423422813415527
1.4328179298213204,2.0299928392360442,3.0889976079136874,0.7029331346782648,-3.004198708506394,3.7254873257582206,4.942638759565779,4.292642013830162,-2.569157017074403,-1.939614555251199,-4.6632608498338906,-0.8599059268757614,0.585086205964128,-1.9981062548530617,-2.054036845005797,3.3189917459134994,2.7612252754812348,-5.0156936540255765,1.7414193495371704,3.1754940750706817,0.24231734506217162,3.7544748434226927,-1.5929688015944459,-2.025678193529539,2137.239609888553,0.09673094749450684
3.9489970001358214,2.0490909954011123,-4.663659183500739,3.448676054903566,-4.545454599098746,-0.5304336906976124,-4.035870510892529,3.3467073108257024,-4.6449028457646,3.512330070394156,-5.067018462552824,0.5114619556075954,-2.5677049688856317,2.708775131622801,4.336054487670995,-0.7567419182398538,0.9155700075761333,1.358987992140924,-1.154553097226223,4.329592535274819,4.449381589064477,4.129625537816287,2.627263914933292,-4.69381833077019,3226.1884792036144,0.09912514686584473
0.22920842738473635,-1.558146724642648,3.864454526045132,1.0314398417603403,2.030104134485832,-1.8762235528602056,2.867034570275994,-0.2205871848195402,-4.4524264528260415,1.416446958862089,2.0137369730837156,3.659110096698652,4.761558226168915,-1.935174004004776,-2.977246044099231,3.422948300204559,3.3464970180353726,1.766777978968535,4.424622905510813,4.539289952158694,-3.8113443849749116,-4.7124628751207185,-2.2704745647879605,2.3772008548973957,2613.9021628607866,0.1015474796295166
-5.017214214756843,-3.7798217982682227,-2.6464874744307276,-4.403366766270553,1.8367658040960144,-2.1345214231683936,-4.995133667483304,-5.108070423041889,2.3771268226175692,-2.2880962119515784,0.8831895170027488,3.6142586760982995,3.662572537329912,4.5238704781433965,-3.9494459587360335,-4.182832974047668,3.1994782241980184,-2.1733792758936326,-0.024264759957421944,1.6259035030519682,4.1495643300013585,0.2702752463374143,-1.631055582764938,-3.2974758925427543,2450.175840437866,0.10401082038879395
3.2601943495069703,1.729345727180844,-0.5018081333938849,4.429175555430695,1.6569405088512834,3.0725700514793433,3.0013730287234752,-4.42884764942932,-1.6440453593352826,-0.1598720993544669,4.355325446905533,-0.9098462174633521,2.9952774745229567,-1.7418451306309994,-4.092033138971845,-2.456095008732584,4.106818096160246,0.8580191115554028,2.310656530910541,1.2365547089362856,-3.371397007596406,0.7636399456274878,-0.8038238079921207,-3.8870246556255608,2490.970405829323,0.1064307689666748
4.419393001834668,2.6532012197369275,3.3595448212877264,-3.4147689101105945,-3.1124310048182666,-3.0365422709133836,-2.9028881900154064,4.414414959038294,-2.6998254610283103,4.649786080056489,3.863844984634036,-4.021012444373709,-1.4639382428799599,0.9254924100374815,5.031050698639903,2.7272484815272904,1.0012749674129466,3.7219620403841622,-0.7731550460302454,0.6946762619047133,-0.9128561370670765,2.200789685409606,3.295238595182272,4.981762473827723,2373.4905145945186,0.1089932918548584
-0.3287449915468281,-1.0715461994563151,-4.792920999987518,-1.1105503468621354,-0.6567387785183874,2.3348948539676533,-3.2040671762788437,-0.424062065326007,1.7700423367611657,3.6934948358964084,-0.9662660431764927,-1.570146567443358,2.354065630053226,-3.5060745167142042,-4.053976412259126,-4.5395674050822015,3.363792002535628,-3.5717382031210785,-3.4508117888326986,3.38928607954714,2.656301355276642,-0.4459619360065483,-2.9263178327033903,4.963561380402255,3094.042466533271,0.11142849922180176
3.315637159904532,-1.4945906586084314,3.6002630831591445,3.607087763329827,-1.8963307716434161,3.936653331590187,1.3730128368880568,3.1893435328002875,-2.3914557988550706,-4.954406904793742,0.032271520028267275,-2.1238492176445622,0.7819295209252175,0.03746671501883547,1.326919275653677,4.426968776170837,-3.4324986389597347,4.926617143598912,-2.3659661636883285,4.733342713106528,-1.6374066657737028,2.929609210496616,-0.30918059192586433,-0.0015784724236578285,2583.521895741131,0.11384010314941406
-5.0777521426607,3.767475687508859,1.3401042170665995,0.9133210355246284,-5.025876794498116,-4.617248183091908,-3.1604979546200362,-1.0460983696037234,-5.085193990088477,4.362846526336162,4.915135658193365,4.135630889855604,-0.4739841683878945,-1.4525853314662656,-0.5466741516400146,1.3048144278316052,-2.35466950589525,-3.4968370766691823,0.912173453873554,-5.048768392645917,4.184092694921252,0.6132111952979376,4.498937168627147,-0.3004846134090826,2666.3623269695026,0.11629986763000488
-0.7186585797414144,-3.5656243627541104,1.3530181481470391,-1.1688315626877244,2.5258281576670107,-1.914087518928015,-4.255903846537859,-0.5616908528139781,4.511487504663591,3.8294026597456794,-0.9850073215865658,-4.637633353754239,-4.3739355234950565,0.5787947897513561,-3.7711539151233784,0.6268493738243235,-3.614581179226396,1.8996732469245172,3.286390202861237,3.723965594099517,-2.6602189412674915,4.527136595642104,-3.452131743852203,-3.689170906865837,3413.0383200351184,0.11870455741882324
-3.36203845317249,-0.7128532639177134,2.4660937020238265,2.176377960281492,1.8373828313785117,5.112935913489403,-3.182920508136567,1.3764913207568688,3.424674996532926,2.10962899979186,3.3359919294253357,0.5076597770829787,0.6547881165297875,-2.4305049088935955,-0.6919483212188382,2.428771166961609,-1.87077162561702,1.2987882715175658,0.39033009017887377,2.1080504921272274,-2.023911203627841,-4.2745321258549085,0.2839877333906937,-2.598854581291656,3002.4265051930024,0.1211707592010498
4.340392831313676,-0.010776369034890543,2.5447245837407584,-4.310981791240523,4.991483490203234,4.233000611814215,2.11159699187034,1.9096836739352243,-2.466029305462734,-2.6581232551957927,1.9158837042379355,-0.4900126467681645,-2.4841052790964357,-1.9894153859004864,4.29100537981386,-3.918310175005022,0.01976089331949371,-3.010251207909207,-0.11488354537349554,0.07304536485274404,-0.20932914827700522,0.23100828858508837,-1.9659824443444127,0.6624443212843865,2042.9849231477624,0.12362504005432129
-0.7694603185976341,1.131062676338047,-1.2202085359969312,-2.5665305486608356,-2.0044937972137844,-4.490652688545551,-1.736258526525435,-1.763937406472107,-3.210245597053425,1.8396702233392608,-2.8985402607418447,-0.8412258180584642,-2.9614513920863152,-3.9539236799703086,-4.232111803270936,-0.2608647345473196,0.34553770057642375,-3.057723688268696,-2.3436540186375323,-0.18310482388899363,-4.8923968197738805,-1.9889488518558878,-4.133356076266774,-3.0554409784042544,1796.1128841880595,0.12604904174804688
-4.8268067201133205,-0.48422367386160836,-4.299442482653817,-4.20037965968256,3.8119738883336227,3.2723024877540103,4.1293548294597935,-4.489224929947181,-2.993207804476759,2.0037716543397472,4.724921038706632,-3.065629981749921,-1.5417225832972572,-1.6165903009187201,-4.695222307021681,-2.9956398422165065,-2.8032234465219594,-0.8016214753806734,4.611284620327324,1.844457483040503,4.412888488098816,-2.798659500716719,4.1157791611581045,-4.977642999373008,2431.4335747955015,0.12852191925048828
4.704026269133755,1.5439888871610785,5.011091627632749,5.090358037963099,0.4679825419849122,-3.0882777707577667,-4.453890649414948,0.6262288130244844,-5.017060120858571,1.92036850951036,0.8782078410750884,2.570371240681145,1.788262536661886,-4.7715694650005025,-4.596609418955264,0.43039190440019137,-2.3897584445834634,-1.8186501763942222,-0.6986980152938136,-4.147670068755623,3.6738381564553118,2.987856010261292,-1.4441139271843024,-5.011886011628414,2698.846717742372,0.13091349601745605
-0.6778493407293995,0.8284188177212046,-2.1355089366291513,-1.0749684605026495,-1.4963511251117114,-0.1085886830405558,1.785160639396179,0.9689348371859259,-0.5223793743220968,3.220195831052128,4.395126142087999,1.9944510835332698,1.7086216787381332,-4.961535610680771,-0.08934230938320287,0.5192558549106145,-2.5460494977012487,-5.002673790345465,4.738192071236729,-2.85482014685542,0.10631514286932564,-0.7884010934708039,2.984048312585039,4.425813181423773,2142.3141294417533,0.13337063789367676
4.702177179383571,-0.6467019960680753,4.237522751725845,-3.903038368563733,-3.8380388266446888,-0.5152936697308705,1.1169641406691815,4.024102546513901,2.142266154899195,4.9740391086713975,-4.210304749694789,4.743685417011618,-4.59004648336257,0.49433292579412935,3.4159354016731074,-1.7183838154679978,-2.375188542797583,0.7412456213889369,5.01730255943376,-0.8312091127509715,0.4272062763056308,-3.8559789838911156,-3.9834743187925206,-2.1429608165420526,2438.032812985627,0.13582968711853027
-0.09559432902247167,1.477289107901636,-1.5156773536969586,-0.05852941291050229,2.5234055876653736,1.3564683076991564,3.9483194601679257,4.233281393476029,-1.0414957824398803,4.511877735218186,-1.6762727535035769,1.0326481127724367,-0.5028712994958005,-4.466902142423134,3.5949991717682463,-0.925737054858895,2.375321249965581,0.6757497372804808,-3.957203089412002,-3.813845120089497,1.6877249278748847,-0.940567169200162,0.9989673699899946,5.052583471905421,2522.3724081328282,0.13822531700134277
4.762652235623466,4.401312570177045,2.1782476829950532,2.8294192893444876,-1.1180256555895456,-4.2416182086837155,2.1625416901113717,-2.9090083738499355,4.346326854781467,-1.587621309856833,0.9675222175926512,-4.566425949108122,1.9264545230750239,-0.6916361027814117,2.6731377349577166,-4.336829376719157,-1.0415710365548208,-4.1437894317260335,-2.466918303772175,4.285415601377703,0.7483520634529643,2.9279419369809654,4.905638448416165,-0.22535480589891232,2357.6251020448217,0.14072585105895996
0.5198732165461024,0.44783557333248947,3.00656576559743,4.909213879834698,4.748885653160182,3.997778969113127,4.3694484619463685,0.543966415654511,3.6762411657342655,-0.8440720523629617,1.3238645367002153,-4.969371882963277,4.714049294323485,-4.633261078576819,2.211899696367781,-3.653624903752868,2.886992284697617,3.6742012489701947,-1.7911190051936212,2.10810488202881,-1.184321766620264,2.193659077837655,0.6687587246587823,4.039629894131175,2523.509823381147,0.1431429386138916
-1.2886858970353163,1.0228063441458701,3.4882517699457205,1.8862157692140604,-1.7065323378762556,0.41662289498409066,2.18536319349701,-2.8877733544121087,-4.492310241188172,2.6149333064101574,4.991601897381469,2.7320281671967317,-2.302933777371215,2.8479781583783916,0.4033772223334884,4.546471293553286,-4.591730034013044,4.168479798230062,0.16599705113006724,4.183841466980566,-1.0283586942048188,-3.148983160902287,3.159919720178915,2.9921575480902183,2433.4009781776504,0.14560246467590332
4.861980790957104,-0.2650115417609653,-4.4489505645371015,0.6024302374392176,-0.1581714437842452,-4.476279005934584,-3.1347470735427336,4.017980149216485,4.3081777951729885,1.3130479948627078,3.751127926535852,-5.052175165247652,0.9943347180913777,-1.5496186627053095,0.9313683959112362,0.015138071891582783,0.7783115450083287,-2.202240478841431,-3.3522590932899536,-3.0840201933624822,-3.205032232507449,-2.750154668240918,2.995351709173968,-2.974137753842325,2097.7001758572005,0.14819073677062988
-2.2024746901959764,-2.6599004303917533,-2.1861193215061183,1.963099991330174,0.5523818608353777,-3.226502609731755,-4.250643059069785,4.561661138641198,4.659397473474182,-2.3687684239117184,-0.561398292092572,-1.252017619506982,3.891060254175085,-4.63793389327312,-0.3326833691567259,0.1900579957725812,-1.948725642037778,-4.641251043754163,3.7551386753786344,-0.2779141619166072,-4.8287420571859245,-4.895351924881348,5.00336273892217,-4.12093647466611,2624.941904753698,0.15088200569152832
-1.528067122295433,4.6589763489842,3.4759727332047605,4.017347360801701,-0.37138374307327826,-2.085190071815767,-0.582062272626386,1.364695731510654,2.182842840832615,-1.4056624965389148,-0.08178818118528053,-3.2877433962597156,1.3421065213634336,-2.7571676189109593,-3.685505511955647,-1.4449794679773054,0.3828938343590673,0.47254918827542003,0.5585678095256004,-0.1966864920923479,2.2862065177105766,2.720585463301866,2.522888334238571,0.10929994476237148,3267.1339600875376,0.1533980369567871
-2.799053989029205,-4.996278503865932,-3.8749751559365437,3.054264177402101,-0.09704159411655855,4.1701310385072,-4.390819949053788,-2.2956807700637314,3.7379586244580993,0.05047638266490928,-4.86784667592799,3.98771969781425,-1.4815310849330654,3.908168156560511,-4.712817272045044,-0.4222033755216126,2.0725635306944614,-3.6754379550743614,1.8330623511328463,-0.8358613679739024,-0.4123435616015927,-2.6427961681986276,3.7035905364648594,-1.3964991508116618,2299.972117877336,0.15593338012695312
-1.9053466950101057,-1.2713559447302445,-2.8792427491071484,-2.935922776093722,1.1741958029201331,3.69025109628729,4.711166902692727,1.9485947009414541,4.351673794541743,-1.3446243813780843,-4.0139192867219196,-0.3721101696223652,-3.283038120642312,3.7876925064614566,1.1120901624589692,-2.2687273979652054,-3.9751798229033035,1.8853541792402702,4.401275263595967,2.159159779675373,-0.019209309471290403,1.3266912372286104,-1.7418703210039879,-3.894782255339302,2025.8811516736287,0.15834832191467285
-3.3889599829979726,2.8316825811117177,-0.593684563458102,-0.5497244906579608,-2.116903342458532,1.1477450893688754,4.2914541956908865,-4.681257893583041,2.8716195951697534,-4.659401006650854,0.08094467033078168,-4.218732925616892,0.9648025498467252,-4.750052908600845,4.320334331539695,5.074371685295833,0.5291021270482208,1.4451129666031015,1.507111202438753,4.044991551587057,1.2806931915300304,4.2151642121607535,-4.766020410637558,0.5056307259870492,2802.070231342841,0.16086173057556152
-4.041362034731228,3.7327431722333655,-3.6044168364484923,-3.6172689395767303,-0.2998960138589304,2.192242367017223,-0.8863507849418681,-3.6839624105875632,3.3863069155799197,-3.9074208271112942,-2.524900098117184,4.353252118038305,4.509686618240855,-3.9450225056256363,-1.4717532763884087,-3.350032877476906,0.8720285907677745,4.576169770553613,5.046389682479618,-1.053626019775927,0.40392973952857414,-0.32816254334693173,-1.3767611904704684,-3.069318552359225,2918.0568354639727,0.16328978538513184
-4.776847969081481,-2.672261635135521,-3.7513928233171154,-1.0528055093858564,-3.666731079971031,-0.605791627826556,-4.298275350413193,-4.01896532212989,-3.463956123782018,2.8943231352934786,4.184383109546588,0.5915716597156946,1.9132882684470642,0.40303358275872014,-3.9269318265219644,-4.986122471009329,3.3156411517417537,3.4595809218952036,4.35511633052528,3.3924873188860927,4.4894611127854125,-3.792350331112983,3.1865512548931383,2.757830559775581,2851.376132182538,0.16573429107666016
0.7955484736817402,2.6292029662577097,2.363393835672958,-2.3836835635069207,0.4693721315936408,-3.279868399249933,-1.7974756143047688,-4.669302666561902,1.765500781337133,-0.7896205027088747,2.623193313340396,-2.3260625815254863,5.010213719641663,2.5780765629904874,1.737335936672868,0.028185181897487865,-1.1851134520193596,-1.201979502970393,2.684736802995567,-0.9771531274040122,1.5679129557432718,2.4911870193889767,-0.9850655666087649,-0.14091721353813735,2723.309249497906,0.1682288646697998
-1.6388154122502505,3.514078150349122,-4.008374149328749,4.910119069102044,-2.8022459142730507,-2.1959011923687553,-1.242861996185332,-2.9431948173949385,0.32524508726800594,0.32531042008376154,0.8513254721628618,-4.134156050005195,1.0834809457706625,3.7437313039486453,1.646547613223861,-3.0040593146578463,2.2756501135695055,3.657286727935092,-3.7303782820336835,0.6306733105191551,0.32234637612971007,-0.35759534711096563,-0.7847523251495456,-4.01972521361456,2368.8962082394028,0.17065978050231934
-3.9289607393781965,-1.709652841466986,-3.9084757112519752,1.053747442236535,-5.032468431324842,-0.29820433797061696,-4.452341291585533,-0.08382752063463972,-4.102861857132614,-4.193275875554447,1.8638745128620755,-2.072371502762397,-2.213531242275895,-3.7910571985046717,4.197078398146089,4.870696155678069,4.506793590542617,4.163474774381593,-3.0128938801084733,4.732468771190878,-4.392122681218679,2.3066476344698463,-1.5509647625378231,-4.093021482172752,2057.2494899998724,0.17319130897521973
1.683835199546551,-4.540029102917666,0.45161925177924545,2.499518860258087,-2.637583223157124,2.2927835883855794,0.47323002231883216,-1.328346146670338,-3.146809193455783,-1.6918950459929585,1.4501818369889596,1.8543357761639427,4.736232592379122,-2.9231310990445816,-3.4601842457673966,2.7183352204351365,-3.9542989784056557,-4.894706518207142,-1.856211128199155,3.6863669859449884,3.7274395242036436,-0.5812269075635168,2.800699519936374,-2.876548583473554,3016.8157442610377,0.17565059661865234
-2.8941272958750934,4.12778876031613,4.345866757379201,4.362702092434314,-3.399402028697174,-0.3130080206170227,-1.6276398034278103,3.7557425457312954,4.853180609688867,4.258530859865146,-1.99415500283069,4.3709277379326865,3.6203953500526564,3.9050160640852196,-0.48682322923975274,-0.24997240312600333,4.0905201349072895,0.8941981185339793,3.9066430274188617,-2.156732916832203,-4.394381942591245,-4.139824650522518,-4.204313274002411,1.7939623994962055,2500.067579997192,0.17811131477355957
3.8435453363602177,-4.468860811012477,-1.5349013073168662,1.2523378498242348,3.9698340156397647,-3.121661940147752,0.5065466213640537,3.8580242973051577,-2.894757598615508,1.026409031016625,-0.3760221415274909,3.325246631603771,-4.45156090308799,4.770076323151366,-2.732238158034107,0.8823924320115406,0.0053524316530007,3.4659528204295738,-4.907016903510486,2.964165198097109,-0.7081871160788467,-5.044458998999654,-3.5159597348173848,-3.9872778289427093,2364.0541992506433,0.18060541152954102
-4.92706238423725,-0.21018963674783198,0.643495587046151,-0.9963871303488556,-1.3541730701956323,-3.5924989568442207,3.024031103744721,-2.3382994648878737,1.7727478789713098,-1.877860586188214,-0.4754364122777339,1.4236578907802757,2.4731773162098367,-4.430272089169195,-2.2023129248773428,-4.3267301106898355,-2.6825717553032513,-2.7282671168121246,-0.04197245475123168,4.622729003372316,-4.677005857860096,-1.725352120732476,1.8917420456629328,-4.450409062016055,2957.793505166431,0.1830127239227295
1.9327708439279814,3.0337542642845916,2.0844930758276643,2.9660267401732723,-2.900435859957624,-0.7188779347487744,-0.7811900121352942,-2.7955098752731224,2.0303867226502144,-1.8278952829757742,-3.4394287882954084,4.727347558718603,2.323692431250593,1.1317064753567045,0.04208239705280992,0.48540836806764,-3.7321161770674003,3.890192862231939,1.1104933563360255,-1.618185175027897,-1.6629008204464064,-1.6749091486781271,3.499385737199021,2.655472928240287,2193.766707256287,0.18548870086669922
0.8391251958474948,4.397378110832196,-4.025442232107677,-4.494014108036107,2.0185834102740277,1.6582227837382524,-4.381998289961389,2.585031338694445,3.1723391159623846,-1.4598267038704686,2.1379304320948727,-0.394484301774793,4.34282052445753,4.6222477389853145,-0.9647430936027686,-1.901222361171088,-4.904508435038174,-0.157740918778134,2.6838982196700343,2.1902777325055824,4.116505922854398,-2.070264217842959,-2.804445011291469,-1.4087172489083089,2525.1901820135517,0.18797922134399414
0.8574698979378024,2.7490964199763495,1.9601794060538031,2.7120460375975046,2.8425588656288188,-4.250358519823211,0.373604487938592,3.3059104558319214,-4.3295281617112185,2.026429062398237,4.468759370096664,0.06467958603114621,-2.0147397214295215,4.952925865960592,4.022519302540201,-1.889529513930838,-1.7749680466494882,1.47389423040726,-0.07094527533836636,0.693557963457442,-5.1160436799033,-3.452973178329248,4.532204566657749,3.3480211564547817,2326.8849310486253,0.1903824806213379
1.0576230940204008,4.446565628543113,2.9654827969830686,-4.48996733981399,-0.2428655440515417,-1.1749530496185585,2.910346026481389,2.3436172183634314,2.9431818228459585,-0.9202158219389691,-2.3313233436751166,-2.8660184855360087,-0.08425659999473378,1.7512783816430284,-3.3300694575360374,3.927891560040581,-3.8438110376348265,-0.6222778755119016,1.5678539617712692,-2.398642280282034,-5.109381874213193,-3.4191495263204628,4.092895575236837,1.0356610028812687,2210.0531184622346,0.19284772872924805
3.645400740589557,-3.4900417791768366,-4.341127635107228,-2.0082008407362113,-2.7216008382426637,3.2676757917146206,-2.480687389621341,-0.6947985866874617,0.9621547158953785,0.6370881804261472,5.000387503315896,-3.1991749945321146,1.4001834254079801,-0.4705653777498622,2.284063685225359,3.9935817331068995,3.9677702087953177,-2.077095436101484,-4.216970242200896,1.8355385722051007,3.405732610705173,-2.7722539745211368,0.0507507245347778,0.2501769688522053,2523.920119951611,0.19531750679016113
2.421856107360318,-2.0983828309056043,0.9108115669683681,1.570812886772635,-4.518944577190946,3.2387687989803906,3.9120346201478915,-4.272754742783715,1.9119716920391046,-4.345366550322014,-2.278684666965872,-2.709900285729156,3.9719868787086066,-0.031095451682477737,1.253068993135872,-0.914966756277658,2.0021862012817575,-0.09776933563016144,4.6004514872191935,1.3592366751667244,0.5899425177585824,4.537080609503724,4.811710873152644,4.476416381139935,2594.79885637802,0.19774842262268066
0.22832988635218054,-2.8741285893970208,-1.5799188470028498,0.6093681399249569,-3.825874789864576,-4.798235230932002,-3.8514784965854503,2.20119297807968,-3.5681464801156126,1.209942015197183,2.5792709304264747,-0.4031013203492506,3.7852598314404586,-3.9845694307138464,-0.7163384794253069,-2.859261941699203,2.7145177665415856,-4.573252131579261,-4.948518660556699,-3.2350430703432993,0.9068670211343575,-0.12893132705494104,-2.02932428068319,3.742593538008765,2359.8395671515864,0.20021700859069824
-3.4099567655336633,-1.0965328171329256,1.4560219164496973,1.2105724461084408,-5.064727245701173,-0.44673238947246485,-3.239962715782095,-1.9989594948923681,1.427173926402892,1.4822875764789076,-4.334438923006539,4.485945142447574,2.898674321438828,-4.619982164123769,-4.884213379601814,4.63693867800245,-2.843555534196624,-1.6720725336778135,2.7072458261193555,-3.7660087245198564,1.4921108196787394,-4.55773756144498,1.032498197998767,-2.1864597014416467,2993.4751201829054,0.2026224136352539
2.4460522270465956,-0.18428572647356667,-1.4804412626729144,-4.64417852918293,-0.23029976717426948,-3.3056973499135376,-2.3815564560977163,-3.3563665907291917,3.391176411122683,-4.7212440975088965,-4.8577226982363175,-4.111986384323388,4.697906392208966,2.3565018536012623,0.8389758715969275,1.3654690816090884,3.3288702241138397,2.242963949682494,-4.6633515782791735,0.33298725808033147,-1.7494458573353637,-3.0932523235394656,-1.3967663066926406,-4.454378660823654,3308.6501692907377,0.20506906509399414
-1.453107445516169,-1.3971994730191586,0.1408399531953668,-0.16017429454390353,4.308209285730883,0.958839728365037,1.323826481527579,-2.5296769034539994,-1.9079193373317227,-4.786259211335731,-2.1140038707845843,-2.0005248476579793,0.901262623536172,-2.958643783136467,-3.804756737362169,-1.700262520775064,4.310542273150731,-2.99440194168195,-0.8434993528495864,0.05260328465327646,-0.3422386332350973,0.27966003669369766,0.9144082965887801,2.3176555235378684,2022.2750110281308,0.20752620697021484
-2.540600482996851,2.8314432363094513,-0.3695931850268872,-4.832166868019914,-1.713431188958221,2.98433313255351,-0.16271489284349183,0.33406421519255414,-4.459972633672184,4.561451781609592,-0.885539769196309,-1.1059261748533986,0.5002703191768578,1.7928120078943746,-1.7434988413550383,4.652936226297313,3.8001111499431763,-0.023986031429078736,-4.079549220341466,-2.248477558518429,2.160132479416469,-1.3395725593638352,3.30715733023231,3.7451819613250867,2566.4247539750545,0.2099320888519287
-2.642870898785878,0.055842855371015965,-2.6849888152415526,4.082963027183481,0.6533147026924668,1.995199227595573,5.036058824454563,2.8747578000309044,-1.6070894540208411,1.2403112809181254,-3.1972027047121037,3.713691475151255,3.47475797179795,1.763883401659033,-4.051598481452893,-2.6888903983543533,-0.15851368658996368,1.7652937426673923,4.042970894367131,-3.607314506735506,-1.483395620588147,-2.025784088379215,-0.6754856368411906,-3.237900054387379,2347.070139626317,0.2124011516571045
3.2482197071619145,-4.728110433026021,-1.3428275701730894,1.3667602525471114,1.0094881737744705,-0.5594337281998198,4.741867858305176,-1.9868969206003015,-1.0069367220207601,-4.990759853546332,-0.12708588353309835,-1.969647276785989,-0.5316208037390835,4.353122117154924,2.224355317202554,-2.270365255020168,-4.085954780407812,4.598564068563628,2.0986601883226745,-3.496460361358353,-2.964890898117522,0.18083568565342922,-4.135202903601712,1.2266704978054115,2220.0737471835573,0.21482491493225098
0.027450134877125443,4.914833955665647,3.784923499205278,5.083395956738287,3.498473025060183,-3.1635494143291982,-3.353404299761288,2.578332989541958,4.450457565477564,-3.995426834957552,3.024093572335274,0.3699787945542967,0.18802382377027893,2.5138856513001677,-2.9265505421098053,-2.115832509980125,3.0908566653565215,-2.227905858263176,-1.604672954893653,1.898222732102547,-4.26690484872533,2.937714991141516,0.5643907066048985,2.8347623744699986,2251.3555372408227,0.2172844409942627
-1.0872092439523477,1.758640540022717,-4.519056316483775,-1.3157546146638883,1.1261061687463139,2.7629907362936628,0.47500760952223775,-5.0343897598615515,1.4517839930699816,2.5611614944181396,-5.000622866178081,-2.9555673151735458,-3.0842491255440834,-4.17277826461708,-0.9542980268580532,3.0298372996438507,-0.6812123807545136,1.3235119970902671,4.371114499713566,1.9200818665946358,-0.2503696283987482,-2.150584126357439,-0.17996343075720844,-0.6864894884756056,2212.583608885119,0.21974802017211914
2.6342585747352167,1.8267613578574595,-1.7336474369397608,-1.0479321544095184,2.8972006511762602,-2.7836165291461663,-2.6714858620640594,-2.936502059264461,4.081339047536011,3.811422822463352,-4.550759029949365,-4.1826114392556475,4.714449559633542,3.9692385761088476,-1.2872521576788283,-0.18365990793084297,-2.621661366921565,-3.3599071897688395,2.9969165321820403,-1.0566350802806923,3.0255128121590724,-3.0450842685141546,3.5152028581135335,3.9320468447161625,2010.7633563565983,0.22219300270080566
-1.8713389502470519,-3.576137615616444,-1.1097889477842164,4.337010059233612,3.7914816253860275,-3.0507557664712635,-3.837651170152749,3.6246056602064085,-5.015954309236573,-1.5643172617729197,4.621931147131611,1.3230211096108873,-3.646829610946414,2.895156949853841,-1.212859375559562,2.681445918391735,3.287447881660774,5.098145685685211,-1.7498640984529112,-3.307881527460572,5.0305355516850385,-1.8946390732942717,2.6500833896739477,1.411603917404685,2602.8220134457542,0.2246549129486084
0.7046216882826739,2.496933516111252,0.6151789526781775,-1.4000738071706569,-3.9650161047664074,-3.1571487196466927,4.414611913146694,-2.7920825697646565,4.3618694800823485,-2.649105891011879,0.7781907316508008,-2.9834782842700323,4.123203305871763,-2.4435109960705685,1.1639224523781442,0.07148980018404405,-3.74073373700528,4.062072268638242,-0.5621666867378572,-2.6915249767520875,-1.3246636131054825,2.6905518658577767,-4.302286390327806,-3.6400409961342177,2898.735606644384,0.22710418701171875
3.609984099997818,-0.8610481111781647,1.6963072309575526,-2.8842857531443222,-0.13914481233570353,-0.9432400648312971,-0.5177698058908211,-3.5768753215192213,0.5781097671853965,1.5091559661618739,-2.284805737877267,2.660768089684593,0.8300536983295306,-1.6025791330150225,-3.8551148632314947,4.304648794657155,0.21309357924611128,3.252240227890602,-1.1343532932937506,4.643452279933332,-4.835532473827124,-1.5685872846250533,4.404691698232026,-3.799644322214423,2917.4983589839094,0.2295546531677246
3.6386657204160384,-4.256305357365704,-0.6015435181125053,4.1858749534722515,-4.642787288329094,1.820452075824928,3.1955068478272457,0.3779432931180189,2.4679690225591813,2.188264756726775,-2.0055438583940037,-0.9845742431537703,3.7738415687077085,-3.5423541623235923,2.421619053061197,2.1581496631632424,-2.732990930309554,3.3195281935238983,1.2272002702644684,2.6030019275888003,-4.405801021472049,-0.04946524648955464,-4.42291405518027,-2.2872659588423536,2969.8270996071124,0.23203444480895996
-1.5322874636507429,-3.886049556271638,-2.5598744422183524,-4.067237089042388,5.071379588185521,3.693424641631233,-4.75256127536186,-3.588629381299165,-3.6611985598540286,-1.6684552570796023,-1.122403732552514,-5.1024336588646335,1.8844661990603777,3.8615403622359343,-2.93413838557269,-0.3526824014142633,3.667690926879682,-4.026444395055072,0.415067788745783,1.8500548400135086,-2.274010840080842,-3.8863538348418283,-3.296527057375828,-2.5070312631601377,2534.7221781771577,0.2344517707824707
-4.757323389454037,-3.480252076294281,-0.6696996671376443,1.9795189687660182,-2.289944374337327,0.3506736724213928,4.428043749707416,-0.6644989320002566,3.7391058031818156,-4.950774023120715,4.200311782373954,1.6068836295270703,-2.785963751066848,-4.776690622423433,-0.7376748045151276,3.5267154911604814,-0.04259996958175183,-3.0750779735235945,-1.2570327505328414,2.202599711361028,-1.137793614634401,3.0731611579600555,-0.5872027700602134,-0.161239832083778,2556.642935463714,0.23692584037780762
-0.9372767700009748,1.1404745790331807,-0.7267397581389368,2.0193502398371628,-2.9996738231005198,0.475204544887907,0.792061739519955,-4.663674112457606,3.099329497263871,-4.487697772275015,0.8050152540234752,-1.6457842955884967,4.851736022892655,-4.270541492841453,2.2497527520630074,4.638927902564299,-3.2963722420002872,2.174533558182681,-0.42705679431825416,-4.456917892015695,2.95030337067515,2.8160372914301526,-2.0477827335532273,0.3792574543486751,2453.7665666896937,0.23937392234802246
-0.30968004623420065,-1.5350412752838674,3.5193482277918724,0.27040836600515483,-2.7722540959408395,1.316482269173406,-1.609894243188092,-4.496037408360853,1.6703182248820951,1.4766541577575696,-0.6772319017244168,-2.8493052218160115,0.976292907617692,0.9205387335290052,0.7339857748571275,-0.671890507979521,-3.94293243368464,1.9973781430849709,1.412214343617726,-4.309666641756919,2.4193968427011434,-3.5028720478435376,4.530336449221989,1.692035337305005,3247.5815721277945,0.2418074607849121
-0.20079400162526806,-2.291898525936244,2.8879835158168747,-0.9036642688443504,-1.5453723374739985,-0.08986138233176,4.5675924776493835,-1.132370785523141,-0.5896683365986872,-3.971229943929294,-4.150494120157647,0.07357252826319627,-4.706571275802543,2.4870263289211145,-4.8930112962213155,-1.1524752755273293,-2.197875904915315,1.3401613421910437,2.3913512980369296,-0.1333123836749177,-5.021575886979653,-3.1457712060203216,3.4009647549934554,2.647595406705034,2306.795792998008,0.2442779541015625
-4.111875975097856,4.392811116067052,-3.440099197605177,4.864942204835002,3.5644446815851962,-2.582887670738799,-2.5014219811634115,-0.43345731654339037,-4.826278916712897,-1.9826629304968386,-2.633449995899775,4.3289882373512265,-2.7834167415489546,0.006826932686960774,-1.245853445460595,2.0017283582506593,-0.2621258689034187,-1.0313175827916838,-1.646911305932179,3.35808594926739,-1.5282850004143524,2.2394965791056825,-0.6740239780485826,-3.381685457132248,2986.5888058300375,0.24672698974609375
