-3.7461703073550607,-4.800361060152909,-0.5507268049893401,3.916476148323155,3.0279676092170975,-1.8786852122178432,1.0894262125691156,-1.999508745489322,-0.9702618032633117,3.0923829757224413,-3.9945988937728587,-1.7219501673366726,3.475894951375566,1.2311543529424034,-0.8738138140836353,-4.374885872817874,-2.809005781268242,-3.8722333853774025,1.4531433690302622,4.536324515911223,1.5858498071736484,2.8029141929815404,3.2429641117106884,-4.59719385774752,2286.72382652419,0.39972400665283203
4.579901597147717,-0.9140481462331467,1.1668533184980037,0.7247607545042563,-4.548240304615321,-5.12,2.8232412200917487,-2.4487118383802575,-1.035232825150632,1.0669711321134505,2.120317128236553,-1.1453195592078296,3.431364153733541,2.4462106361705356,-1.3560500417258359,-4.424836665144912,-1.3887634072787138,-3.343920554487136,-5.12,-2.3264830928579903,2.4107483883453087,-0.5036680853961029,4.06904114756433,-4.086834375792839,2783.884445717706,0.7483489513397217
3.3297389729034235,-1.573864133233176,4.87624044345734,-0.15074176886309054,-2.9100600445510127,-4.878491173193283,1.0718976948494454,-1.237960634858386,-0.689671325147784,4.363506926813604,2.9863996304745326,-1.8506286511714358,0.8584467457882168,0.33913642772957164,2.0267744777732375,-3.252759316160324,-2.727424498222802,-4.728260534337826,-4.943689089870522,-3.4002782837449264,2.9679989800605453,0.7691291513296337,3.83428798450194,-3.5842485244594546,2153.7798548562623,1.4039626121520996
-1.8050885686871476,4.957844239033679,-4.453895048959046,-1.052479689039247,-0.5712440661341187,0.1421691029874248,-3.64137493658521,2.6935997044201354,0.5455316924298783,2.7765459014409055,0.24666557755990226,-2.1078746257220558,4.241945636529153,-2.277476583704332,1.1355734384130685,-2.089184497396482,-3.0987647302051724,-4.501181733578057,2.793751362777729,-0.9999523360691986,3.182113591939003,-0.9550183577759457,-4.886710406836722,-5.077877635085456,2057.3842074039894,2.1166346073150635
-2.4085063474054778,0.5669208506381338,-1.5101212773953034,0.16923370333652432,0.2041336603546231,-0.01062317458320905,-1.5374496861394387,1.445459010365485,0.5418203464699616,1.8252198827349222,-0.7906855523821372,-2.1169772494257537,2.9605207715365305,-1.8498186280469548,1.1242946748333482,-2.301929665034639,-3.1272728657867606,-1.9645038448081182,1.375771011802124,1.4858819947872748,2.0961805161032796,1.2213504087724525,0.3097082527130386,-4.727640271203173,2487.0008577760545,2.96823787689209
-1.7182299744198897,5.12,-4.099890294455412,-1.482880365796071,-0.7377914456816139,0.0987950696533133,-4.111445079881429,2.9565735051681328,0.7812436040178712,2.834197177513631,0.7497418430649478,-2.4275637522512903,4.183713995085543,-2.3585842373356543,1.6849019673556054,-1.596176038202206,-3.3320601686474127,-4.51422584034137,2.7034999638407387,-1.4899271145640096,3.378723942820579,-1.2354361054471257,-5.12,-5.12,2702.859846500384,3.7680115699768066
-1.4505968478980082,-4.919817079327,-3.4458774032981916,-1.6454963230079698,-0.16417183331787122,-0.5975957244425532,2.351829393970881,-2.672449325587626,-1.2806684178599688,1.7039353891768592,-4.108538507753012,-2.0894137012458605,1.8187146746815044,-2.789597273599674,2.093859967515683,-0.4741324474940809,0.9708735674772644,-4.774905276616523,5.061345696296384,-0.03745859761143233,-2.00981700461851,0.8110175843453167,-5.064283428380812,-2.8402855112239194,2130.933495501517,4.396702766418457
-1.2796568305650386,3.08226466455874,-2.2413610157096135,-3.350380990560292,4.890321279624465,-4.867882382213283,-3.670975339297655,-2.3185376526600217,-0.010762473430464325,-0.4749548924969078,3.3614078323437644,-2.092338073222505,-2.7589955505265356,-1.0355651144063742,-3.053374415216667,-0.43526906738350046,-3.085897746013369,1.9562321014838382,1.4843370714053412,-0.2628632965442268,0.004758950233288317,-1.1229677912301304,-1.3952585147966858,-4.836561731167292,2155.4273532003,5.112913608551025
0.29135510403120435,0.6032642149033229,0.06635327883836428,2.3543144387491246,1.08101277872536,-2.161273985896843,-0.2488133143379887,2.7857469811553237,-2.1475794312900884,2.498113830564221,-2.333920749646627,-2.1035948791657715,-0.5196930789372827,-2.479091293230977,-0.6709632453855541,-1.2241404016122726,0.24397745939251436,-4.843307983175398,-0.28259396182141394,-1.1651141415524915,0.07121917863443539,1.7518842476374674,-4.944994080718947,-1.6403032396899295,2444.715860611685,6.043219804763794
5.006795753868611,5.12,-4.541710177494232,-4.685445201556899,2.338634424987898,-4.8177988050400415,-4.113773252896607,2.150738968280577,-0.7673639713899618,1.2227094035002857,-2.357866475308889,2.75480261536232,4.902784513312803,-1.4065361548204134,-4.217585981624511,0.5671805727898409,-3.09034169362455,-3.6548823667604218,5.011655360801703,5.119326431942285,3.8817566797826553,-3.0315280490891436,-4.399711672405037,-4.625194736778113,2466.362971615243,7.164354562759399
1.5738255765149276,5.12,3.410440614536628,-1.818568102511477,-0.29515704451689295,-2.2472089015813235,-2.2675671325446314,2.9498881766807115,-2.826605937368892,-2.9515085528312746,-1.0278598015745386,-3.194432100639129,-3.327251697457541,-0.2910933991240192,4.524192652565662,-2.0994209773693773,-3.0900977452145777,-3.6475770611185983,2.4697217837221377,-1.2538975063205449,0.9924783917298559,-4.607857816597031,2.739267520009326,-5.109685350012636,2413.8579753576596,8.167319536209106
-0.18737938343282945,-0.026659285356917195,-5.12,-0.1158188164312941,3.9288563001525274,1.9678126657357424,0.2278788163572587,-1.677141970235112,-2.008231722507059,-1.107444496083863,3.6266027043487563,-4.469965764705926,3.4605797434471155,-1.4295042529395734,3.5414034493943225,2.636787263470584,-3.0882373926732845,-1.0486607234394452,4.4799291191451145,-1.8221932079367842,3.1711429570474907,0.28874455973590685,-0.1947705210520354,3.9524205660385503,2199.3614392831696,9.070264339447021
-2.468126259843615,3.818443681595114,3.2363646021621166,4.422515501940885,1.3406960273944604,1.360383781098185,-2.387419497281077,-4.533241047176301,-2.907882245743261,-2.1880767465665576,2.9201180389711743,-4.905103442582938,-1.1675285616876634,3.71010774732948,-2.8561445484627828,-2.0550280668017655,-3.088891468143211,-2.050988712691068,-4.125360013482073,-1.9630870807852476,-4.823677236287397,1.922125651141239,-5.12,-4.686475947666147,2104.2809344462166,9.807776689529419
-1.6463897179007723,-0.4246126019734353,3.833150340040734,4.295093173312229,-5.030829362430484,2.823457205138239,4.096909815323275,4.070451174864632,-1.9850540072734835,0.7702144741402028,-0.42798359424427,-3.8133345355169563,3.884867436763826,-3.732531757838916,1.842692870070338,-2.342786607042521,-3.094112406413049,-2.4919323045264203,1.2337399949701675,-1.7202381860020894,4.316224067243497,-1.3070811064139347,-5.12,1.9317445095722006,2254.900204705464,10.280036211013794
-3.596020125290006,3.698580097464659,-5.12,1.95725691909277,-4.247256955129472,-3.216165490884711,-5.12,-5.119983851228241,0.03270252885358893,-2.0336837122724667,2.6012096312474373,-1.6758125733803917,-3.463623980399999,-4.510645046960228,-1.4654720910963674,-1.1186432698164879,-3.0836382917421434,2.159441202724124,4.5828175421188435,-0.9872048776697371,4.407140005332574,-5.036908871793344,-5.12,-2.0904910662892884,2301.3633651360474,11.27015471458435
-1.3076214764661835,5.040105083406021,0.09535187458612082,-0.5208077890443166,3.952705260500548,-4.978424958629938,0.18011148519331144,2.203644632193013,3.3317395309144144,1.482893746390256,2.862846263953635,-2.5192702020728923,3.048122310252869,2.6822082625076993,-3.099471841504589,4.67174598561924,-3.081666678956023,4.401772698861081,-4.217005237825869,-3.7365196302484645,-3.773389092861459,2.950292778769321,0.32054426162066196,2.2133146397940315,2313.4430274321458,12.426831722259521
-1.234734445662486,1.5816259054329302,-1.0125251993016366,-1.6787307159410743,4.305767467145476,3.2032319532314295,0.08816805169880926,4.751731567486519,-2.8453611144907804,-3.688790197210828,2.1788288230512647,0.7406195905066237,2.100520700045843,-1.180404830682162,4.891195823760978,0.022364817581231655,-3.0900922689199604,-4.408121016851111,0.6039099936955514,-2.1477900773212677,3.8773096269532568,-1.9782374763099666,-4.505865021081282,-3.936768406425671,2045.1131393116848,13.420855283737183
3.538840833259221,-2.8415743358405257,0.13502866796253787,-3.4451052424510755,-1.3921461547609808,3.9047340807634017,1.0887043663697717,-0.3656714302112336,-3.8534592892874944,4.891117284231478,0.10086374289126265,2.8889605037888524,-0.060993012325255336,1.272380501054224,-4.977127770508004,-2.894756193734044,-2.7013183828982257,-3.850311232740247,1.391454625235574,-4.682775724565454,-2.65165378993254,-1.055696872736628,3.641955876986205,-4.275913720794281,2246.9975721837236,14.533783912658691
-4.558966849219465,2.827855552353811,1.2226058329375897,-0.5427383422492502,-0.6322336316055424,-1.9461655184425224,-4.813689835023258,-2.823255205034162,1.5931572231043933,3.1068967951368878,-2.236770849133841,-4.658128421928325,-4.5359862813539875,-3.3645526442988967,-3.8493708122971704,-4.7958615297546565,1.0438518883939434,-4.554107676596662,-3.8727164170033106,0.49318632679986685,1.9338275288988651,-4.241687380321546,-5.12,2.8054309578853474,2635.0022464331373,15.368998765945435
-1.3770769922716535,2.0624976867435976,-2.28562396587072,1.901851992390565,0.366395240244219,0.2806478892299049,-3.501958147237942,-0.3540508581170858,-2.9120901691936716,1.2548326755541703,-3.7148444019236484,3.1678022273946764,-1.5437261910742786,-1.634318935553639,2.4545446335690926,3.9726762402633407,0.9344111673006115,-2.278759298514343,-3.4980379251512685,-0.31346661968104605,3.7949835819209747,-4.609787106729358,-5.062414898504228,-1.5686601890880651,2900.473951439933,16.515055179595947
1.1899962633299932,2.9088066759653595,4.904791862820523,-4.028634914968523,3.7668846009659154,-4.354543246773831,-3.565640511384414,2.575102069043246,2.9710448105665277,-2.7299438928873547,3.8140650712422834,-4.350042760621471,-3.340171590694297,-1.345077454640136,-4.057133145450252,4.96796071991364,-3.0818738412068947,-5.12,2.2186513610995346,-2.612453910988994,3.054546545862478,-1.1366477114959936,-5.12,-4.195828279167367,2120.5953881451996,17.581459045410156
-0.48150353425114556,4.126751925833061,0.6563624895353364,3.5048446073619486,4.756805792731579,2.3984426666427225,-1.3983951164764017,-2.7520160510876317,-4.87325410068709,-4.535397953543494,3.7925011533039887,3.1384930949452707,3.1434714007766553,-0.3143087756667793,2.8783837386010234,-1.4289129211614515,-3.0813834944084566,2.197899296027771,-2.3816946634962575,-4.42088138261723,-4.448066283251496,-0.365932243291315,-3.60320743835297,4.768921774448297,3195.164039983491,18.579583883285522
-4.068562175535792,-2.6527987414465564,-5.035529613043403,-1.862782406990251,3.4506859210124636,-2.604637586880876,-3.0901912481834644,0.9808027863866338,-0.14751773838117455,2.2636754475579606,2.54037028704263,-2.1037496979686643,-2.3178723940953945,2.0368691331952755,1.3271999849186455,4.958668917307921,-4.539346256098474,-3.202140362694381,4.713829103364989,-1.5631247497356213,0.22376418055424452,-1.434231884259399,-3.176360620244637,-0.5501417472966477,2563.7674846002797,19.70185661315918
-0.8073719694513155,3.0345052248575906,2.8417448273893653,-0.9340628955097552,0.40579574678545427,2.1083480138503976,0.75982654625534,-1.3678428263678972,1.886426269455085,3.35464868271409,3.4074684515393097,-1.4700610529874694,1.3645555215677998,0.5171825131410106,-3.8014688584555802,-2.2747875021368653,-3.0722515318213666,-0.6399846549896573,-1.5945412325767108,-1.7865638519954161,-1.7817261056654292,4.652728547607754,-5.073535649477157,-5.050205831361324,2558.8195351593413,20.480427265167236
-0.21456507667444846,-5.12,3.568698561265218,-3.885648460373166,5.12,-0.4410423526835823,5.12,-5.12,4.417052008991983,-5.12,-5.12,-5.12,-5.12,-5.12,-4.947280689456565,5.12,-5.004211271587333,-5.12,-2.777809519739014,-1.8975213645486333,-3.380746792784806,5.12,-5.12,-1.1316008700449318,1801.2737922506576,21.59826111793518
0.10179204061219593,-5.12,-4.060276763478119,-5.12,5.12,-1.3783925361187732,5.12,-5.12,5.12,-5.12,-5.12,-5.12,-3.0030086597745482,-5.12,-4.502668101381858,5.12,-5.12,-5.018579321851885,4.5247932498044685,1.4426675130135376,-3.1387752431570144,-1.2680981503777486,-2.755699893773232,-2.326473054265819,1941.4694396260393,22.742462635040283
-2.0340564360520603,-5.005641621584404,5.12,-3.8192115945098726,3.059947476180306,2.9971046265854886,4.064945931257362,-4.874357535424229,-0.8553766009502226,-0.5669068009142872,-3.2475409049950414,-5.12,-3.006137869400111,-4.900131183018521,-3.9190233084162447,1.2746299236263505,0.3312829933277692,-5.031744241236848,-5.12,0.3580089459558371,1.0217246691872894,5.12,-4.521384696092654,2.6543934058043464,1682.0904547697066,23.579482555389404
-5.12,-3.9282670218330162,5.12,-5.12,0.15998685483551434,-1.7942428868467841,5.12,-5.12,3.534840939646293,1.249718537526852,3.3637012672029725,-5.12,-4.701342273483227,-5.12,-3.421836266543831,5.12,-1.4523094749286711,1.5757963349814448,-4.988786344623359,-2.160226251603861,-1.875376810784608,5.12,-5.12,-0.38248167060929106,2193.311418818005,24.320220232009888
-1.494813817271142,2.188131536669446,5.12,-5.12,5.12,5.12,4.534369804257243,-5.12,-0.7872108020900956,1.7835251721164669,-5.12,-5.12,1.1044749892103356,-4.147696903168166,-5.12,5.12,-3.900582421056268,-5.12,-0.29829003688379796,-1.463820001261376,-2.8724129214216467,3.696554359708407,-3.5721097767146186,2.991112805877946,2020.1927300749062,25.367756605148315
-0.7111827837414921,-5.12,-5.12,-5.12,5.12,4.718655518607171,5.12,-5.12,5.12,-5.12,-5.12,5.12,-5.12,-5.12,-5.12,5.12,-5.12,-5.12,5.12,5.12,5.12,5.12,-5.12,-5.12,1439.473054574365,26.35310959815979
3.8870379303321014,-4.176168643296384,-3.118214674375333,-3.4753966479785205,3.8927690896315204,-0.286086372032635,5.097246894363006,1.785331728399525,4.775908883920985,-0.4458177514562962,-2.212336491093807,1.7793870928241775,-2.5031259785520676,-0.005541692446439761,-5.12,0.8055560054673823,-2.763569045345495,-5.12,-0.010189724605343287,1.2662120060087254,0.5691628146542778,5.12,-3.6446118212890903,-5.12,2173.9520486496817,27.579548120498657
-5.12,-5.12,-5.12,-5.12,5.12,5.12,5.12,-5.12,5.12,-5.12,-5.12,5.12,-5.12,-5.12,5.12,5.12,-5.12,-5.12,-5.12,5.12,5.12,5.12,5.12,-5.12,1279.6208941886146,28.774998426437378
-5.12,5.12,5.12,5.12,5.12,-5.12,5.12,-5.12,-5.12,-5.12,-5.12,5.12,-5.12,-5.12,-5.12,5.12,-5.12,5.12,-5.12,5.12,-5.12,-5.12,5.12,-5.12,1279.6208941886146,30.33462882041931
-5.12,3.124751360236327,5.12,5.12,5.12,5.12,5.12,-5.12,-3.3288496692019915,-5.12,-5.12,5.12,5.12,-5.12,5.12,5.12,-5.12,-5.12,-5.12,4.252633510998845,-5.12,-5.12,2.0533450285364374,-5.12,1393.436245267067,31.313061475753784
5.12,5.12,5.12,-5.12,-5.12,-5.12,5.12,-5.12,-5.12,-5.12,-5.12,5.12,-4.886366776506564,-5.12,-5.12,5.12,-5.12,5.12,-5.12,-5.12,-5.12,-5.12,3.194294063587006,-5.12,1297.1988771814533,32.448312520980835
-5.12,-0.5810074526419724,3.1550398301181177,-2.8015926735459313,3.9872819825395025,-2.988819583342475,5.1052054088472305,-3.220404597234798,1.1876758319099796,-0.8036949396713196,-1.8211364845537132,5.12,-5.12,-5.082414850760842,5.12,-5.022093345075572,-5.12,-0.13505377609693436,-5.12,-0.03187841771368394,-2.4891964488136327,3.6235554035725945,1.2142353839400846,2.834675166700273,1620.601140245664,33.41571855545044
4.643541288769794,3.3526460077279703,3.8570585349349846,-2.0259938874858734,3.9761563506873534,0.1760570316356347,5.12,5.0175934831379925,1.5802383728348675,-5.12,-0.3538589315216978,5.12,-5.12,0.6336804545973909,2.1297005276816776,1.2261813712949223,-5.090242402408885,4.335282436054908,-3.328515720194996,-1.9041182929405664,4.255447873234131,-4.917841017203181,5.12,-2.893267519642047,1997.9082601612781,34.40155911445618
-4.70799352170054,3.2678447389031584,1.601172547105688,3.0487264608172504,-4.0355483668788255,2.6407831912773476,4.991956926516171,-1.77384927921648,1.3682774633743033,2.2982715201103323,-4.799453984780987,5.12,2.65470197628162,-5.12,0.44663986238528164,-3.3948340057276085,-5.12,2.2794599910006186,-5.12,4.294595370015194,-1.593202342200736,4.036331696706561,3.9944862158764023,-5.12,2472.192688589465,35.21048665046692
-4.239659071803372,-0.7362990316176488,-3.4562317642884564,3.1662485343887026,2.650364267986009,-5.116473657796518,3.948899735976638,-5.12,-1.0391537564095659,-5.12,-0.7425335001167435,-5.12,-5.12,-3.1071755540033594,4.200137067372405,-3.219528343144969,-1.2724179590739637,1.768865590148728,-2.767332407831722,3.788297266980325,-2.4451022180170696,1.4565954931285656,-4.700858409734407,3.4790718854013685,2415.467307937087,36.49384570121765
-2.9185870967648415,-0.09939646437467697,-0.05097763227521224,0.9480565863715116,5.063478731549982,-5.12,5.12,1.2705302428447292,2.754440462948173,-2.5068438096583057,-1.6938884489486732,5.12,-0.7221083596022932,-2.317207526032561,-1.6024134397857974,4.680412359573379,-5.12,4.520996127730284,-2.796608624997938,0.16788076828328347,2.942376861769671,-4.850051366994719,5.12,4.367935087943969,2141.19569483158,37.42545819282532
0.9896839032832565,-1.9916585801490565,3.2518112692862173,-0.34656818263806954,-2.3222726056792733,2.9985909103097823,5.106644669333579,-5.12,0.33922157722047697,-4.29234182280405,3.7773988068645954,5.12,-5.12,-4.054503906728163,-4.528066314237996,-0.5483640827759659,-5.111993512573192,2.565412844270461,-4.265949783916545,-1.7764200461870367,-2.9265071218009857,-4.712847828094843,5.12,-1.636512752914089,2320.8739507990163,38.29376721382141
-2.3970548658568385,-5.082216586071086,5.12,1.520474967179787,-1.8970544789423003,-5.12,5.12,4.562529649803847,-5.12,-5.12,-5.12,5.12,-2.8257043974983502,-1.6792135721162742,-3.677413463093173,5.12,-5.12,-2.266476338842157,0.03774624933660231,1.995456331306669,-5.086214262211518,-5.12,3.333550274762419,-5.12,1938.7113110932628,39.46734690666199
-0.3745998983266716,5.12,-0.1528094461698286,1.2498113177942614,-4.231676496904834,-3.827516479968649,3.395488735974337,-5.12,-1.8735890982340506,-2.79234107754244,-5.12,5.12,-1.2841239260130113,-5.12,5.12,5.12,-5.12,5.12,-0.7864947081869618,-5.12,3.4560866005534594,2.385875067214097,3.9824248827171145,-5.12,1987.7382018132053,40.579360485076904
2.9183423710721383,2.603231247322303,-4.183086498939832,-5.12,5.12,-5.12,5.12,-5.12,-2.4670513442795676,-5.12,-5.12,-4.967966099590546,2.2570999041932485,-5.12,4.553643393759027,-3.5006640715768995,-2.279103583442036,4.2461663515695305,-4.883506845702013,3.6629636657774496,-3.0497736872749863,5.12,-2.0257804288227432,-5.12,2058.731336584942,41.733505964279175
-3.6652904126579995,1.221765549376772,1.6906815683026517,-1.6396658467152037,5.12,3.6858079967986503,5.12,-5.12,1.433438933303174,-1.4253185303224387,-5.12,-5.12,5.073220216230571,-5.12,-4.236929344819252,-3.7024342613136967,-5.12,-2.8454512021183276,-1.0229582539862365,5.024856638587679,-3.735019313931914,-1.6076643934216253,-0.021387442859753136,1.7647575397103221,2232.5163640366964,43.19676375389099
4.125605436178568,5.12,5.12,-5.12,5.12,-5.12,5.12,-5.12,-5.12,3.1242363726335354,-5.12,5.12,-5.12,-5.12,-5.12,5.12,-5.12,-1.8828415781703236,-5.12,-5.12,3.1617522688981046,-5.035873304392202,-3.6867140964774237,-5.12,1311.9968157772964,43.939929485321045
1.8928084723513416,4.202219417690897,5.12,-5.12,5.12,-5.12,5.12,-5.12,-5.12,-5.12,-5.12,5.12,-5.12,-5.12,-5.12,5.12,-5.12,-5.12,-5.12,-5.12,-5.12,-5.12,5.12,-5.12,1286.4906253760792,44.49586272239685
3.2594533536506782,4.055727554969574,5.089186102226601,3.5320311182941415,-4.366460804250206,0.8494903286967208,3.9569693191362516,-5.12,3.1766919633514723,5.098641394578046,-5.12,-2.9569566661738573,-0.4894804329950544,-4.428257008700798,-0.7883505016176011,3.50883548399418,-4.3324640524866656,-0.34860523944525124,-4.437744382153193,-0.7528028254873353,3.708535095464973,4.037892500379708,1.5921172271240787,-0.782035062856937,2628.847877335791,45.10699725151062
4.529561475926694,-3.114268131349984,-4.195412896481955,-3.479959833497878,-0.08857565850449678,-1.3527767440418295,4.2066302069014645,-4.382125395030543,-2.581984937805665,-3.447863100696307,0.8766487100365792,-5.12,-1.6946356503725952,-3.071564494172156,1.6756077080279193,2.126976240644174,2.730680490076395,2.2566180502845565,-2.4181787612515473,-2.633625662724672,-3.9190635071780062,-2.8745552434714727,-2.8507129683121573,4.185759409253781,2619.61816328688,45.74181509017944
3.4744911096380138,-3.893105712319942,1.4419589276785745,4.434708065845849,1.6098973423902097,-3.132304985995252,4.188518336987621,-4.936016694795312,2.495494889389006,0.596387346393116,2.0821539376230502,-3.670416531058665,1.2168548650808848,-0.41965740849030375,3.9255521082399385,4.268687510766976,0.27932038762977385,-3.282447276326957,1.393992739628195,1.771676776382865,0.97629263905164,-4.680869739996617,-1.1452470203591316,0.15986396294735172,2753.099420771212,46.59007668495178
-2.7851660328176497,-2.3672301731521532,5.12,-5.12,5.12,-1.1347211651752103,5.12,-5.12,-5.12,-5.12,-5.12,5.12,-5.12,-5.12,-0.013269905608882304,5.12,-5.12,-5.12,-5.12,-5.12,-2.4716067585153167,-5.12,5.12,-5.12,1511.5481560045,47.858503341674805
-5.12,-3.9931242113256227,5.12,-5.12,5.12,4.764897391153217,5.12,-5.12,-5.12,-5.12,-5.12,5.12,-5.12,-5.12,-2.2349590752433643,5.12,-5.12,-5.12,-5.12,-5.12,5.12,-5.12,5.12,-5.12,1344.6228429458204,49.06472063064575
-1.176893789796984,-2.0698464756715778,5.12,-5.12,5.12,0.6109926955286609,5.12,3.9244807964952093,-1.6788728620021844,0.22836519831633595,-5.12,5.12,-5.12,-5.12,-3.752110811348234,5.12,-5.12,-5.12,-0.5706384419132595,-2.3829775016280643,5.12,5.12,0.6733108794615275,-5.12,1883.2948651532988,50.28210115432739
-5.12,4.022253109864526,4.85194480507023,-5.12,5.12,-5.12,5.12,-5.12,1.7463870986261183,-5.12,-5.12,5.12,-5.12,-5.12,0.36376160378704103,5.12,-5.12,2.7654428918844323,3.584591859028964,3.6368817954577723,-5.12,-5.006857797013148,5.12,-5.12,1705.6528822465095,51.64504909515381
4.617692112243954,-4.61127524903637,-2.1261455003445624,-5.12,5.12,-2.35420856091626,5.12,-5.12,4.437799764838744,-5.12,-5.12,5.12,-5.12,-5.12,4.949809647547663,0.2718105131928814,-5.12,-5.12,-5.12,-5.12,4.943379913201595,-5.12,-5.12,-5.12,1832.8668752257556,53.39777874946594
3.87953226228288,-0.4429925710836251,3.3612232453519786,-5.12,5.12,1.727671763240437,3.5603062690705096,-5.12,-5.12,-4.071227536812236,-4.55068092482549,5.12,1.4808743844181542,-5.12,4.11278510593132,5.12,-5.12,-5.12,-3.5361058717597227,-1.3257582755008022,-2.7085155540837484,-5.12,3.6131475618755653,-5.12,2484.906592717683,55.13191533088684
-4.555584951689541,-4.692684740266249,-4.3652121827560055,-3.4277106367121437,3.512150166641063,-3.0405470729441832,5.12,-5.12,-0.20931780814773138,-4.705956706310077,-5.12,5.12,-5.12,-5.12,-5.12,2.5308077425567,-5.12,3.8551397200955515,-5.12,-1.1798264853442801,4.630418506339551,0.7555450869364764,3.2197815515289134,2.15254496839146,2429.6704719703016,57.083765506744385
-5.12,-1.2540028351073307,-2.2934606674692577,3.4156786906185763,-4.147980320939849,-0.37535926054313506,-1.6181735574520806,-1.7752584470101547,3.163881334386315,-0.7504586849275476,-4.4561955123709565,1.7418669257596626,-5.12,2.6903438739999608,3.7933892246668277,5.12,-5.117339106094518,-3.7328088526952854,-5.12,5.12,0.2831961665735889,4.175507858051062,5.12,-5.12,2383.861086905526,59.17329430580139
-1.4628287125419495,-2.7569144517002653,1.5790670011405075,-3.05734943780959,5.12,-2.8591534868859663,5.12,-5.12,-5.12,-5.12,-5.12,5.12,-5.12,-0.25312379776918625,-5.12,5.12,-5.12,-0.5870976007300603,-5.12,-5.12,1.192251564637698,-5.12,-0.728117904749797,-5.12,1821.3941119411375,61.16014838218689
-0.18623553856057828,-5.12,2.4648104286161523,-1.6065767251702767,5.12,5.12,5.12,1.44940528693264,0.9363761989845099,-2.0064671975215296,2.480620188265684,-2.629133347544031,-0.0666130969185863,-5.12,1.6947572292435664,-3.8865071035475407,-3.012489824178909,-5.12,-5.12,1.547356365201252,5.12,-3.7362426174381977,-4.4717300557341835,-5.12,2250.049325746971,63.013404846191406
2.2554411315222174,5.12,5.12,-0.420213491832361,3.544687068139427,-5.12,5.12,-5.12,-5.12,-2.4484585337339775,-5.12,1.4527691868856119,-5.12,-4.228629552409082,-5.12,2.3597062177230033,-4.620591264161267,5.12,-5.12,4.741115097201397,-5.12,1.0729789588020369,-5.12,-1.0338661979674155,2207.2078092103047,65.06639862060547
2.8388654369791384,2.2356920926234887,-5.12,2.677369991469111,-0.5068493530969871,-2.0181116011659492,5.12,-5.12,-2.2474572078143273,4.291155558471925,-1.5814855924082334,-4.386244470661372,0.27484163596830413,-5.12,-2.14167478146074,5.12,1.309440559789989,1.6947524120050605,-5.12,0.3853951807635694,-0.880495786906943,3.7416152309561275,-4.256986857486018,-5.027360276069047,2362.8925466415194,67.54329299926758
-3.961450073829948,3.566718001083518,1.5201975597915638,-3.823928385770321,2.8384900497890246,-4.008274473576583,5.12,-5.12,-1.5788369667469708,-5.12,-5.12,2.0750134124463795,-5.12,-5.12,-5.12,3.431630086279898,-5.12,-3.687446647465873,-4.8048731099327355,2.1523741549158135,-3.32600699625468,-5.12,-2.4568454989762127,-5.12,2154.6917357804414,70.0487163066864
-3.1730650743429982,-5.12,0.9467572225760374,-5.12,4.533555059053477,5.12,5.12,-0.08931024831061052,-0.7814970347956791,-4.338315472688971,-5.12,5.12,-5.12,-5.12,-0.8324675549698632,4.103987073707072,-5.12,-5.12,-3.031376703357346,0.34787075847429527,5.12,-1.8346914368315197,0.4282334596256785,-5.12,1696.3376793957389,72.10290956497192
-5.1122706484206315,2.5997524537359666,-2.469639598302091,1.0103797798035545,1.8271739179995077,5.12,5.020113889508061,-5.12,3.9162064376321934,-0.8562883153892793,-1.0247008003523197,5.12,-1.4899080902254274,-5.12,-4.422087854701878,4.083320100454274,-5.12,-5.12,-4.950330275956241,2.160705979401497,5.12,1.6641184929330128,0.957994883135127,-5.12,1701.6962837653998,74.79718041419983
-0.49433824497461565,-5.12,5.12,-3.9037334151950507,3.9529071549564003,5.12,0.22699456105522664,-5.12,2.306217821289218,-1.2848820544572304,4.843752130222856,-5.12,-3.2855475424366283,-5.12,3.988963694388384,2.762164219428562,4.969584570033384,-4.499449433926902,-5.12,-2.9416774773795438,4.179337678554247,-0.5219625037979521,-3.493493601605417,5.12,2093.63000506312,77.48731970787048
-5.12,-5.12,5.12,-5.12,5.12,5.12,5.12,-5.12,2.404766296349557,-5.12,-5.12,5.12,-5.12,-5.12,5.12,5.12,-5.12,-5.12,5.12,5.12,5.12,2.9983541358159966,5.12,-5.12,1370.3896269601144,80.07657265663147
3.700772999957997,-5.12,-5.12,-5.12,-0.36228009117911064,5.12,-4.765945185104803,4.670082451212122,-2.4482803845290024,-3.6542644745928397,-4.39425333786601,3.1182104833415343,-3.5519793700173286,-5.12,-2.425713140416724,0.17004139335841728,-5.12,-3.50132272423079,5.12,-4.472871568528861,4.890342027688809,0.8592775960548833,0.28896591521096493,-5.12,2716.703752078346,82.63434100151062
-5.002580714432992,-5.12,0.38853270663977657,4.71033803728186,-2.8932657165738607,-5.12,5.12,-5.12,2.284906289715117,-4.45966965756658,-3.872085630672305,5.12,-1.261300280892066,-5.12,5.12,-5.12,3.1608889236111013,-3.44640867640779,-5.12,3.0152730551902893,-5.040258484860667,-4.490476547656705,-4.592548819473269,5.12,2135.5731472265866,85.26504802703857
-2.339617066043158,-2.3909359801178267,-5.12,-0.6534439508840109,-4.533364212570174,5.12,5.12,-5.12,3.0236780235668954,2.310191367379649,2.558302811351891,5.12,-5.12,-5.12,3.3118094432508878,5.12,-5.12,-4.1911113947957706,3.361749933944524,4.52258872953587,-3.712665548807089,-1.3681438653073839,2.955984025481423,-5.12,2548.0021944508035,88.51738953590393
-1.0935780677992986,5.057605299378829,1.774859975765323,-1.9396123432237973,4.890685761448094,-4.756542253953652,5.12,-5.12,1.142089836750542,-5.007393096192298,-2.806542119308959,5.12,-2.099053828389321,-1.2558510161451775,-2.4147563416166675,4.024060038285255,-1.1127679177189718,1.543052063771877,-5.12,3.0438411998750423,-5.12,-3.496722708654323,2.745381084533701,-5.12,1667.6844185879258,91.78920888900757
4.208998143953299,-2.47683054525942,-4.120575692902616,-0.6011587745500169,5.12,5.12,5.12,-5.12,0.945124470549251,1.739536247380447,1.9134541231657787,5.12,-5.12,-5.12,3.525676724219564,4.994739149756476,2.5674503029690765,-3.0458784947237776,-5.018355716580998,3.5361093141364863,5.12,4.3472606573028125,-3.7778011856504374,-5.12,2093.036161895381,94.10328602790833
5.12,3.4145209552447175,5.12,-5.021362649041506,-0.4530356083322076,-5.12,5.12,-1.079239892039766,-5.12,2.6718037781270336,5.12,5.12,2.240492676911092,-0.4304908839825554,-5.12,0.42875276037345955,-5.12,-5.12,-4.7439855184550614,1.2667399536924533,-5.12,-0.013892910146262594,0.3861266109755812,-5.12,2121.582095791052,95.75672388076782
-5.12,5.12,-4.7833916528349585,-0.02691669511147854,5.12,1.4991451923761883,5.12,-5.12,-3.105071246916763,-2.1338601764398293,-5.12,5.12,-5.12,-1.1218491937827428,-4.745181174566921,-1.6602861898292947,0.7293918782611613,-5.12,-3.3960121161217534,1.1890014310446695,4.493942677846868,3.076501042110892,-4.144904851259453,-2.4230001926269065,2024.5738666809054,98.25783109664917
0.7050218842539255,-5.12,2.4196669959866677,1.5533755323490768,5.12,-0.12365815037824657,5.12,-5.12,4.057118382055422,-1.898758978479918,-5.12,5.12,2.785511032916294,-4.869973183545485,5.12,5.12,2.7502524259583083,-2.0039939524643056,-5.12,4.030940022972598,-0.7519035510193985,0.6093089299271535,4.602521505375862,-4.966498418033148,1848.7493428271441,100.76792001724243
-2.563272772455143,-2.4822294123123276,-5.12,-0.1620146545268275,5.12,5.12,5.12,-5.12,3.1280896419526707,2.6207483020804396,-5.12,5.12,1.8624869317054946,-4.283304509406237,4.591051756960611,5.12,-5.12,1.9435008732142398,-4.884579209488729,1.0758889654759392,-4.368198905635696,5.12,5.12,-4.637124865215072,2085.708155846807,103.29438853263855
-5.12,-5.12,-4.835360583650139,3.4775150909542587,5.12,5.12,3.284209827426058,-2.818735428154532,3.8130855832733355,-5.12,-5.12,-5.12,2.0430986028344975,-5.12,-4.393144740513198,5.12,-0.43668037492585476,-5.01316834568114,0.08221218688352216,0.8062864634535982,-2.015456728346519,2.9394162237777204,2.668403581648544,-1.2296857254313447,1804.996990001514,105.62115979194641
-5.12,-5.12,5.12,-3.5033185246714726,5.12,5.12,1.1904450785610736,0.5479143739916594,1.9342565719352702,-5.12,-5.12,-5.12,1.3035835819408454,-5.12,3.561145375080627,3.1282904534410116,-2.5827676619798248,-5.12,-2.772581192095679,0.48812596933894614,-0.20998652105908366,-3.0502708303587007,-1.4221304648369815,-5.12,2218.9085822156194,107.79811573028564
-5.12,-5.12,3.425540934088178,4.3981792147624725,5.12,5.12,2.982189121141512,0.17975967662499226,4.215475514243679,-5.12,-5.12,-5.12,-1.911066904555442,-5.12,4.293982749080599,-0.8883273176614352,-3.0861277145036574,-4.345509850732878,-0.36868954145700616,3.087895375306087,-0.40393919987688154,-0.8049056235384793,-3.691823909509785,5.12,2022.7533078740132,110.68872594833374
2.8086066783473242,-2.4502493909634104,5.12,4.399000294091965,5.12,5.12,5.12,4.946698537971614,-1.4644642986654652,-5.12,-5.12,5.12,-3.145170874133661,-5.12,0.014510833654019173,-3.8848255671824203,3.664177344145492,-5.12,-2.313970674682967,-0.5477510849076577,-1.269379071149717,3.246820701139579,-3.226460981283723,0.027213333401646445,2096.2488987198326,113.20627617835999
5.12,5.12,0.8785810033694927,3.870424907245643,5.12,-5.12,5.12,-0.39542891798611635,3.7470363923487353,5.12,-5.12,5.12,-2.964463220717296,-5.12,0.34236055080852346,-5.12,-4.85953990860707,4.455113701667757,3.6621464474333623,-4.958655463608275,-4.622091014471783,4.155543181563286,0.45307389955768507,2.0157540254373423,1994.3779950115286,116.19491982460022
4.207371981141486,5.12,-5.12,3.2336648827788403,-5.12,2.892949374351759,-3.197882864283117,-5.12,5.12,-0.5990566681799647,-2.4652097674910602,-5.12,-4.511707955100736,-1.0911536167219964,4.577052327297122,-4.907984133184452,-1.5043583988301736,-5.12,0.609681042067967,3.3170825671429762,1.820589632474836,3.2593387867751806,3.0475590377698127,-3.073663120079609,2287.488538601202,119.80532145500183
1.6658065570912992,4.217579275649661,5.12,0.46631387500602006,5.12,-5.12,5.12,-5.0321178958790735,-5.12,-0.307345927263877,-4.319367658138784,5.12,-5.12,-1.1442145251179396,-2.749590355684853,1.0926486468862757,4.608421423665468,-5.12,-5.12,-4.140089358124282,-3.6079248897295995,0.1295252174516346,0.6957637232049079,-1.7215796127764653,2146.561794248142,122.72554540634155
-5.12,-0.4475990114489825,1.513487208402645,3.274284631753239,5.12,2.9885702881533396,3.7066848325248367,4.463065758884212,-5.0377858605150605,-5.12,-0.26023922834077595,-5.12,-2.6647270992005723,-5.12,-5.12,-1.2962374159648449,0.19365252895601426,-5.12,-0.8342715936223444,-4.463928365383549,3.938834843576161,5.12,-0.9962441556110084,2.5881209602935096,2287.9391289488203,126.28561854362488
4.624563585922014,4.374101581825051,1.1670361964354834,-4.0043629392122195,5.12,2.7709656007373393,5.12,-0.21517997822032697,4.434712142728716,-0.509742280145252,0.6714645121853016,5.12,-5.12,-5.12,5.12,-5.12,-5.12,0.9191873265794577,-5.12,2.1052345290529306,-0.036447953557738444,5.12,-0.5663706794898351,4.490153965032923,2167.992667640599,129.27601599693298
3.7460744489701936,-5.12,3.1794300188501667,-2.8709434523670274,3.4314927958950276,-0.8787737084190779,4.247233375474912,-0.9617723729864656,2.1661935196729507,-2.2336924216241414,-5.12,-5.12,-0.19888959186533484,2.1878591572106414,0.9822483124770871,3.499977238113824,-3.713070808163835,-5.12,-5.12,-2.1442278496663745,0.6520264579760351,3.140778273542515,0.7245574721370645,4.173753495713302,1911.182787324789,132.48709964752197
5.12,5.12,-1.9277020191810856,2.549901201181086,5.12,4.353171751811728,-3.6588977064270485,5.12,5.12,-4.196611377615002,4.019366799799278,-5.12,4.588903918809367,4.522763418359179,-4.335778151295227,2.130785070386679,-5.12,5.12,5.0977772618730635,2.201913200930072,2.329768073673156,5.12,-5.069076401640056,1.6484862933355098,2245.743605404234,135.4835329055786
4.950368997209478,5.12,-2.916705210568561,-0.40471166591553054,0.3835116366637159,-5.12,5.12,-5.12,-5.12,-2.3983550703421908,-5.12,5.12,3.530994266012269,-3.5334359661674686,-5.031420522082513,2.360943113942179,-5.12,5.12,-4.092299753468204,1.179592113774448,-0.37205925475498614,-5.12,4.289936489964899,-5.069083669632973,2185.0517334160468,138.12066197395325
-1.0022845331203287,5.12,5.12,2.665837373910488,5.12,2.1383949117847036,5.12,-5.12,1.2301124138235533,2.266560735929568,-5.12,5.12,2.814336105101482,-4.974197613201107,0.8892810266260076,4.141459742238932,0.1993304400864364,5.12,1.7275820307794731,0.2718902640404188,-4.852520254039506,-5.12,-2.3794247652225375,0.2546001667388076,1700.1567399497471,141.45824670791626
-2.047478237445877,1.307419369501905,-1.7926674653551569,-1.6324462007252176,-5.12,-5.12,5.12,-5.12,-4.68487083808372,-5.12,-5.12,2.832589179051064,4.518855757304004,-5.12,-5.12,5.12,-4.264915955473361,-1.9060813096126124,-5.12,1.0179010354057834,-0.2963841811211676,-5.12,0.999938168347704,1.3468770981412703,1857.2883436908564,145.52028512954712
-5.12,5.12,5.12,5.12,5.12,5.12,5.12,-5.12,-5.12,-5.12,-5.12,5.12,-5.12,-5.12,-5.12,5.12,-5.12,-5.12,-5.12,-5.12,5.12,-1.54589988404211,5.12,-5.12,1424.5632523729216,147.87965512275696
