-3.4320216295499915,1.08140971779674,3.8798990941643945,-5.090767627455924,0.21592210349956975,-5.031744112946534,0.8806649951468026,-0.8363673501381541,84.78489244708311,0.6948907375335693
-5.1110883579203845,5.12,0.6271606131110943,-5.12,-5.12,5.12,5.12,-5.12,187.3604491105136,1.014451265335083
-1.803678386265012,4.921255763520173,0.6256121785939444,1.4003382609316928,2.124609678548106,3.5497251687523343,-5.12,-3.3742909012627216,93.06048894616343,1.3126587867736816
5.12,-0.28321433753058134,-0.3715036007660464,-1.368418895825617,2.328675505674152,-5.12,0.3238239511946732,-3.458594044065464,82.01516497978389,1.62913179397583
-0.03827450428672918,-5.12,-4.239549725761735,5.12,5.12,-5.12,-0.5979657572270796,-5.12,153.53959400146374,1.9191498756408691
3.7214898284171563,-4.2723738232680555,5.12,-0.5142793409824229,-5.12,-5.12,-5.12,1.6472697041733717,146.93821993683724,2.2950854301452637
-2.892746476385876,-1.0781283715346577,2.215507002543144,4.880467361857428,-2.5580392698744343,-0.0035343075173637217,2.021545500633464,1.0726987860639552,53.47552350253652,2.6107065677642822
5.12,-5.12,5.12,3.723867766820832,5.12,5.12,5.12,1.909075344989711,177.74660428730604,3.1809980869293213
4.574306534471249,-5.12,2.0823161994091484,-5.12,-3.1572291288255663,-5.12,-5.12,1.8764294286266203,147.45102927469597,3.5642707347869873
5.12,-4.107929126117634,-0.6800390549916395,-4.790954706615586,5.12,2.4141518498110166,-3.0651821606667595,-5.12,139.3035843755217,4.005825519561768
3.9514814713994673,0.12820479310939703,-0.6636981089582585,3.8060627696178377,0.695033459925054,3.211408598278788,-1.4853882016175146,-2.46242927298582,58.214325394245236,4.453653573989868
0.5819588540533003,-1.9982379777799038,-4.341695542628943,5.12,-0.17366820157362195,5.12,5.12,-5.12,133.10757062110116,4.917937994003296
-1.2979437470220483,0.537136540507138,-5.12,-3.6346037092440513,5.12,-0.5351775305292161,-5.12,-5.12,128.32011319567093,5.428753852844238
1.363995621452223,-1.2088361838652157,0.6993686761123286,5.12,-5.107333771788795,5.12,-5.12,-5.12,139.76997248033814,6.023022651672363
-2.108628836361687,-3.8568161121990983,-5.12,2.469236664136096,-0.7557430683134401,5.12,-2.0768204789095615,-2.6036572898152808,95.50968366630738,6.715699672698975
-5.12,-5.106150193831605,2.520143078450096,-1.7442237420071174,-3.7777964941284408,2.545504981061465,5.12,1.9738884289287624,119.12629755126127,7.300280332565308
5.12,5.12,5.12,2.9241475940084607,1.661682239662695,0.3815637664084326,-3.5880418176897644,3.401514558012848,122.3974573437976,7.7532877922058105
3.107712346299091,0.47656032632645484,-3.492436402412089,5.12,1.9807154553905661,-0.06431530186275225,3.729662788731802,-1.4958202877542757,76.06617956234763,8.288210391998291
-5.12,-5.12,0.21555323809742166,-2.1026284582410724,5.12,-2.285010569443126,-2.534531226798472,-1.5230583518019758,104.05896935195533,8.725228309631348
-2.8681961201668007,-5.12,-3.3782131693440602,1.9645695345692404,-0.975231991423521,1.6839643979245524,2.2956770221982197,-3.278919031366808,75.74074251046972,9.191959857940674
5.0590127354778085,5.12,-2.93594046805268,4.263718548792837,0.6876628277119732,0.5201094155052628,1.5432473171120842,-2.4266636346032393,96.358525539373,9.611829042434692
-5.12,-0.13086972013462983,-2.2492681493337705,1.5801954857057785,-4.693008674725309,-5.12,-3.1884042378129736,2.16790558276292,103.10465533464311,10.099144697189331
-1.3697180884517839,5.12,-2.8683616223185022,-4.9736848150417,0.5589835999478474,-5.12,4.701363430016387,0.8900517506851564,116.50163471807593,10.715073347091675
-1.122096502056627,4.383144612957476,3.9503448264639944,1.2209218469854548,4.473473327592251,-5.12,-0.17128061399542815,0.6175499078906368,91.61495695343396,11.23772406578064
0.9365020186946973,0.26404629795588086,3.885561119175235,1.6273485117701174,-4.716494643867924,-0.199236907195111,-0.9524469822406445,0.4254908109820317,49.0087596070841,11.76767086982727
-5.12,-0.18201976381823215,-5.12,-2.460228351651374,-0.6383999206754547,1.1098314472864423,-1.0497625027044846,-3.191439059698266,77.10068970610396,12.224969387054443
-4.988917851711239,-5.12,4.319284371831439,4.790526361905779,-2.157888358088068,1.1361023671837405,2.6656647064735406,-2.399619751884255,118.0734552732501,12.753281831741333
0.5782509011890911,-0.6455933607620121,-2.591174802575757,4.89016708401907,-5.12,1.7351432649848553,-0.30917904968855314,2.1860366428658082,74.37563409972759,13.477243423461914
5.12,1.9012499743043172,2.543398471552565,2.948901189514035,2.31992505704201,1.965417874934591,-2.760937159586176,-2.787942609371351,75.24999048504353,14.046629428863525
2.659279367883234,2.272397259436895,3.7522770832148984,2.8474880366851156,-3.8728679383974973,3.881983993324817,-5.014518956112181,0.16222521011437152,94.7997783741854,14.59208869934082
-2.450888306904733,-4.744016685509277,-0.7997244712330076,-0.02076002533072696,-2.212307229013512,-4.693660688655083,5.018280594062204,-2.805196995307851,95.59974666413207,15.069860458374023
4.936254261706908,-1.979379128651658,3.2688648086616174,0.16123195301284898,-3.906394707632936,-0.21454146744459468,-1.0374737064628698,-5.106760152819743,84.32515839070399,15.661335229873657
-5.12,0.07200403217967821,0.3280784653407407,-5.12,-5.12,-0.11577999629431623,-0.3408924494808092,-0.9110597254251322,84.04631616533017,16.219804286956787
-5.12,-0.05598127739719505,-3.824689538661573,1.2569883228290237,5.12,0.04583528516062607,1.4673483602582067,5.12,101.49599158059493,16.87376117706299
5.0498548753878145,-0.07696878389944661,2.739022850021569,2.0607543529253576,-3.1924344592371234,2.1705534972191245,2.7985265947069333,4.033313036077172,79.45151702240116,17.534544944763184
5.12,2.128781395035248,0.38692930237463674,4.807190542876833,4.722872975699093,0.2826843997772608,-3.981241249781537,-2.6244711351029584,106.20574783833156,18.120515823364258
2.7644737115166604,-2.2644447344994,4.905890495998247,0.4380405801426095,5.12,5.12,0.7257986364679914,0.030854445777936057,95.79325370652325,18.676229000091553
-3.806363421980353,0.0750297957608943,1.706869296453469,-1.6168083407316387,-5.12,-5.12,2.796363521112406,-5.12,111.78277433671023,19.19858980178833
-5.12,-0.42326434572182237,5.12,0.7337432218823334,-1.3124957600745564,0.7698049000544573,5.12,-1.5229196805474343,92.0445150268145,19.68528962135315
-5.12,0.006271603663460468,-5.12,1.2997258877874263,-0.7366995048068867,-5.12,0.290918240473518,0.2907192535211758,86.75646366529169,20.206469535827637
-5.12,3.470009008358267,5.12,5.12,-5.12,-5.12,5.12,5.12,199.4212799812972,20.809359312057495
0.3716048723866052,-1.0057561664858126,-5.12,-0.6486730162749312,0.40384719244692313,0.04998991593332747,0.8740657037484514,-0.16120085402230888,34.937965572098506,21.319290161132812
0.12172741966327028,-0.014226274092603575,5.12,-5.12,-0.11747891846473557,-0.1926868776553805,-1.5048684913618025,-0.6017828983651228,60.65589794663579,21.95235776901245
1.6464376531945133,-5.12,-5.12,-5.12,0.9355030383260239,-0.6414961654657221,-0.2448716509317883,-2.229164170060494,93.6370027381699,22.49238634109497
0.016503101052784075,-0.006878422761790404,5.12,1.2096682562620549,0.019970565615138547,0.3069274193488134,0.036585520935411786,-0.5447707281211969,32.442330653868346,22.97344136238098
0.2295615269723239,-0.3390346275178482,5.12,0.7674839376182829,-0.4801951324463758,0.15849173887443246,0.4552725579718375,-0.37374161046393706,37.24849189258741,23.6935396194458
-0.13919359709277135,0.09700360681288345,0.034825283200871304,-0.19065213688579785,-0.03838978417363492,0.20767412082216463,0.07420374381177464,0.12339560626663015,2.488621467910037,24.28799867630005
-0.15095293471366045,0.09351773939702568,0.04464531862365906,-0.1931290829579213,-0.032185259688632506,0.22392520134978877,0.07465877508375574,0.1258598294548703,2.6795425235263624,24.886572122573853
-0.225309515258032,0.12999861737024432,0.04307587376586142,-0.0029707130479552646,-0.09730737300211345,0.06086616341223916,-0.027802156219284058,-0.0002902105461117799,1.5496020608860588,25.470263957977295
-0.3149358067699035,0.476903002106253,0.31176315388643694,1.38006483793085,-0.3212452905222811,-1.0089524441805597,-1.0760946972480356,-1.063648510066514,13.858293835575664,26.124460220336914
0.07031264385669633,-0.12973375994997394,0.05346291973210171,-0.6496708419908668,0.16144850167338287,0.7976503905359387,0.45564775014370795,0.35285327430503255,8.237282994654983,26.735761404037476
-1.693142351396538,0.4555561527023251,0.4234096165423855,1.152569493603404,1.4746400080398088,0.9580691321339865,-0.08857798843250997,-0.3190071763310156,16.999644770070717,27.25497031211853
-0.08497812303994223,-0.6248338070713011,-0.9145785138938933,0.13158447062220624,-2.0810554142907614,-0.022504644901055748,-0.014279196428796936,0.31082663650324527,9.503766382411694,28.01103949546814
0.4576122243717089,0.8810574539733231,-0.008327335191137486,-0.2753397733374534,-0.4984736315248748,0.04504144656521092,0.07673171768157694,-1.3835982513498433,10.521419204080175,28.702994346618652
0.6261402542276953,0.40522862945169535,-0.3058388835540429,0.8355747318242122,-0.1799703792417482,-0.6013376429295993,0.15000703118667502,1.4740711351313927,14.075934135578912,29.384358167648315
-0.052999522290718915,-0.4892090337455688,0.0020556099530883998,-0.5033718695022493,-0.3199339849558651,0.461446085733769,0.20772542157381313,0.1276707440141811,9.361317190308817,30.34576916694641
0.003320428458221336,-0.2411655429125048,0.01843201597730726,-0.37460106796288795,-0.30080866948251295,0.3000649803524924,0.24465737588310965,0.019983070611361065,6.693947553542916,31.113444566726685
-0.026705156923173767,-0.2135800604583986,0.014853533976585176,-0.3438434301936386,-0.30279403597091203,0.2808750961194093,0.19024624327274164,0.019888098379258423,5.8791118989507,31.7852623462677
0.626831250519003,1.2037359592294017,-0.6405781254650913,-1.5147763890461925,0.5459807417648017,3.37559779740858,-2.7786560552901913,0.4347389663316594,36.59843357091033,32.31617522239685
-1.2988231793753706,1.3091956477001903,-0.03956769307956254,-0.13551538882400926,-1.4340818851091672,0.4613789860824067,-0.3523315983520101,0.474991302114141,16.55074682583402,32.92026495933533
0.10318452101756481,-0.4848769478016006,0.05353126137367248,-0.15562621023749923,-0.1884925599162477,-0.07899886999048888,0.6261780691825019,-0.28752539926830156,7.164200444731849,33.50511884689331
0.05830142406724548,-0.4638384764984824,0.042563010305748605,-0.12599894315228166,-0.19736024511856876,-0.0644539510987494,0.5434533361043883,-0.2581056186950841,6.7848436405756996,34.34277844429016
0.03285213731186243,-0.45088121233015777,0.03505470228565066,-0.10990080887573672,-0.20511931192558208,-0.05874503639569273,0.49231510064195394,-0.24230271634725842,6.53108735957116,35.01819968223572
0.015309728561943459,-0.4442877785187287,0.02890557049157927,-0.09938480667222915,-0.21044944676806754,-0.056536393611069435,0.45442914069524143,-0.23084961420269146,6.320495553702168,35.64615178108215
0.33384726342051607,1.282587611641227,1.3535746539123465,-0.06829312961025469,5.12,0.40091622476669997,5.12,0.07436303589179527,63.052595833417314,36.445152282714844
-0.8990977340651876,-1.0611814875737604,-5.12,-1.683778095769469,-5.12,-1.3157066286030692,-0.9265741251497763,-5.12,89.9927670484568,37.25845384597778
-0.09790338550655875,0.5364997127223123,-1.2016164656390402,0.556108405574661,5.12,5.12,0.5008134638037269,-0.11508469030607582,62.331990255963575,38.178348541259766
-0.05517803990198278,0.37112478029328955,-0.9468981202174174,1.5255460711267563,-0.3042937486459767,0.6973428255686338,-5.12,0.0323844042637349,36.90156072346965,39.31842279434204
0.036390832243811566,0.6633720135553292,0.9785420195733643,-0.7524698084810018,2.086430909763039,-0.4574019471317943,-1.5195787051367997,0.010455643410304027,15.477048695729504,40.160295724868774
-0.0024452213042227555,0.435723511738213,-0.7839033697768851,1.1594151357558484,-0.5169268896955677,0.534523704030538,1.4977143464420646,-0.058991751291198824,14.156217000590711,41.24114513397217
-1.0671398927651214,0.42607048508075085,-0.0874478839027919,-0.7190078338411396,0.409285761676931,-0.5780797866440643,-0.1040813054050691,-0.04027556662009513,9.643626055076018,42.21557593345642
5.12,4.812896581889446,5.12,-5.12,5.12,5.12,-5.12,5.12,209.1770087533709,43.37702131271362
0.8725849664336378,0.15332856100275194,-0.8112994661193671,0.270469214293092,0.4077097572324728,0.5651563777477726,-0.8679868555007442,-0.26268051704442463,10.468037567670855,44.32982659339905
-5.12,-4.03284311956668,-5.12,-5.12,-5.12,5.12,-5.12,5.12,201.68305988560715,45.37849950790405
-0.01806323357172701,-0.4723625802203797,0.07622221242802052,-0.12837747832950264,-0.2064815975981693,-0.13342542003615598,0.023566008502792002,-0.07223947510136686,3.8973670588380314,46.43069624900818
-0.031699919635988394,-0.5252445412481954,0.0763836033753229,-0.13037853417261758,-0.21417453832654054,-0.1484398444646784,-0.002868441740128347,-0.06958198545063254,4.085184936992622,47.35280513763428
-0.048379473641093185,-0.5743977165311742,0.07454410757718755,-0.13199890968340267,-0.22226553654471193,-0.16116708964413906,-0.031182377565390773,-0.06779560080316482,4.212616046947924,47.985047578811646
0.06735575281183603,1.347372747893984,1.9414281345485156,0.9485848965549835,1.8983446559230535,1.7108664309804666,-0.3185799590425198,0.9785331239280364,18.727289896762986,48.857706785202026
-0.9359306847603399,-1.406332007127732,-1.7144627765223182,1.1832760477702644,-1.333907726251212,-0.9458991077172207,-1.4822562284175071,0.775762210141206,20.785223244209973,49.95561909675598
2.5946195446117404,1.0431174055645185,-5.097080863470322,-5.12,-5.12,-0.24134449099611643,5.12,2.7616621848966965,124.85936382521183,51.030662059783936
-0.3328312270085494,0.12032827309182359,1.4996183070992242,-0.05837542864275491,0.28071222774825877,0.19282588800951128,-1.6679145311999566,-5.12,38.93050256718709,52.190518617630005
-0.35868074804107675,0.18897777957333606,1.005180247221551,0.2916943510137182,0.040785621890478296,0.03609600302078775,-1.0817380568237045,0.7487746140227509,7.705038296152192,53.382495164871216
5.12,5.12,5.12,5.12,5.12,-5.12,5.12,-5.12,211.88345098062877,54.83966422080994
0.0209346243630657,-0.3803061161949213,0.21717993890115306,-0.09661742537478979,-0.07919121520856276,-0.026999367441259636,0.060951592864475046,-0.053869568215172414,3.1928201880762,56.20775532722473
0.032200026503804935,-0.4122636679294871,0.22630905308355675,-0.10181092719115803,-0.07938297471306566,-0.030918188701287264,0.06360623571439739,-0.049350260989021955,3.435130944146481,57.471041679382324
0.038088643335663974,-0.4419167810483815,0.24184524286850095,-0.10719971186418764,-0.07961491960300737,-0.029077829647938813,0.06000485695414248,-0.05289995620593757,3.674263758466937,58.711328983306885
0.043696874294552046,-0.4685086906643212,0.2520644033690589,-0.11184954677733128,-0.08219838868319318,-0.028970872983790308,0.05760884286155932,-0.05240441613744551,3.844447828613916,59.73427414894104
0.7546988190348101,0.8022367017627285,-1.5347767620256474,-0.5771859234590027,-2.8925808876321906,-2.9733587159166808,-1.2090165798539596,-0.20267319962076868,29.807118417537033,61.715078353881836
0.504030636891101,0.693624577792626,1.0830321472013695,-0.36782723642616943,1.8006789623401618,-0.40799229405041704,0.8440647823449972,-0.2507245678816581,15.353494538774147,62.89455246925354
-5.12,1.190823098661621,5.12,-5.12,5.12,5.12,5.12,1.4443880525545856,164.99316496775432,64.25128674507141
-0.0039341811706687935,-0.5205544863114184,0.2267153780197919,-0.10650262702326341,-0.18437566601617306,-0.02916498545802071,-0.00031951132164032003,-0.023624205772630802,4.057998831606563,65.43619656562805
-0.0033805444897803127,-0.544728171022304,0.23711479973864513,-0.11224737052574518,-0.1901889950980804,-0.029184877384298424,-0.00819234767016308,-0.025159571723549767,4.185512878708629,66.59330439567566
-0.005942829957578333,-0.5641397577784639,0.24549654326412718,-0.1186285930213895,-0.1963737912011947,-0.028776851262663605,-0.017758932772300895,-0.026617675873062296,4.296366764803099,67.83360075950623
-0.0016845030558982899,-0.5798035874290113,0.2527346380863289,-0.12240477453945786,-0.20358177565291502,-0.029504397161540297,-0.02533755781859881,-0.027339205154441437,4.391293732860724,69.04494667053223
0.0005045726719776766,-0.6012264933218994,0.2606136233006122,-0.13220097996714042,-0.2103176495237964,-0.0297379830088893,-0.03766717997084612,-0.029240007480587416,4.506321524599349,70.07590317726135
-0.21143200144655516,0.06683493491700432,1.9989601047503633,-1.2362723162452256,-0.7397139248123077,-0.22522381317058127,-3.958482562531568,-2.244680302916495,31.55020459963198,71.16183662414551
-0.1865051066149297,0.4627778046221973,1.3575797498257547,-0.37155360293004414,0.9062396407869837,0.8110035725575448,-0.7783425618638411,-0.7236715977374413,13.522243225759892,72.43868112564087
5.12,-0.6768488756630653,-3.5113853676807945,0.9182319783293353,-5.12,-1.2629371711073145,2.5590246932921534,-0.9616791790962491,82.2826186370175,73.98358535766602
0.027386625262119324,-0.6228108997890534,0.22507266750648025,-0.12101868948179906,-0.2062646693626169,-0.0745790173231633,-0.009073607674698891,0.03339763261754669,4.21423498434372,75.50236201286316
0.03058812820051582,-0.640321162800598,0.23100009495982388,-0.12629141562183932,-0.20970464630760066,-0.07701544096941149,-0.014798401418606666,0.035604552831761005,4.259054131548663,76.71426129341125
0.7638508540152245,2.146988835238977,0.47522854863625774,-0.0543104702668078,-0.7951254638842356,-0.6306893132902074,-0.38371182207587573,-0.029831044227678127,14.119492260284076,77.86263155937195
5.12,5.12,-5.12,-5.12,-5.12,-5.12,-5.12,-3.633927296264371,200.2697997546704,79.25683832168579
0.05469472474848125,-0.5804395628703256,0.22745872632667208,-0.11157276863643695,-0.20423870531270705,-0.0915973777543364,0.0038630128657590745,0.060792057243345354,4.435883714765811,80.52722311019897
0.07032496299660274,-0.6033755614303029,0.240038372185869,-0.14250555969661605,-0.22734768677029127,-0.10085331581814128,-0.01255133087998761,0.040912658414510084,4.8035363314888775,81.69589948654175
0.0729348035641797,-0.6048435143184481,0.243626508707254,-0.14591757896106383,-0.22812740689158773,-0.10226413430102266,-0.01688278126888232,0.04058448541949389,4.8621782436411465,83.10171341896057
0.07365045181069707,-0.6266534254213774,0.2420917010262995,-0.14522136928922436,-0.2377126915338561,-0.11155870664599288,-0.022767618756327934,0.04829202320187864,4.907578438686131,84.53580355644226
0.07735385968125019,-0.6100969846907596,0.2463977033352558,-0.15078494595575442,-0.23428793305846707,-0.10673604986656926,-0.024091009307661615,0.04016980380382851,4.970769886957654,85.61899018287659
0.5587466862305961,1.8021322833832816,-1.720091688073008,-4.721151687250334,5.12,2.330590866785583,1.3050482911672239,1.740997466613,74.31773677109412,86.78158926963806
0.06835263976141626,-0.6219555873526419,0.23951430844007593,-0.15613747050382276,-0.23546083139469776,-0.11283632764450413,-0.02583323540489424,0.047185594633234906,4.940152647874356,87.99250841140747
0.07263424553541853,-0.6179536353847732,0.24646057762253015,-0.15940015700290555,-0.2288781930257393,-0.11295225758106842,-0.024366358582880387,0.04276791095458066,4.976375749607138,89.3593955039978
-5.12,-3.2484278427821685,5.12,-5.12,-2.5419261114847354,-5.12,-5.12,-5.12,178.88188467882534,90.67175793647766
0.05189346257968808,-0.617196258934749,0.25857742827564945,-0.21894205790727916,-0.22599942025782038,-0.13557498014637215,-0.023217894514411697,-0.001547207340577117,5.423824338889862,91.95663642883301
0.017548382131614915,-0.6124587359845002,0.2525341452610057,-0.20316672765400678,-0.2308193045037008,-0.1225943599239816,-0.024520478916483235,-0.04376262379400586,5.255295231991718,93.08514857292175
0.0523335441537105,-0.6106489372493202,0.2601847466046845,-0.21929033365546236,-0.22591179277826257,-0.1350386994199413,-0.027382898184407978,-0.0014432957132726187,5.4580151400798425,94.20386362075806
0.014979653504050283,-0.5815578099172125,0.2315888531352126,-0.21963951749152244,-0.21313059007423263,-0.1333250472300893,-0.03469097099649865,-0.04782024539794438,5.247648015687199,95.36288905143738
0.059281451540397434,-0.6183737368156343,0.2630464585872243,-0.22335721340001236,-0.23527062147790367,-0.14120620259344197,-0.03022850986862391,0.0030448249173726794,5.5951379664817225,96.59325933456421
0.03837616427970847,-0.588856710162383,0.2638222843300353,-0.1920026838450548,-0.19658841937456373,-0.12355456763216033,-0.030551138630683816,-0.015137410579451505,5.0972521771275865,97.80648303031921
-0.006822059340426456,-0.5991812731008679,0.25189142467982517,-0.2224910531361992,-0.2290315591557892,-0.14633216614780853,-0.03902685374473336,-0.011961498405769433,5.495496543502506,99.18111419677734
1.0033253693243989,2.2899258582645396,-5.12,1.0047397214112639,0.006425833025765826,5.12,5.12,5.12,114.45140619690464,100.50827503204346
0.0734476645670723,-0.5908438719113498,0.24643499725955031,-0.20873788869196375,-0.17963182263888644,-0.1448073765489708,-0.014986002504630669,0.06603207971914671,5.231472186971615,101.76121044158936
0.05174356614352593,-0.5710955623902274,0.23891988746964632,-0.19975190250393737,-0.2191715324230703,-0.1266563153609006,-0.024208817034968355,-0.015284145560197082,5.188860004648211,102.9603681564331
5.12,-5.12,5.12,-5.12,5.12,-5.12,5.12,5.12,211.88345098062877,104.1611955165863
0.06366347439584708,-0.5837404903415049,0.2500756532572064,-0.1948539201919406,-0.22911441615507044,-0.07082793806415211,-0.0147731084820526,0.011291492313591611,5.081096718829738,105.36111617088318
-0.01489104298535704,-0.5948041662228638,0.23235271789509504,-0.2133824136559257,-0.23967684333239347,-0.12614676450002715,-0.027669097839217116,-0.056850542650571434,5.335714732543061,106.60760259628296
0.07363167518067737,-0.5682842516635258,0.23304682831986412,-0.22707931273192816,-0.23682768126696807,-0.1315657818017213,-0.03836470379509649,-0.009340259947694385,5.544474196410621,108.09662866592407
-0.39540571582106754,-2.5795432540053485,5.12,2.08732080126841,3.0249459743164637,-5.12,-5.12,-0.35115714861592817,105.31928366531753,109.46530604362488
0.04218123806318452,-0.5587209200623269,0.2347328059030005,-0.2024557254017081,-0.21609445199429356,-0.13606722421044726,-0.014757191479178644,-0.017971310944333574,5.196292936840476,110.7711889743805
0.05347244224097114,-0.5838464482918315,0.24041526112469658,-0.2223097619530332,-0.21923679757193248,-0.15461894197222215,-0.020290832092400457,-0.011309239892687728,5.464984070716745,112.09851288795471
-0.4273596272473812,-0.394449789878732,-0.07694851092814048,0.2821400747413625,1.146727145672334,-0.23716426190193474,-0.29587992657065687,0.2901158306335674,10.816386781408347,113.52202582359314
0.15540606337864205,-0.55623946205663,0.2917211171616536,-0.2756880868998346,-0.34517973812273794,-0.058445186903129276,0.02388705475921693,-0.06442382436531346,7.141784204822354,114.99456524848938
0.1178298705873031,-0.5414682442490184,0.26998181551361444,-0.2515794126806723,-0.32826036599665986,-0.07302671703135477,0.015385700905335753,-0.07382558783964743,6.611102175025803,116.48316836357117
0.1579820690678897,-0.41656806277880687,0.25272506344630496,-0.21456726137175153,-0.32106529763076797,-0.07293257799067199,0.06767420026390525,-0.0987247769726336,6.357021612401099,117.98748564720154
0.033832447981668956,-0.5314581861316352,0.22414797473093273,-0.1890933795623404,-0.2594445013275637,-0.09781941063910171,0.006845566223379507,-0.06289083676123752,5.238677554861399,119.45485472679138
0.8151045916042232,1.1001608808087555,-2.5869291247964834,1.1130578233877246,-2.800684831662655,0.3782162640125213,-1.0239024984983107,-1.3012910331505112,27.16080006708713,120.87550926208496
3.9957593515048133,5.12,-5.12,-2.6888930500249635,5.12,3.4991879631267837,5.12,-5.12,171.2426361807618,122.72694945335388
0.1283752936282072,-0.5050261990178004,0.2150925372363659,-0.19950212620669117,-0.3102432427683768,-0.041165341749649365,0.021001035995494632,-0.0844697913078587,5.790170353523393,124.24230933189392
0.1098869025443232,-0.4917692389974082,0.20925267421687632,-0.19359419280475265,-0.2996392073738683,-0.04663680014138194,0.015002661687415042,-0.07917651743316778,5.536195198926143,125.7595603466034
-1.0905656138160964,0.32027609891205433,1.3984132594972714,-1.2209001449949732,3.3783185979687422,0.8030918904896591,0.4993439653433178,0.8381455449392607,26.82241784779934,127.53985595703125
0.5764043374368484,3.8800443307139796,-0.7662659809154215,-3.5277777734561218,1.8061869081076258,-2.448137179697332,-1.8527398289786317,0.9262780340457626,50.111659891022946,129.22933197021484
0.10118200987812465,-0.4435833067315551,0.1566229254647853,-0.21651303661821508,-0.2731379143795394,-0.1497477833247629,-0.015894734774604125,-0.10647935692618571,5.534115045600627,131.09450793266296
0.19060461694426856,-0.47769802430878805,0.18500242609910433,-0.2501129112360543,-0.32976196143129055,-0.07949428741163178,0.0038361374727369224,-0.111897242903499,6.558129703214144,132.73764276504517
-0.7970424594582282,5.12,-2.7920560464018167,-0.05538005578375138,-4.74658455467297,-1.501419043493509,0.6209676865625386,5.12,92.82837776609679,134.5772922039032
-0.7669898332455665,-1.8637048663893272,-1.2852965337329727,0.9851710150712893,-3.6105449003071595,-1.0121413187438852,0.8796942945015687,0.5591239860248729,28.269100568506374,136.66234230995178
0.1581107662561374,-0.4471183927001876,0.20976917369606873,-0.1758600017314489,-0.2716850821148178,-0.08296467881394687,-0.0026785125200374793,-0.02261719760857339,5.3601602737271525,138.88905453681946
-5.12,5.12,5.12,5.12,5.12,5.12,5.12,5.112421230912129,211.774143152542,141.15805315971375
0.17160680901624925,-0.4567923223349082,0.22919009756457243,-0.16796004229811068,-0.2640082331939153,0.0014955404070704503,0.11390516049265109,-0.0028512749553257777,5.602163114651657,142.93331122398376
-0.6922829216218505,-0.7956282035079747,-0.08809017212940962,0.9972743855285247,-0.02828269417978202,0.6407991048335955,-0.17178557963846064,0.3491975446998712,8.659991476556678,144.83766984939575
-2.367385122992815,0.1524157746160384,0.3191306946528165,0.628947648656836,1.8505020545296214,5.12,3.3676911057549175,0.028388587677719457,54.683755924835765,146.65705680847168
0.14826252784814908,-0.437422537690094,0.2392322495480439,-0.140026749649512,-0.2530135277790615,-0.059203580071192086,0.04006078585828643,-0.010081681101086204,5.102443761425007,148.52364993095398
0.024715630882846895,-0.45912599944064514,0.19021767365066022,-0.09845113188792176,-0.24367865458091043,-0.07200026820082694,0.10551049128547252,-0.1269164317989384,4.720933182022241,150.5724377632141
0.7671432270492851,-0.7542903712424636,-1.537309210863485,-0.975489802988065,0.609523456607632,-2.1395987118583624,-3.9415008227212356,0.5652641095937216,33.243682022829,152.5783679485321
0.10910085149785598,-0.419593032143486,0.23447354711574153,-0.13012344869823167,-0.2460906532122511,-0.04521322575253883,0.050046688359000946,-0.027472731128603378,4.724738701498033,154.4803216457367
-0.589763923305803,1.5927998529754497,0.7995303045716318,0.3293928186484809,0.7312489075722972,0.8036911984423316,1.4645581662044966,0.6655683423711602,18.521055781218298,156.22715425491333
-1.0320785135761472,1.388661283882569,1.5183184314318252,3.105538082354916,-0.5118919738705507,3.706103228080397,0.3375951932228638,-1.3782406924138018,41.458552876186324,158.20510268211365
0.19200707412305107,-0.5332155374933993,0.24579159867078282,-0.13788618131103902,-0.2178708137627785,-0.13760805860927672,0.023255539730968167,-0.012899461735661255,5.580115477628853,159.84442377090454
-2.8951351100873506,5.12,3.9576243077903976,0.06558311757983937,0.6501007723410455,-0.4105784766815308,0.7946538721896772,-1.5242905350731406,60.55375708925477,161.72181272506714
0.1409965791136525,-0.5117458026132571,0.22030010213692108,-0.16654427918392933,-0.23651673694104147,-0.08837690722362623,0.0016681733377028607,-0.012993003892845856,5.169472200901685,163.445814371109
-5.12,-1.7250548193917594,-3.7618152396176923,-0.07206802189312,5.12,-3.400081044501584,5.12,-5.12,138.6265613640841,165.29870009422302
0.17942944437288855,-0.5163146881834697,0.25875251811117206,-0.11364539430921106,-0.23422308028914962,-0.12613954671386285,-0.012999850839428007,-0.03388330845584431,5.540634387486158,167.19523072242737
0.09594047026858377,-0.5493628974241149,0.2211083831923677,-0.14785329165763716,-0.23055296304332096,-0.09262215778109706,0.00957910408385132,-0.07730258895918851,4.9591103501052975,168.87244296073914
5.12,-5.12,5.12,5.12,-5.12,5.12,5.12,-5.12,211.88345098062877,170.8573408126831
0.2506310153228988,-0.5521852117103441,0.24372536465518557,-0.2218637313531273,-0.2495397006795148,-0.05769666965595999,0.05948090784806137,-0.053707047100292726,6.471307449887548,172.7911503314972
-0.04172592765945993,-0.5042761236043827,0.1811289507109306,-0.2056960567130348,-0.23094935096747182,-0.11106227552615522,-0.008884961731593144,0.006673337820220837,4.853402668552819,174.5659785270691
1.6161393564389845,-1.3616042442211116,-3.1632928114611722,-1.2918306258951513,3.38167489497095,1.162645563643074,-0.6198094969265631,3.1202644274317715,48.39725977255391,176.55837631225586
0.24817646878739463,-0.5933241799629059,0.26087853421929896,-0.19464410758988837,-0.27449941266213784,-0.0609797106364951,0.03660866832536147,-0.12331388172555613,6.701751478293099,178.6494743824005
-0.643964439499201,1.1039038124016987,-1.6095899854377285,-0.03257810288821261,-0.7451899908969306,-0.42635251761867465,-1.6125292645456004,-0.9644383347546768,16.819514489378545,180.63705134391785
0.2316367161107813,-0.5731710125080856,0.2681716263814691,-0.32597434152843885,-0.3087090475893648,-0.0816593020809151,0.0950769172709931,-0.03186362788942887,7.709285113565505,182.65683102607727
-0.9735396406538692,0.9990516339865447,-0.41421951065972706,3.7087669264774936,-1.678806842790744,-1.7088166019542,0.98975782095102,-3.9624827454763003,44.13813928989743,184.54651069641113
0.16024956718612504,-0.5433557711855483,0.27228277700957193,-0.18002365847682267,-0.26086690388929945,-0.10192209294823407,0.04978395388994539,-0.07670666923294167,6.085595358621013,186.53949689865112
5.12,-5.12,-5.12,2.990799121756292,1.4885945899025934,5.12,-5.12,5.12,172.07248541124406,188.50164818763733
0.07374001728683499,-0.4872202642965222,0.290025835364518,-0.07668966053854387,-0.258674116580103,-0.09797197676666158,0.07082283313638627,-0.07620589390216992,5.332945502514614,190.726970911026
0.036586721420284185,-0.5289200225790687,0.2215970891545167,-0.14291240316493514,-0.23170601781271127,-0.17935098907092062,0.042767005089912935,-0.09988548370224937,5.339684035619033,192.58864092826843
0.28787059072118915,5.12,3.211050803441652,5.088346564089039,3.059298110190432,2.6723324429576865,1.178117394670342,-5.12,111.3890637357992,194.78362011909485
0.1342597300965318,-0.5255771407550336,0.2322106125347423,-0.19216521206854686,-0.24212647037173518,-0.11325150757251112,0.03169654451273907,-0.039229454289558596,5.5576472409466655,197.1646237373352
0.12596448318955034,-0.528610979360649,0.23387722679594258,-0.14183125811744013,-0.22366548615833182,-0.12109866189409235,0.024452590203305924,-0.04440652155215297,5.150318842616415,199.26718425750732
0.5966694716558045,0.13670947585131188,2.2331274754544657,-2.0603055807255974,1.5437319408892725,-0.7202884603976996,-2.0419634835385314,3.9116981799425483,38.44503033872854,201.22956609725952
0.028772411014359456,0.5964027163030048,0.8662890160171095,1.4831334290059264,-2.2743835685036022,-0.44475886615017757,-0.37221271927144883,0.15483511721957388,18.22987829041506,203.3039207458496
-0.6903067279880153,-0.2882746539971368,-0.7682829246195757,0.13757446523496952,-0.1753959078255649,0.21669349144515948,-0.20998823079991524,0.7634041591992631,8.721802167961249,205.33374977111816
3.5563860318666256,5.12,5.12,-5.12,-5.12,-0.23639054439712393,-5.12,-0.9102542628905228,148.96678751193363,207.334228515625
0.17270277332759854,-0.5005987814948014,0.23123504305778653,-0.35366835650797235,-0.24739826729007763,-0.08143093634974985,0.05690889331400495,-0.06576355678261958,6.815334412648763,210.31389117240906
0.3925378494653975,-0.48243296930922064,-0.5202413211507722,-0.013744389362432052,-3.2791686486971674,-0.6049271093924276,-4.50915617784354,1.2849485106796772,45.719133767068854,213.4988009929657
-5.12,5.12,-5.12,5.12,-5.12,-5.12,5.12,-5.12,211.88345098062877,216.5026993751526
0.028036596836450656,-0.5074535862738374,0.16885023167690427,-0.21174321759836534,-0.11833449925045247,-0.20848040947762758,0.10190062014854462,-0.11557679817958277,5.157423072014648,219.41912722587585
0.05431348731961094,-0.5598042904000362,0.16176370071250634,-0.31778974039403174,-0.21323777656957077,-0.1647789522062899,0.14266178847012867,-0.10164837442499586,6.254919746878425,222.55152797698975
0.995438067875698,-5.12,-5.12,-1.6551780107734224,-0.5550458781712111,-5.12,2.2661782954401914,5.12,119.71970474866795,225.40353536605835
0.024712407094312994,-0.49650074113370213,0.1681774613523075,-0.1846943084372379,-0.1109575584727942,-0.1846354384343245,0.09467560265133823,-0.07846278765830572,4.61710664969044,228.48756456375122
-0.6623948048129567,-3.6892772525801956,5.12,0.09440292454894816,1.2179949670786998,2.818067785501115,-5.12,-2.800084995231158,89.43699454995075,231.9984951019287
0.009074088263551161,-0.49924676751922537,0.16344927550763266,-0.20314921124884666,-0.1261115766082117,-0.20861329405450846,0.09356656969904975,-0.09968699887418708,4.987950324106973,234.84501791000366
0.11455275046739555,-0.4967006738948099,0.14267871679814004,-0.19589025057100162,-0.12188296078324345,-0.10787278365048447,0.11135366481460363,-0.036058570894173414,4.409448035720214,238.11817693710327
-1.9067409129799393,-5.12,5.12,5.12,-5.12,-0.27678944107303227,-2.1281643866188573,1.209974819903822,118.03971944095953,241.4447741508484
0.2972102294613821,-0.48701498470851146,0.1901744220139605,-0.27946020197340715,-0.2112610367593506,-0.07677768833337417,0.13272090480337706,-0.0431555208472334,6.853366038307539,245.32836771011353
