-2.2584752155046575,-1.3932787410996577,9.878642484408365,0.0004208087921142578
1.8322037525849382,-0.6085579599137478,6.009729405120309,0.0008263587951660156
-4.4084823219390525,3.893730953212766,36.649794332887836,0.0011935234069824219
-1.8123667522014641,0.5963366340750245,6.080711724643905,0.0015566349029541016
-2.781636283945554,3.555067694596125,23.11927313241872,0.0019621849060058594
2.2884798521505587,1.2829044283355664,9.327686132530802,0.0023496150970458984
-0.4379541839249619,-1.5416392232085077,6.459393643612568,0.0027153491973876953
-0.9122607838944363,3.945463635712067,16.60518561697785,0.003077268600463867
2.1162698505941613,-2.437022018052482,12.595589634634436,0.003489971160888672
2.7960035499250075,1.1255573305497348,10.09484821712762,0.0038728713989257812
1.757731140967918,2.229476951059306,9.883036099482348,0.004234790802001953
2.5457725791529073,1.1918055301092814,10.502733268593516,0.0046198368072509766
1.519737300145259,-1.4241473400005105,8.218678862135619,0.0049800872802734375
-4.864194070145691,4.379283876593969,44.90688735253758,0.005338430404663086
4.09003343414411,3.403736413081254,30.292171695374194,0.005698442459106445
3.3624523882720583,0.13648482918611382,13.319649655054654,0.006079912185668945
0.5390967961251132,0.3924154018169528,4.194692026145694,0.006442546844482422
-2.9701152642196402,-1.3237305470944882,12.038293824978558,0.0068013668060302734
-0.3653750552650452,2.9060808972408987,10.411003960311609,0.007161617279052734
-0.9260797411904447,2.408166551915957,8.600923234224897,0.0075604915618896484
1.6653674951710018,3.8217239477640286,19.450520296510273,0.00792241096496582
-1.5054189050458042,-1.4320373871196312,8.226640867768683,0.008281230926513672
-3.80663506214061,-4.630091279130386,38.26395874427059,0.008664131164550781
-0.8766016227366418,-3.770092515727681,16.141931380569755,0.009022951126098633
0.032234101991396535,1.9917145972547745,3.9897605855995635,0.009384870529174805
-3.287066060957745,-4.874636370340254,36.09218697311391,0.009769439697265625
0.5197262728359666,-4.764620167124138,25.872317448591375,0.010166406631469727
1.5900650046312794,3.9921202879310362,20.310665470741768,0.010529756546020508
-0.8229937057297958,2.9228911376997386,9.892975532235434,0.010916471481323242
-1.8851890254111918,0.21498308376449238,4.631012451196074,0.011275529861450195
-1.613013983599755,-4.186408863692163,22.497129593187978,0.011676311492919922
-1.1996273902315195,1.5902418280137534,6.500244999602299,0.012039422988891602
4.04814643275794,3.550077918627392,30.986857040714405,0.01240396499633789
4.616896278553436,-0.7035443088762134,24.8406470653207,0.012794733047485352
-1.2856460219928003,3.900569519170875,18.27831588369557,0.013159990310668945
-1.7745986052566791,-0.22395688958858173,4.882509491551298,0.013520956039428711
-2.5432290035430203,3.067806835407368,17.932182963609915,0.013978004455566406
-1.8081307245129263,-4.522466952968281,26.354917766067246,0.014362573623657227
1.112054026991606,-2.1642483400196153,6.645311367480549,0.014726877212524414
1.9813550851902768,3.5073908572451886,18.23333469622895,0.015116214752197266
3.213984669177983,2.0432526122596517,15.316915223511852,0.015538692474365234
-2.097199728781679,-2.479792494317007,12.720334866415339,0.015973567962646484
2.5137106965786087,-0.7389773074422479,9.930322847743994,0.01633763313293457
0.8763121351645919,1.8185426625691594,4.944631717976947,0.016699552536010742
-2.7413779631026065,4.439751325933188,30.209892503224822,0.017088890075683594
-0.32180503735941457,-4.452785658180098,23.32319151081606,0.017452478408813477
0.11282354897958591,-3.6714002254596583,15.206850139880666,0.017839908599853516
-4.951069056235303,2.8291643758399454,33.08699901761528,0.018204212188720703
4.364674786084522,-5.038401256716993,46.12461854500334,0.01856708526611328
-4.08231226177886,2.611053822640029,25.379935884836424,0.018942594528198242
4.804449493303305,3.331608300972772,36.33745157735397,0.019327163696289062
0.14504525538900648,4.9566521201171705,25.013618032226734,0.019745826721191406
-4.464900105420145,0.4528362541668214,24.072585389271257,0.02014946937561035
-3.651919371863679,2.718056790920736,23.501694333466823,0.0205535888671875
-4.151668150544866,4.5553296843953595,40.348280459287466,0.020919322967529297
1.6600200519991963,2.3986886673090435,11.849240931492638,0.021315574645996094
3.9954545885736215,-4.627186651907698,39.07224679167212,0.02169203758239746
-1.7528205273303756,1.7013625871694256,8.250156891098694,0.02210855484008789
-0.5271891054432176,-2.296344317589348,8.823661142621459,0.02247476577758789
-0.5818343589141746,1.34882058008753,5.610318205813173,0.02283763885498047
-3.19899931137631,1.5911142109771141,15.29080645287291,0.02320098876953125
-3.782381216716927,-2.3419731035323226,22.135442078352217,0.023604631423950195
3.6553796068837903,4.969347133966914,39.634809750325005,0.023969411849975586
1.972510338455499,-3.1915800658103533,14.73298397460597,0.02435588836669922
-2.5401298843197635,-0.6204828672595628,10.532527101435875,0.0247194766998291
-1.4006553029595654,0.21203545391857315,4.581942035426058,0.025081634521484375
-4.495538132413981,4.0601091217586065,38.76443236365556,0.02550339698791504
-0.450164483102963,-5.029808565622226,27.470485713541752,0.025891542434692383
-1.7339323471902657,4.94979794861852,28.657142306694638,0.026257991790771484
-0.40385073089848245,-4.213841047765522,20.517308056307336,0.026619672775268555
4.876695160425977,0.6874998869241242,25.92289794099459,0.026982545852661133
2.16062287760547,-2.9558447865410513,13.911030308160257,0.027345657348632812
1.8769661193231038,-1.7806610306459727,7.786508179862695,0.027769088745117188
5.020328430288006,-5.000158787755525,50.21343199553456,0.028130769729614258
1.7299115120699113,-0.8179553919660068,5.373409199224467,0.0285189151763916
-4.187640057287917,-0.13958683314528386,18.53452137351099,0.028879880905151367
-4.8700705146465655,-1.8398605645413348,27.882716826765584,0.029242277145385742
-3.8514276491543193,4.033468232157571,31.52937135311869,0.029633045196533203
1.6801777038970247,-4.183306738884818,22.340931844273573,0.030152082443237305
-0.24511050938236778,2.310799378537774,7.741946011943856,0.030540943145751953
-5.013624109862134,-4.474932279063932,47.15272898845691,0.030909299850463867
3.1831322792512404,4.027560870816894,26.960643813981342,0.03127336502075195
2.835975533272329,4.783623846872131,32.201809827112946,0.0316777229309082
-5.011155224339044,2.3060900118282914,31.777356926929585,0.03205251693725586
1.863978972915695,-4.843564866110219,27.7234494566242,0.03241777420043945
3.6659710062608886,3.2279433433601694,26.224599352986154,0.03281140327453613
-2.3042763370624377,-1.5934667546822046,11.01573910444089,0.033174991607666016
2.8435675365933264,-3.614963780001619,23.34948438681692,0.03353619575500488
-2.718511856577463,2.909236153192235,17.208772791864618,0.03395867347717285
2.910888660059718,-4.715780447329394,32.07790645890629,0.0343477725982666
0.040715511039696395,3.222479778255523,11.246524065673402,0.0347137451171875
3.111561146052378,0.8512257808159109,11.048175641504235,0.035079240798950195
2.716879972475968,-1.4942288020742827,12.820099673428167,0.035466670989990234
-2.5357675666600454,-0.6334396414543519,10.47485036565275,0.035889625549316406
-3.2787931978213485,3.701279481184957,26.93124371841011,0.0362546443939209
3.755326695198364,-1.7008276938857474,19.26589788395259,0.03661823272705078
-2.6498778325068675,3.9837461847901414,24.485702575183687,0.03701472282409668
-2.159398526054898,2.7828569015788904,13.663298037325067,0.037445068359375
-3.585775795332323,1.435951011827476,18.698105207095885,0.03784537315368652
4.513445842625701,-2.067606614837859,26.731496538430267,0.038242340087890625
