0.7011209542884034,-1.8487372547567493,5.630362940225741,0.3099637031555176
0.06762683122378021,0.08667790556606203,0.24568372082550438,0.6959614753723145
0.06830221598357422,0.08640791138875592,0.24660869716043365,0.9240841865539551
0.06852893653892345,0.08789568493567668,0.25235954318411447,1.2966997623443604
0.07011543913703022,0.08759205438516648,0.2557327455727576,1.6004893779754639
0.07092671456940014,0.08812458823885017,0.25988089873394404,2.0199761390686035
0.07267982583790022,0.08794651231199602,0.2643160907489913,2.3667328357696533
0.07195538936067614,0.08926314941500912,0.26681812763386126,2.6813814640045166
-0.6667585039637522,0.36185636094033047,3.72137470757249,3.0033621788024902
0.18275953902099662,0.06255603157312173,0.7035419993937546,3.2955377101898193
-0.0557121477576521,0.9784389112909269,1.0302532418548545,3.5702624320983887
1.8989850788457394,0.022567759420077493,3.811437753009002,3.9574995040893555
0.17185992860433785,0.06583573808775434,0.646733410015229,4.3531248569488525
-0.03295991658439856,0.3983379419305235,1.9839614915220753,4.680643796920776
0.1831526618645194,0.04682677878291397,0.6709359711085073,5.067050457000732
0.18474357607179748,0.04735521776735574,0.6816865764581297,5.415343284606934
0.18635522165704987,0.047847304136710456,0.6925497346995203,5.806146860122681
0.188112784801592,0.04827591011044685,0.704245376474256,6.183879137039185
0.19280253500268252,0.05138916090022505,0.7397945143347712,6.4672932624816895
1.945311971273659,1.1062189378497411,5.280978314014543,6.804916620254517
0.2019910647786869,0.05247208966257144,0.8003163733388063,7.149367809295654
0.20376551206974192,0.05332658489617881,0.8135426220865526,7.53122091293335
0.20587462320602157,0.05353180902030541,0.8275747922430077,7.924877166748047
0.20614742786370677,0.054486966618683574,0.8314371202031108,8.286153793334961
-1.2096361304212162,-0.7552452904389657,3.749760182580964,8.7235848903656
0.22913993179694092,0.0645576127115568,1.007125068586082,9.147736549377441
0.2287852917662443,0.06572510886171923,1.0078252316691478,9.549720525741577
0.2264768571471576,0.06483412954911483,0.9900644596556193,9.819684982299805
-5.12,-5.12,52.970862745157184,10.169636726379395
0.4773836504907374,0.5248167508227928,4.481115962380812,10.568415403366089
0.1295824350086887,-0.012557907988184347,0.33360329019267987,10.974043369293213
0.13007885123857932,-0.01350743709689528,0.33651636881247715,11.381948709487915
0.1313889944668567,-0.01638344260828717,0.34466596861371934,11.7578763961792
0.134841625749881,-0.01793985699529088,0.36279224629363704,12.23985505104065
0.13367850262693626,-0.020238694246252464,0.3588366017341045,12.647382020950317
0.13416021778534404,-0.019748946385780286,0.3608172077758528,13.010887622833252
3.5265790029129684,0.4356071457004296,16.531863781570294,13.533544063568115
0.05218884164917803,-0.02424801553025535,0.06817836758549589,13.983367919921875
-0.028242224374609215,-0.6356566045743994,2.078771734380669,14.387430429458618
-0.11063510883743,1.6724329009263101,4.509610829981513,14.811635971069336
-2.059029507663483,-1.798623999931864,8.24186384350674,15.287145137786865
0.027757360356011063,-0.038547612059889325,0.0466141182214892,15.749109029769897
0.031220559118307456,-0.04453006064703047,0.06102301787134434,16.180273056030273
0.02987533956439581,-0.04663720880868372,0.06326086881824033,16.67038083076477
0.02585662490108387,-0.04644835578586548,0.05827890075397002,17.061859607696533
-0.9401840602775637,-5.12,27.43917584529196,17.59275794029236
0.02639701089473956,-0.039272952085709356,0.04625287916872556,18.072574377059937
0.02414887457850412,-0.043213580640135696,0.050575154434511105,18.508390426635742
1.801454925145725,-1.093638194720608,5.291726551145009,19.061848163604736
0.026320441853564525,-0.0464738679259975,0.05882716914841324,19.55061984062195
0.024586609976848806,-0.04775492563209571,0.059472890765902786,20.009476900100708
-0.5201133654276138,-1.2279939317922475,4.632684130120447,20.503281593322754
-0.5316388211291709,-3.0902293768450004,11.968908373046835,20.970061779022217
-0.038687328357406514,0.06384615547865469,0.11436198044287238,21.478227615356445
-0.03917932283521264,0.05248097148171116,0.08831255247235192,22.076590061187744
-0.6144115986291405,1.1502528405505874,3.8666347694293366,22.581568717956543
-1.9747371112390981,-0.08436504764999242,4.05650951729098,23.09835720062256
-0.037283469023662086,0.06684941292130464,0.1200944483917542,23.57156538963318
-0.036236888306346415,0.059083623465010504,0.09873136428000973,24.075840711593628
0.5267572513963534,1.3512541920648706,5.683404302200842,24.624316453933716
-0.4376008134382463,-0.3372007077917605,3.7502147841937536,25.096917629241943
5.12,-1.151462142837664,28.230968256183758,25.669545650482178
0.009731751822998902,0.1009029145614253,0.20647558192748072,26.298995971679688
0.011155229177314041,0.08817427940464295,0.15993557755344223,26.86386466026306
0.012250362348962263,0.07035721401467843,0.1041918995951433,27.454652070999146
1.8012484545099854,5.12,30.413459611763734,28.181986331939697
-1.95826084102481,-0.8592413419419964,4.9735294790384525,28.77195715904236
0.012357768552814008,0.07992874141781314,0.13303197804687739,29.36717987060547
1.7460063949469236,-2.230128212754563,9.922566143234473,29.93576216697693
0.014057075466920033,0.0906251017480999,0.17009158112530975,30.588953018188477
0.014991953852930173,0.07873474094004784,0.13074837575320497,31.272892475128174
