-0.7203644235953455,3.5587550186784336,324.9595908953012,0.2916409969329834
-1.0552503206865733,0.32889520520293214,154.7529537270898,0.4958040714263916
0.9439050789620937,3.1976693169770742,84.9721572913573,0.6860899925231934
-1.9235704745435038,0.9091656468980034,31.686682770637375,0.8718078136444092
-1.9202623442907294,-2.8286893702630818,76.526822145312,1.0786330699920654
0.8748960126960386,4.363262570735022,214.4474374495773,1.2725589275360107
-1.9523567950637375,-0.18841806717430742,70.55961275869132,1.5077762603759766
-3.9390770741175087,-0.2831677518433091,143.5232913631313,1.741201400756836
0.11827278828922072,-4.754096914848502,146.40608987731707,1.9797217845916748
-1.90271151563365,3.5829734254336936,221.28207972730465,2.2455761432647705
-1.9443054387532355,-4.676871559340928,176.06226605484795,2.6056032180786133
-0.9905944693218105,-2.9881335503232616,10.362613900796646,2.8642525672912598
-0.9890044579750104,-3.9848212729961396,17.54992079803158,3.1115057468414307
-0.9846793438736468,-4.003718859002684,17.48962200389242,3.388347864151001
-0.9761678898661952,-3.812915998573622,78.10057014136946,3.6772818565368652
-1.0214697122384164,-4.016923749330033,18.652398444554777,3.9574761390686035
-1.022418343319326,-4.018355735330382,18.84728243994347,4.284797430038452
-1.0236059314530292,-3.8530663753684813,56.66560142887877,4.615047216415405
-1.007614590640908,-5.12,54.44725445272769,5.023040294647217
-1.3610394135389692,-3.9799701978772895,182.72771454002793,5.396901607513428
-1.0035168513963235,-2.5994525746241015,188.89200632888623,5.915515661239624
-0.9926676773488481,-2.9906710376368713,10.207347667666554,6.390055179595947
-0.9959575826772085,-2.995142994434683,10.04162961540483,6.961441993713379
-0.9985194575193281,-2.998813878534556,9.997029665527961,7.4915595054626465
-0.9982430079228086,-3.000197445915375,10.003844244060431,7.901501178741455
1.031028668544673,2.4900209134414863,208.96115758196,8.26778793334961
-0.18939173176483237,-2.9778255946088374,72.70479745429353,8.623730182647705
-1.0035773706057434,-4.058882193741002,24.273051269293603,8.982285022735596
-1.2745614589314558,-4.060669978279542,140.66292435909216,9.511049509048462
-0.9968880400298721,-3.001680323764673,10.028559243284022,9.889742612838745
-1.1159405906258764,-0.021379197530581706,27.52767456438346,10.310216665267944
-4.4844574139464495,-3.028963360157787,230.45982268293596,10.733763217926025
0.8240461102257992,3.9429408328782367,77.71966757388702,11.099106311798096
-0.5339211578349428,-4.022852848172903,215.2348350709879,11.749657392501831
-1.0032827084334652,-3.00054299772022,10.031687039419822,12.340421438217163
-0.993935678000545,-3.0015742621673436,10.074832248668955,12.827701330184937
-1.0058238653303606,-3.000019223259864,10.07874052583665,13.410121202468872
-1.0060786575531573,-3.000167302223852,10.086181020623059,13.916508197784424
-0.9916303312146892,-3.0015839383413745,10.136033073665246,14.384520292282104
-0.9544762634118475,0.010660480547540097,5.1983423981542956,14.885213136672974
-0.9473956018668375,0.010036003283544481,6.509141200009893,15.404631614685059
-2.0697985281322304,-1.0441471576940096,18.660289351092032,15.851884841918945
-1.9547462818983905,-1.1306290117648348,40.94851009023678,16.338073015213013
-2.1244943440253006,-0.9201265229114686,46.75619301433811,16.80647110939026
-1.8839309399290438,-3.056932034514451,44.65887178792498,17.279236316680908
-1.7521984667813348,-0.008122600020024962,101.81917633858279,17.733571529388428
-0.30637629397004584,-5.12,188.0975466425875,18.218306064605713
0.2805308132282889,-5.12,172.4618736644154,18.781569480895996
-2.1235178270607746,-2.9944580879151945,42.17061126965089,19.28407096862793
-0.9733541949201792,-3.089534309153315,27.30163683832137,19.89462375640869
-0.971233705503054,0.011669071112054397,2.841071023523,20.376304149627686
-0.9409764053733358,-1.7804231085091153,91.85440055765096,20.945183277130127
-2.0657961375502727,1.0713119170935386,23.710907668026152,21.480417251586914
-2.1512060417428818,0.9111152284753858,62.4878499900291,22.059235334396362
-0.9841030272050793,0.012061670178018069,1.7540628572173347,22.605700492858887
-1.8820237340180115,1.1216020485228135,58.834504247649306,23.253865242004395
-0.9932302470262586,0.011334394102424206,1.3305645449314483,23.784159421920776
-2.2275796719891194,1.254075773950249,195.05486018805692,24.398218154907227
-0.9978834628823856,0.008493305032346576,1.1470434652116808,24.980212450027466
-0.9987152815487335,0.004392039155603378,1.038783978387002,25.6114399433136
-2.2792348667987956,-1.1674070506578658,175.2268475010655,26.173341989517212
-2.001406939305062,1.0055241527606293,5.080846509365088,26.80922222137451
-0.9984555597959099,0.001598865351566836,1.0066704394863137,27.425294160842896
-0.24218741439988456,0.012912706025754339,95.48094740172859,28.039411783218384
-1.9998886425920968,-0.9997503321982677,4.999202829430658,28.667279720306396
-4.131118651979228,0.03909743013496936,52.12922580102342,29.296644687652588
2.4355507155078753,-2.132999375183594,235.32508064301123,29.92946457862854
-1.2268079210497844,1.002449319941217,88.00130748610303,30.535330533981323
-0.66247544522541,-2.9738597992050977,162.891497082245,31.143914937973022
0.1390000004809,-2.865747393009587,77.52385515789611,31.86916756629944
1.0367007206216723,3.9319423122072132,28.186345129134864,32.51087212562561
-0.024225003940182788,0.40931428149050664,185.52543617595757,33.14634370803833
-2.317778158376307,-0.06182365665779255,154.13683518179633,33.92970132827759
1.2360286233031887,3.500919336256925,305.01533014786395,34.61537981033325
0.6306876153006655,3.1059570797472142,199.53836174453818,35.32109189033508
-2.2166241547636343,-3.3295548176920193,243.1121242794278,36.035735845565796
-2.29586520303596,-2.8071851275769095,206.4096720810225,36.78617739677429
0.04952111958064975,-3.1733419677064862,68.54955499353747,37.505964279174805
-0.9799553601472608,-0.007153560020288552,1.8534080841379676,38.25810742378235
-0.8946312866079857,1.3978180515044558,203.9692556253077,38.96754789352417
-1.9937426649470882,-2.974710938803867,14.160933251640515,39.79044699668884
-4.760041502211179,0.04957791884120777,121.16810735171015,40.68558120727539
-0.3409341551808396,-1.7715641317800355,243.82427906983588,41.5043568611145
4.034365882278029,3.940805408972335,40.96549169142452,42.428712129592896
3.969939815172622,4.199916643920337,104.22658377991095,43.32522702217102
-0.998247148486409,0.0010616933850009502,1.0047882656533744,44.191272497177124
4.085212022412162,3.6957338791302385,177.7806771613936,45.068989992141724
4.269769016030955,4.038129575126818,149.7828543647747,45.958168506622314
3.8397065609923873,3.959766981694771,80.17438222609248,46.81272912025452
-1.286109952204621,-5.12,177.4660120011416,47.713061809539795
-4.9984742205731285,5.0999384064084845,70.07427064124009,48.6220121383667
-5.093619250092255,4.703266064402402,193.81673351675965,49.529985427856445
-4.607788115865649,5.12,252.47897473195897,50.4844651222229
0.7934960572283236,-2.7105385811503786,205.527289220685,51.55998516082764
5.12,-2.8526590202860813,101.3333073882817,52.60627555847168
-0.9982212258299015,0.0009602795756658011,1.0045122522921446,53.529775857925415
4.492262579973638,-3.0212964544467633,230.08441964127059,54.50556445121765
5.12,-2.262639472935078,166.37034447629182,55.50100803375244
-0.9982174850515069,0.0009547651886796515,1.0045102244425408,56.36686563491821
-2.035741820901573,-0.7747031176360046,91.79629044819721,57.51439046859741
5.12,1.9481663024768885,62.36957471475877,58.57874298095703
-0.9863948597877741,-0.03935358512064724,4.381150077147609,59.597285747528076
5.12,1.5786079933943462,243.8582044891933,60.748464822769165
5.12,2.200400845709911,127.49723139905247,62.08041596412659
-2.535519691179615,5.12,257.2663227465396,63.30502009391785
-0.9986759746710119,-0.000110046496907934,1.000837967499649,64.61076736450195
4.675332782592007,2.0069074814882466,171.19322898643412,65.84254360198975
2.826574633039601,-3.9805211905499815,78.30374190112104,67.11382818222046
2.8902534677254215,-4.410296662641661,235.18406326766535,68.15954375267029
2.777272211822334,-3.657000943778778,259.19908916043164,69.69967412948608
-1.304635156965547,-1.5991501588677943,319.1317768800541,70.90560555458069
-1.281013110454603,-3.13074073598998,162.69086548118577,72.08134365081787
2.8083280355437577,3.2918973320633897,208.9114772800097,73.2963387966156
2.923876199859593,4.432179282907714,230.4726134430232,74.5358510017395
-3.4852983744461046,-5.12,265.03850639399104,75.58102416992188
-5.12,3.0261177505711983,63.8183911695625,76.73438954353333
-4.802071101688316,3.1646009683568783,149.8181315102098,78.02667236328125
-5.12,2.720372415722185,179.22619271483472,79.22383546829224
-5.12,3.3041649044906274,197.61468519518942,80.46674942970276
-3.940526824941978,0.07999758111056288,34.803757769677105,81.59924912452698
1.5417389900146894,0.8699292744710849,231.29223762116015,82.72311568260193
-4.043746740559152,4.91017176736958,59.72502269016111,83.93145227432251
-3.799001000980829,4.801669374016794,175.28676790484687,85.14678740501404
-0.831321679226015,-5.12,105.10721885992666,86.29427909851074
-4.207387416484632,4.692637793771069,248.53391069795077,87.42099833488464
-3.996950675370001,5.0850367611602065,55.78912456075446,88.58030223846436
-1.5535491947816364,0.861218528492901,233.21771008033824,89.7704508304596
-2.020156110073713,0.969262788812288,7.680496269077807,91.2875280380249
1.0260990698763397,4.023357802756309,19.656849591428198,92.51888585090637
-5.12,-5.12,106.63507451571792,93.88579082489014
-0.7279989606167616,5.12,167.62719564714007,95.2395977973938
-5.12,-4.589552099674453,258.9647782929169,96.39176559448242
-2.991757531232957,-5.101464264710126,54.75211938546241,97.65165066719055
-2.7579868910564747,-5.106105534234846,150.07474359986287,99.00483083724976
-3.0226471301183255,-4.8389174676421804,80.55506642157408,100.5687997341156
-0.5680921637326346,0.15057527886532895,232.8462717710602,101.89667677879333
5.12,5.12,106.63507451571792,103.20972990989685
-2.042148496965191,5.12,60.974123273507146,104.58062386512756
-3.1279252794415937,3.02117105498385,50.395685158874386,105.96679091453552
-3.127691842188131,-5.12,93.59532590231652,107.39387464523315
-1.037630668348858,3.8836353550531895,44.500181085158474,108.80690026283264
1.8631881185785266,-4.698452063077779,192.0991760660798,110.21778273582458
-2.9317687509899257,3.2224796922125885,110.82387066823325,111.66568231582642
4.8962850848375306,3.435366458960858,248.13420663443796,113.1311891078949
-2.0414796350391913,-3.825489103484622,76.50642196187096,114.56381344795227
-1.0378956331828348,5.12,57.216103638878835,115.98537230491638
-1.0379318264433826,4.8000699519457966,96.0011818907689,117.38904738426208
-4.0202426883932425,-4.930833606211494,50.578754427121396,119.07750153541565
-2.041293126512767,5.009792838801869,32.80107867249782,120.76438093185425
-1.9031299989121182,4.925996707169845,56.46219239046408,122.2926549911499
-3.1821095195192033,2.8660461276520293,110.34231690673542,123.71243333816528
-4.019847796522825,-3.402365343222256,210.2781483675859,125.39206457138062
-2.038003320953304,-5.12,60.30831500647007,126.92919421195984
-1.038520126885456,5.078253193535141,41.62768558891757,128.54525518417358
-3.0461528950914287,0.1766448911733347,69.00972451384715,130.21247053146362
-2.0378762065297376,2.9647036671917126,18.209977406835534,132.0552260875702
-2.037946055411938,4.071972687886718,33.61497694983167,133.8421425819397
-1.0388391888491997,-3.9791407961132066,20.733262702622966,135.63913583755493
-1.0387149908729612,5.12,57.340518191301214,137.71875476837158
-2.037956119663497,-4.614337171231323,203.5615532196236,139.74304032325745
-2.9131062585893117,-4.496402990126376,243.21586013666553,141.69207167625427
-0.9671947392378284,-4.916590566656149,40.64649934270493,143.7016875743866
-1.0400513624113232,-5.12,57.54895873390754,145.61269116401672
-2.058463300295916,2.845504776131227,62.5350499423069,147.81788277626038
-0.9649660103072994,2.629162650093474,179.09392858316113,149.82342267036438
-1.039545202298446,-5.12,57.46920584871482,152.01609802246094
-1.0473674508710156,-5.12,58.810758923080314,153.83473205566406
-3.111429163754295,4.677699836148498,198.9671547052027,155.73047876358032
-0.07662579586450491,-5.100135093995061,56.533219225524846,157.8809323310852
-2.1013344702912518,3.0496281789209734,38.13223370050497,160.09544134140015
-1.9329925034946753,2.9989324536930413,21.465071637969373,161.92053723335266
