-1.9684467719507515,0.6335055442147652,173.0675420321015,0.13759732246398926
-2.868421338241542,-0.11940806402071669,67.36285236158166,0.30344486236572266
-1.9386463477641303,-0.7100266366125085,136.45407501627324,0.5079243183135986
-2.9100407739954752,-4.702749348533079,175.39192370045004,0.7762291431427002
-2.9261056337568636,3.3192658592226243,172.3258416059748,1.0967161655426025
-3.075348516996606,-0.9870047792666341,21.76408499568109,1.305854320526123
-3.247496783377128,-0.41519713426729155,295.2830595840108,1.5032932758331299
-3.0173186226628665,-2.013605604217117,14.115457470437804,1.7359204292297363
-3.0848966961659303,-3.4662943508977793,233.19041396239982,1.9605143070220947
-2.922616553140124,-1.6565280440278984,178.28664637591902,2.181401014328003
-3.0786248460215226,-1.764008964568557,115.75528441197027,2.423980951309204
1.4393077788983621,-1.9811737758075534,199.51211062517785,2.6473007202148438
-5.12,-1.9788437734300492,58.115558950598114,2.8876590728759766
-0.2942036217529589,-0.9742707040919534,129.75789714395287,3.1274330615997314
-5.12,-0.9144749339089691,68.24800429167804,3.482138156890869
-4.542575782331742,-1.113393665823705,242.64307642869767,3.708691120147705
-3.302612376262643,-2.001979100414693,147.38143527421732,3.9498860836029053
-2.8343316755133943,-2.053364517335372,67.2762998475748,4.1910741329193115
-2.8683814884223136,-1.0430340364390656,45.23900886774261,4.398169040679932
-3.1313194773746336,-1.13832289181701,78.70214905412217,4.616986513137817
-2.8930752977753498,-0.8541821961108704,69.94709119073826,4.848867654800415
-3.027275928878707,-2.2132151928389607,92.62033116109572,5.116755247116089
-5.12,-2.240955472771739,152.65963289980635,5.396693468093872
-5.12,-1.7261760362697869,171.21041905560497,5.662003755569458
-3.0799670156436485,0.047825997877460225,26.328961240316943,5.955205202102661
-3.0089288014445894,0.2614167369291671,116.44651482805523,6.3833606243133545
-3.347515687476165,0.08627090089248135,183.0569155219785,6.654651403427124
-5.12,-0.6481586289540529,213.44822369746527,6.966292142868042
-2.790874102350047,-0.2112815933884633,158.3448067149269,7.277083396911621
2.485871007048006,0.0010176746980938844,205.78780798253086,7.555580377578735
-3.085890949186038,0.8715518453689421,55.332202924155524,7.806582450866699
-3.053728756040312,-0.30597934495153734,149.51535360981285,8.119696378707886
-0.10864113530798569,-5.12,75.73659837559067,8.428362607955933
-3.074768222788293e-05,-2.54359130631813,202.7423997737565,8.720391988754272
-0.21018967671154254,-5.12,128.60817909103042,9.007663249969482
-0.4608733713915436,-5.12,250.52326852031237,9.304574966430664
-3.0959476563300425,2.4458380541595055,227.4602429455374,9.737868070602417
-2.990308240356298,-0.7764519288836178,93.18634920404094,10.039495944976807
-5.015262128259294,-5.12,78.92982967747795,10.353673219680786
-4.8829853752174746,-5.12,102.99306941615025,10.63389539718628
-5.12,-5.12,106.63507451571792,10.93414831161499
-1.6941059239455818,-5.12,190.58934035623403,11.235797882080078
-4.926813260203913,-3.070461252107807,53.73020002142795,11.539991855621338
-4.884494414324171,-1.958536612375624,56.26793945653631,11.839285850524902
-4.881865100373304,0.12091268212701678,77.65007338647547,12.146909713745117
-4.890299222171155,4.20505344058128,136.55960825040006,12.451380014419556
-4.822470379181959,-2.671885446027531,233.55187478984143,12.760401248931885
-4.978674693724075,-2.0769254328504756,41.45224149173437,13.077067613601685
-4.969333885207742,-0.663235103872089,178.84020385015833,13.48134994506836
-4.995768637224979,-3.858656617852434,76.792507570253,13.773205518722534
5.12,5.12,106.63507451571792,14.128891229629517
4.879288154433161,5.12,104.53503000841037,14.534372091293335
-5.12,-0.05352308158309782,58.922040313412964,14.816727876663208
4.589006104248091,5.12,259.14227309978145,15.112403631210327
5.12,0.8969516831182514,74.3609232733986,15.459491491317749
5.12,-2.7901196476475967,136.16050820818901,15.888394594192505
5.007575068499828,2.222827786174318,113.14003053924252,16.32223629951477
3.060784817600749,-5.12,69.89094996759665,16.771896362304688
3.236782507700739,-5.12,155.4990459377131,17.201621770858765
0.7324267661379675,0.8861580883516043,136.8505719692362,17.743869066238403
-4.981792130188043,-3.700265525624912,169.90689878328544,18.16978430747986
2.9377547850144294,-5.12,69.4988432779099,18.57739806175232
-1.1330195916551906,-3.076789139350066,55.10625815245491,19.02993106842041
3.0835455032032923,-3.118260713211798,59.055408502052444,19.506019592285156
2.9631098695028504,-2.160896110256313,63.01731968123445,19.902057886123657
3.022146314879488,0.05902442997812063,16.9018696098925,20.326658010482788
-1.2997306653709382,3.0441945374547066,145.52779813712564,20.77213168144226
2.842000973854933,5.12,106.75455964489304,21.192641019821167
5.030801062060536,-3.002284487343727,36.199804872786146,21.591792345046997
-3.8232695122026112,-3.891176916566015,107.81047662874786,22.01434063911438
1.9881528880162191,5.12,57.547209076100955,22.56269645690918
1.8646345397178354,-4.061936568211958,61.494573348509974,23.025418519973755
2.0978214933321064,-3.214907260734708,111.16664309050655,23.48564910888672
1.8305722601104346,5.12,108.1783904825296,23.946007251739502
-1.5867815606907119,3.9081401407313825,219.4895592178995,24.373294591903687
3.005741872351039,3.429356912943022,211.16996956756418,24.803924560546875
-3.4102982316784805,-2.997710913520153,205.15979764113158,25.274205684661865
1.9657636873179358,-3.870584229412934,52.42858308287413,25.809674739837646
2.6873272094072833,1.981150730909274,150.21581446770892,26.295660972595215
1.9680869943114736,-4.964217637300122,33.03715221011204,26.758805513381958
1.974064163870696,4.448870725483743,219.8982351110976,27.3403582572937
2.9944267239803652,-2.2378691803654456,106.42131549428372,27.861984491348267
1.9091503838875568,-5.12,72.81684176747694,28.439898252487183
-3.9638272768625153,5.12,71.60117306119714,28.986879110336304
-4.653829930310258,-4.9125330375429535,217.33111669289218,29.572038412094116
-3.9759088909706737,-0.7506208750045316,117.12461838885315,30.183409690856934
-1.1228658836257863,-3.417700188693619,228.2144492580823,30.929810523986816
5.12,-3.9762288581670826,70.24125912409498,31.5561625957489
-3.7525968812338064,3.559284071223492,318.26119154271544,32.25358319282532
-5.107147089266677,4.881936388417375,98.01045009104105,32.91282868385315
1.7906852132372544,-2.191459051135843,146.76473437811205,33.647756576538086
-5.12,-3.9716956160092285,70.66912308864735,34.41467070579529
3.4390981548004786,-0.9113439753027253,220.54325181315923,35.19691753387451
5.12,-3.884333246686129,93.67217816646604,35.90303444862366
5.12,-3.0781451465788274,74.60635623388481,36.580081939697266
-5.12,5.018016949592631,79.13810276722734,37.31075048446655
5.12,0.23810780903655804,145.9090997206606,38.067320823669434
2.1653084788077672,-3.062504984368274,70.9435283557809,38.76454186439514
2.1695225624516015,-5.12,109.58633817199267,39.45400333404541
5.12,-3.0960101250126804,80.55316516948835,40.058812379837036
2.0579034342350644,-5.065976710783535,44.91457254616928,40.730342864990234
2.0639489915713067,-4.9245546527029305,47.50213245458403,41.36004066467285
2.0683862985523698,-5.12,66.686006688195,42.038264989852905
2.0451167553314944,-5.12,61.49116372969229,42.829118490219116
2.0273450731250957,-5.12,58.900043196037416,43.534279346466064
2.0126410222664406,-5.12,57.68351892055135,44.246307134628296
2.0015307246174006,-5.12,57.32828759305093,45.000436544418335
5.12,-4.932965399084413,86.39141249578857,45.75971984863281
1.9940496570032575,-5.12,57.36365294293206,46.49793362617493
0.17941154519371594,-3.949819818374368,77.65047321788042,47.26006627082825
1.9856230750511692,-5.12,57.66796038044052,48.04003977775574
5.12,-4.781194851760487,156.70231529535175,48.819586992263794
1.9949084820684382,-5.12,57.348363791912604,49.62126135826111
2.069309502165022,-5.12,66.93300052806535,50.50446844100952
-0.7170108962869834,4.9510039505557755,150.30741955717068,51.47348189353943
5.12,-1.3812594550856145,228.6616983773089,52.43393611907959
5.12,-5.032479771646536,80.71853224267105,53.35258460044861
5.12,0.6844866944914143,193.79663492642206,54.407235622406006
-5.12,5.12,106.63507451571792,55.36096811294556
3.284604012080046,0.10172221454038777,152.10947998083336,56.3048996925354
2.9897534274726505,-0.1261937620905922,38.98340573164447,57.32000374794006
5.12,-5.007948399941373,78.52176503806012,58.31460762023926
5.12,-3.9509454059824662,73.6399731606334,59.25954341888428
-5.12,-0.052702257411951337,58.753019386879316,60.197906732559204
5.12,-0.12244902713284844,81.49761679299814,61.27349877357483
-5.12,0.9536356132927866,58.4402858259288,62.29693531990051
-5.12,0.9642637909287002,56.75761681592269,63.2794406414032
-5.12,0.8751581006339242,83.30255347943495,64.27822089195251
5.12,2.8449706805054245,105.21829506251235,65.27659344673157
-5.12,0.9936986811967925,54.38334181261537,66.39761447906494
2.838201312693501,-1.8805304394000455,85.84211278571324,67.45787453651428
-1.1626816167479204,-2.794895103766497,129.17492890492633,68.60096836090088
5.12,0.9979131828889516,54.321963897101625,69.62103819847107
5.12,0.999600458515479,54.31705343805503,70.77501487731934
-5.12,1.0088758600215666,54.49083470474757,71.87043738365173
2.213399603364004,-4.101340343900835,118.52175849893335,73.15858674049377
5.12,0.9995340315432442,54.31703412850061,74.36381959915161
0.27011758287708076,-5.119996002154511,165.99535719161378,75.46395754814148
-4.802292604343419,-4.10724171030956,129.5186118393449,76.58941769599915
2.320210924078819,5.12,201.39872219432362,77.7745418548584
2.903193513363024,0.2738044546123124,141.3398273679746,79.13781905174255
-5.12,1.0063724209390479,54.41046848253002,80.45726704597473
5.12,0.997034771100541,54.328970952647126,81.60387945175171
2.6441592067857,-3.058297890324228,184.68601884078248,82.95970678329468
-5.12,1.0005815902606274,54.319368449156926,84.30066871643066
3.390717098848037,-3.2235309808470425,282.67144218001425,85.44939994812012
3.175603350843679,-1.9309453192026784,78.0180551466824,86.5993971824646
-3.3864658031404398,0.9792552684162592,188.89233385288745,87.91539239883423
1.9877417030536586,-2.789588788676986,87.4107374571236,89.10841345787048
4.797741843206489,1.0872937448393536,109.3196413815548,90.29863262176514
1.967924867388076,-5.12,59.21419897236079,91.43432760238647
1.967917078069287,-5.12,59.21514811118608,92.73553419113159
-4.778265410553138,1.049862311597881,111.13521167350588,93.99232387542725
1.9681656025752385,-5.12,59.18498084856945,95.27734351158142
1.969288965798536,-5.12,59.05160493361856,96.58798241615295
1.9715987242096649,-5.12,58.79274661783437,97.87140464782715
2.006052667695445,-5.12,57.4140900177666,99.16249489784241
-2.8420510133688865,0.7497724913566408,154.11608374407504,100.56787204742432
2.6087186435156307,-2.167905647565231,239.7429265640476,102.0752432346344
-4.333817473625395,5.042112499074093,197.9483784928117,103.46200037002563
-3.6299823811972507,5.12,234.9570893623239,104.8474977016449
3.0453326584898557,-5.12,66.62074287626542,106.42306423187256
2.016951192459472,-5.12,57.95228559601988,107.89471054077148
3.043823658830614,-5.12,66.34944897773974,109.43854928016663
1.9546436376073641,-5.12,61.17150975693322,111.08251214027405
-0.8058656424640533,-3.0021863858124354,75.28694551748993,112.76994562149048
2.0208499985513413,-5.12,58.25825312892751,114.24363994598389
1.9493484190650916,-5.12,62.13915323289636,115.85150194168091
1.710192859786332,-3.67214875389924,288.14894567567234,117.57889246940613
2.0418857469270097,-5.12,60.92997054127531,119.44318842887878
0.010288878232961096,-4.330988758598742,167.68530243252394,121.15046811103821
0.2993155490326247,-3.5841257801724593,329.78047082056935,122.74272203445435
2.0419371881153427,-5.12,60.93859403592258,124.42021632194519
4.773199048610919,-0.3645914039527325,274.32992077546305,126.04655838012695
2.0417747445103576,-5.12,60.91139671192178,127.63855314254761
2.040359483386019,-5.12,60.678706593959944,129.24887561798096
2.0388969001990915,-5.12,60.44628307410156,130.95056676864624
-4.610619688452719,-3.197378035486035,275.8193592986699,132.61394047737122
-5.12,-3.0962419585873757,80.6373271291606,134.4468913078308
2.938388636510534,-4.723376797637713,154.99418110707077,136.2484109401703
4.7155572218748825,-4.047290417630799,164.47161065055073,137.94463109970093
2.035137777983051,5.12,59.88656772951755,139.80521178245544
4.735669714960289,-3.224170625454207,225.65573888137618,141.78622126579285
5.12,1.5399048994696036,252.56200325040672,143.51622319221497
2.039149749396593,5.12,60.485878488001106,145.25664591789246
4.6278664316953355,-5.12,244.16044192606384,147.14998626708984
2.047507392481256,5.12,61.931888171588994,149.07659602165222
2.046153934397031,5.12,61.67971612441457,150.9971444606781
2.044766077564864,5.12,61.42833524127258,152.8717279434204
2.0433247106448915,5.12,61.174999640140626,154.903254032135
2.0418035525227687,5.12,60.9162125875375,156.75403141975403
