3.9198714010119557,4.043559974951669,1.3894398449347776,2.8983364154220768,0.18197442397724117,0.3780921392660934,4.303768343809943,-2.96631619493819,2.7522167886905162,2.3737002054014136,1.0669763612190426,0.46740965935223144,-1.324503015856156,3.667620526378397,3.4130002235995613,-1.8633994530293156,1683.1341875494352,0.0019176006317138672
2.8492368339382512,-4.191184832897786,-2.5978321412519287,2.2590125509559567,5.0966790391320425,2.8137253950352585,-0.98189905664759,3.0357021078118587,4.900505383946304,3.2162426704570732,-3.284125969491244,4.480059062422627,-0.36723268481580096,4.262913145462467,2.8206427970960037,4.490009366158646,1618.6519754617714,0.0036535263061523438
-3.38332834131431,-0.5173471356719181,2.944338158543238,-2.480786269411912,-0.6800328220941294,-2.6845726912319705,-4.476844899029865,-0.9761667463845374,2.824086843496185,-4.08305270044724,-2.548394105116367,-1.4934789819269527,4.942903282702404,-2.457950791527937,-3.2663989157754383,-4.135460223113281,2019.4658943528443,0.005419254302978516
0.16302121935516745,-3.1447166424075634,-2.185659516050742,-4.7070724740038825,2.5024916956096392,-3.225561114095625,3.7192296398921902,-3.9861921156373405,1.2748371393135542,-4.430932714486228,0.12491198996054287,-4.862832652615512,-3.2860736746109738,3.7208120255911146,-4.231050834064551,-1.1674177744817218,1599.9195250392813,0.007094621658325195
4.998092630508176,3.9783343073698054,-2.5697856035357844,4.778250481393926,-0.6199221838770184,2.3235932432714224,-3.6256616273353677,-3.0305972898558737,-3.52788340517691,-2.691303989216959,2.527774558549078,0.8403628560959069,4.608908606916688,-0.037798823658828695,4.18448087033605,0.5492993416180489,1942.5556378568642,0.008774757385253906
4.188508432973447,-2.603108122229323,-3.570990915795327,0.236734318326838,2.2592406254574326,2.662451924722127,-0.9404999839557862,-0.06220698417310189,4.006329145699543,2.891961446318917,4.180345849209874,-1.315508294446384,-4.488817419436551,-3.222971246941599,3.508914237491484,3.7085024297468214,1775.2545901751196,0.010520219802856445
2.4064363345702375,2.4322598932052193,-4.553786381473929,-3.777243573398186,3.5761575577478775,2.757746889772797,-4.645907771893187,3.693310255004799,-3.247072739661914,-2.6035455494321735,3.6537072420510404,-2.6118052344980534,-5.02800965536866,4.498365770058011,-0.0953965411665827,-4.695096296495881,2402.327848342457,0.012212514877319336
-1.7249918378217064,0.12255515004338768,-0.7266591332260681,-2.0772816648453425,-3.896531999296959,2.7653277036118125,1.5758686358209113,4.167820441108016,-1.0196866538021654,-2.1504840385151924,-4.415497487416109,-3.1326528183154743,0.015171502503544154,-0.8842503035589395,1.8995556452503939,4.285530331072345,1156.9357907010804,0.013952255249023438
3.9896942398701585,-3.8267743007066413,-3.9503624892384757,-1.9513937638495595,-2.2325159696610077,-1.6269426183498177,-4.094909457008209,-1.5603457428482188,2.4908359020836013,-1.7979223649468468,-1.8615406166881026,-3.6928318448380444,0.2404642937143251,-5.038767653886679,0.5964163698720331,-4.0997944717630626,1417.3023225009294,0.01563286781311035
0.7293979250227913,1.8183915511001123,-4.934736913244198,3.555935586012704,-5.060161891258994,4.361810369474552,-2.56044955363248,-2.405476335989202,2.9660929853596896,-2.571763663925254,3.3580291656855676,1.8543754652585873,3.8100592341478565,-4.0178802506987825,2.0034216355912946,-2.4516636590602805,1742.7666476495353,0.017376184463500977
2.8805308364394007,1.7430392765713583,4.965712314771381,-1.2733531867167307,4.212750043441502,2.6562709902247024,2.371828297018456,-3.1055877995462366,0.7131841183412462,0.12222744692017606,2.879515410116359,3.8285016020550033,2.7163675504765656,-1.9361644367733861,-4.533519516810585,3.453165632919659,1569.1603221907235,0.019060134887695312
1.1618949229762725,3.2393759921377976,2.3016383865324617,-0.49498952958498954,4.534306578429171,3.1698564868451475,4.911933434378702,-0.9442863020821548,-1.4217082259183549,3.886898405542797,2.28774030258179,4.996385092120355,2.3208074270241434,5.069043543920935,4.217753600427597,-2.3789350693690015,1658.3533256965077,0.020755767822265625
1.6917297436946672,0.6323493789110737,4.195156979540154,0.027173581998511054,-1.9334586872275334,-0.2687438048086994,-3.92712393445957,1.1418250494220263,-4.722742680293111,-1.7594634447733921,2.5027207305290586,-2.457185701660936,2.0475270936292658,-0.08515077085148892,-2.8508594774577474,0.02249089435319096,1297.752495704533,0.022536754608154297
-0.4107221103328209,2.9810037906951647,3.69949670761721,-4.2725739928414,-0.7866372887469835,-1.1311128789253808,1.0477997758967748,-4.405801515423499,0.9232269254102574,3.5265848182398214,4.0653184477055495,-0.5765323825763176,2.580860431685749,-0.2371380370711238,-4.557972996880759,-1.7887985785904466,1807.2551468138322,0.024227142333984375
1.481575499833534,3.2582631686761223,-2.8584616960540186,-2.598946678005171,2.90852108494206,-5.085621932228981,0.8769788342833991,-3.42117691830697,-3.3143837772912956,1.3275565774155451,4.484684542475576,-2.6570001500944347,-4.306894624385743,2.146319957802862,-2.7045879729792235,-4.5305949652822095,2076.4078747643957,0.025962114334106445
-1.238990121239222,-2.378680776773859,-1.5094862708845387,2.2415121209510014,-0.28734367719065634,-2.0313658194904676,2.870205191507619,4.70722400544162,-2.2805007737601644,4.591626559256187,0.4077579402718108,-2.290457158715114,1.50170792653984,0.9749103494897371,-1.792286686124796,-3.919232964327118,1844.9962047069114,0.02764749526977539
0.9514032121334637,-1.2725043991789202,0.8965086632727344,-4.289091044940269,-1.7591592925697266,2.465549227124626,0.195437782860008,3.6034633038101243,-1.1436775461308812,-0.06956604370329789,1.0820925346957821,-3.4775199208279544,4.010465643519416,-4.306991943533376,-0.768293641056883,2.3840958995518946,1558.6514876981926,0.029373884201049805
-4.555079101769053,-4.2179216504547945,2.3121158735164062,3.2339066867541613,-5.115812573295707,-3.8859837898502043,3.683067975008556,1.4726946157810872,-1.4545573542146637,3.6251545374783314,2.1336074360988144,-3.2680091068047794,2.569094640866064,-4.6521700322983,-1.7287883107883393,-0.21185827841223492,2113.4307198717506,0.031069278717041016
-1.8534966254324234,1.7087290945413756,3.9428470527342894,-0.3746166550242549,-3.6173327989268373,1.1862443063230872,2.360639398105075,-4.801625939516645,-2.5194224159091343,2.6917781341866878,1.6219060441852573,-3.480470075845627,2.7251039891774553,2.4535412947439914,-4.483271763961532,-0.886137168585706,2178.7294948528447,0.03275036811828613
-2.0815584211950404,-0.7633413329102456,-0.9805360235454366,-3.620011319030932,-3.611280281320614,0.9517838031618586,4.1483477680737115,-1.3771733951699758,-4.026278206230221,-1.2228661076709675,-1.5075148350233172,-3.092923986593317,-2.0012855145872215,2.0211321892126364,2.610757973776197,-2.137605261733414,1285.8945652301647,0.03448009490966797
3.3856563679731595,-0.3883851381591352,2.691287861564777,0.41112136257111853,-1.8032552590531106,-4.915426180726056,2.936385262102303,3.8526823408102464,-2.8108907213708103,4.1302554420109105,3.8367640358615356,-4.873881085987843,-1.1888983437894107,4.9774168678620105,-0.9396215403554091,-2.182500220416675,1268.1953116106474,0.036138296127319336
-4.863417167145387,3.400024715967322,-4.361997537589678,-2.5575077754933497,-2.651087036287615,5.046293046110661,-4.8892291685443885,-3.3954821506250266,4.068236132976446,-2.8880439239059466,-5.065978241780175,-4.487785742983224,-3.8458224596616013,3.4952711504306544,-2.1099843050848195,4.401905645543489,1877.7278454547063,0.03787684440612793
-4.297258143711181,3.2242245374397625,2.6836829421033848,0.020239018425311173,0.1477986253617276,-0.37989830381214595,-3.5705853857709267,2.6766278848678065,1.373610184906223,2.9682135199006163,-0.23183813381809681,-5.061980057743912,3.189409069290387,0.15180999362565206,3.9828946556336744,2.3303877657968632,1548.327655644657,0.03956007957458496
-1.9147740449133432,1.1639194772531978,-2.4047777013055027,-4.734412199353919,1.7556042958863252,2.3627695682393393,5.036647617336395,-2.19772721793582,-2.608953811469904,-4.301408227860087,5.072687989721987,5.10401571752629,-4.687063756856079,-3.243155298909496,-3.1621926150441624,2.2403096252167245,1599.3224024983895,0.04129362106323242
-4.047526930699731,-1.6532788702387604,-1.1727053257218794,4.143910413237246,4.123963898905186,3.726258516523594,-1.6526197818934332,0.307944147005073,1.3314204150287852,-1.7312057880319598,-3.9760040949358357,-0.5080941968292514,2.6702237907818533,2.2265464274756726,-0.2862697178619822,3.449879322731017,1818.8300522365025,0.04297947883605957
-3.3120590827321585,-2.56461574811639,0.6786710793230801,1.5670797335413713,0.6830727633087212,1.9398845773146842,-1.3721331377342842,-1.0333089766542862,-0.18148908052233104,-3.8881412567149924,-3.632698110056052,3.754488477046494,0.5488358584321915,-4.672185580471664,-2.301020341336301,3.5156845239028334,2113.4962561037114,0.04466843605041504
4.302545136176415,-2.9813203295362425,-2.602858805108405,-3.905173851044176,4.208511032519385,4.568779957054885,-0.04987421960784566,1.35642775923659,-0.6792522294075596,3.5586014372910517,4.154103245236921,-3.003119482842835,4.362376332359603,2.4341049471743927,-2.5621024188128487,-0.5048196274055261,2051.6169588677863,0.04641079902648926
3.863897075768194,-1.5211967204668584,-4.59827932874171,0.989806690171191,-1.9065126015714595,0.3926410160442222,-4.448815734596138,3.107301371120305,2.5864325098662313,-4.903913483973479,-2.08114883765647,-4.1179672357057076,-3.182601864095703,-3.251498197842662,5.084785510016112,-5.003737544065764,1439.0557629140349,0.048089027404785156
0.6397225136692608,-0.8925709321567483,3.0903407631280873,0.5790809917063813,-3.8108426984870745,2.6386648354157582,-0.709333765030765,-4.064828963246621,5.118672669878692,0.9978407417546187,4.614877378914101,-2.290157536896739,-0.7630689333399463,3.6909090236063813,-3.7080054226801975,-0.45642072835435954,1758.442234295702,0.049822092056274414
-0.40932312307882324,3.073626421579454,-1.537542530455759,-0.2713134987424519,2.635067065780074,2.9084056381786665,2.615920018237164,4.943489486591077,2.9523620654438814,-3.5284513421714196,-1.003362084475822,-0.940563722922791,0.4131777625364439,-4.848739926710914,-2.5214249376282405,-4.087130069921701,1647.7344564332586,0.05153250694274902
-1.861213650788672,1.2188664788946948,-0.6677301602436172,-3.675273084504206,0.43683346284655133,-1.676129630882877,3.613900319622082,1.236837916610706,1.0596578431245174,-4.668043864720385,1.1012472669389766,2.894298472378309,2.434052565998414,-4.554217349973553,4.656757935946838,4.924722866066095,1905.769424369476,0.05324196815490723
0.07750545174708989,-4.054048483870614,-2.2203280000474495,-2.5526754151471707,0.4584474676655814,-4.849346345851609,3.4597300212680056,4.081267456167281,4.198043729350059,-2.3527404540916765,2.596611415907759,-5.039721032596116,0.8689248721873088,-3.3668073975366974,1.040446195107048,-1.572903439273146,1697.5457733634955,0.054935455322265625
-0.7159039982473683,2.4876145277666506,1.2589915405733914,-2.0025280102221545,3.4810257547911005,2.0679438155829937,4.666752336414306,0.5944501520804906,-4.952168412692596,-0.9159214531115509,-0.904219390132126,2.355193637650679,2.071491317944833,4.146356132149026,3.3832701742804128,-0.15102083874015637,1545.642811943758,0.05661892890930176
0.33875676604973304,-3.955400424114954,-2.3771061614481352,1.7899643976634314,3.7121404645479084,4.915195072882162,2.906836973804544,-3.2053078741315106,-1.6618809163691144,3.7323047570047274,2.2599916501625774,0.7624792731029606,-2.79239147206126,1.1988014904000623,-3.228064138820889,-4.16993898931262,1512.9105491986295,0.058358192443847656
3.678405845471329,0.6129345633640719,-3.194468574141583,2.034386262279999,1.1616861029042216,4.996347205281594,-3.469992262678903,-0.18172375785601513,3.9070241547950397,-3.1273990224722406,4.85697229095548,1.407112815414746,-2.4193451712184557,-2.345378161258454,-1.539447152971423,-0.20752415706062521,1705.0115019332013,0.060033559799194336
-0.9186667214196058,4.5923242530380515,1.5972194027112554,2.0011310908922155,-3.6039873795955883,-0.26065388961260805,-1.1604080803432266,-3.8567036456718586,3.9557070492625703,-0.06300663509949622,0.10681687778588511,-3.4304668845198396,3.6319404434274594,1.1379633592462746,1.569441389051316,4.425215402742546,1677.168900944726,0.0617825984954834
0.7289509112549144,-2.1887099840585376,-4.248983605458216,0.4855682630600038,-2.687414083897234,0.5641721088487932,-3.6763807381908906,4.2294492433300475,-4.906208817589612,1.4010917797675289,-4.805411586593474,4.0267600705975175,2.2432719763498374,0.6780853584712245,2.9111832432019,-0.5476164624107991,1894.4129509532613,0.0634911060333252
2.4861721746001724,-1.0888091046105721,-3.3083264832478174,4.36506039461434,-1.4041603399490867,-3.548118124404402,-4.142091707545737,1.4780680361289873,4.440209976807615,-4.423609357487899,2.9649151335517123,-4.469111529457864,3.7062537130959763,-0.7388710966699126,2.89484395193604,-0.7422521478572692,2235.823587559395,0.06520462036132812
3.2746314289656526,0.18942752452560452,3.2035460078216813,-4.652333013536288,0.0184466267294896,-0.02172480872302618,-1.0162272086070425,-1.958566594910296,4.6676399105571695,2.935447106104202,4.505113933232715,1.7417861662827434,1.2354595284155199,1.544610627200722,-1.4035334921380156,1.8663504250528833,1488.2887754738488,0.06688141822814941
-0.2394142145973035,-3.1914787032881744,-0.4024962204435143,-4.259546960660235,-2.4255360713164573,-2.0970958359708622,4.376128185893124,-3.2039715264738016,-2.914718286871832,-3.042659707980748,2.378355251272458,-0.7523576265964156,-2.214687122899829,3.0587970238614366,1.495970204247766,4.070670642698052,1603.1866533055452,0.06856513023376465
-0.08698765099641026,3.56960160642073,-3.9884545704853176,4.860580933732243,-4.951295378510097,-2.1705318616069196,-4.080905901550268,2.134279425488497,2.245863161399332,-3.4969307354953907,-4.452366748540153,1.5921138258360568,-2.753068650340981,3.369424610596149,4.558153969247123,0.19102988828488154,1726.532078696186,0.07030129432678223
-0.06365880853081762,4.570824751694981,3.039085088506078,-4.761524919195404,3.1469716837680357,-2.387448922276545,-4.9104955282455345,-0.395347235289651,1.6484608995567154,1.0126520022447956,2.1726691098791404,-3.9238401910719483,2.24427436392597,-0.39664858384014234,-1.8720198948356988,-4.928965786104209,1394.5904915726953,0.07198548316955566
5.070182105556499,-4.873407957044691,-1.6734479708711816,-4.127630044906433,0.1164681909834222,2.187688936687752,-2.7810163205205933,-0.22821349598843188,2.4922902129422404,-2.644277789399585,4.583992957624781,0.753174360205346,-3.856704645051688,-1.8315215476463793,-1.972174721684933,-0.21649084624406623,1424.9733258715028,0.0737147331237793
0.6227379667810915,-4.980965961007858,-4.617364967880414,-1.645496420750912,2.9111084293830354,2.474139586743984,-0.3474953201636719,0.05309001687371051,3.0910108992851564,0.2498862543449798,-0.26532783573016516,-3.533211279393125,2.556969227879647,-3.1861673459952065,-1.017836150053241,-0.279341673275165,1785.1601996117859,0.07539534568786621
-0.7040858363918483,2.9449598091582105,-0.7206501522479387,-4.576450713878813,4.7473617223153655,-2.243963781669708,0.09004001980546938,-3.028561477504647,-1.102124975819046,1.4083968950191688,3.055612776814299,4.429433992103834,0.1152875795216266,0.5667171145067318,3.9804360076783967,-2.1783441974861497,1450.746900795332,0.0770871639251709
2.761757242711698,-3.8914396447934836,4.653956922618947,-0.557284786604118,-4.084234309477342,3.1284809434392296,-4.521565103142992,3.299869949828568,-1.3426959572263315,4.261943700391202,-0.15782095692201725,-0.4499743138481369,-0.13835783976734017,5.031057809075686,4.016506352180698,4.088052339239309,1576.378760567996,0.07878327369689941
-2.364891664997163,-3.0736779485819996,-1.2267615116172244,2.348601247260384,0.7365045868129005,-3.73647614584557,-2.509239522848986,-0.7927849436147643,-1.6062036804667077,2.4929795644065047,0.40017621591920793,2.5162813895790697,1.4927840617182575,3.3201978374189887,-2.737247358351388,-1.0872744827243146,2215.202413171097,0.08045506477355957
1.5497271523132046,4.416098341750316,-3.1835701498530646,-4.752304219615028,0.20221091029045724,0.08426311009724152,-2.227493685202787,-0.06611557836996962,-2.609608322736978,-3.155328724522813,-4.450001854446926,2.1875218323626937,-2.9618974687930217,0.9162004622428626,-4.1894928817076345,4.6065706620528895,1603.2123386344808,0.08219742774963379
-0.4262772035700566,-1.7069526238290806,3.603040350446043,-3.2861975961425376,-1.6908588106256497,-4.562784463324797,3.5400690225287397,3.6222914725187314,4.630936572411183,-3.9591398270333658,2.1491803790226722,0.37912947508108985,-3.0852715014048995,-0.680183162016192,-2.03083153300329,4.771150751740811,2100.5700983915926,0.08387017250061035
3.044371677527283,-0.9166414060534205,0.7401604986263326,3.1328705575831686,-2.4245587027931297,4.633483030637115,3.180776517031558,2.1722740705813344,1.3460785138845663,5.05101450167757,2.9078415326051923,-1.3558463251460826,2.9165026454674754,-0.640068106592345,2.597030964054359,2.5108572039246484,1644.0998410838458,0.08559703826904297
-3.4320167289594177,-4.105883939421323,4.894413714275234,-3.0637720859874613,-2.0740125343411018,2.86319136512573,-1.1041075061728192,5.118970927157373,-4.222102052194312,2.6111299661380905,-2.32181299747294,-4.258547512124977,0.8075120233815518,-4.223645984424865,1.819043299209138,4.22519346663779,1322.5828356404559,0.08731317520141602
4.997027478740342,0.2008993553717593,2.437942891223339,1.4999536583014228,-4.788346894623761,-0.21371627176619157,3.772429364693351,0.3078799761341591,4.7820282502289855,1.2763237561676757,2.476278674497504,0.7209863865537729,-2.0629412597717436,-4.6687726006126,2.620188761348885,-3.2562646924648138,1929.1996788272786,0.08902239799499512
3.16115190409415,-4.9478043052585665,-0.005665963448339362,-1.7140029695946675,-5.083316819695743,-2.6425964180697608,3.102943467775094,-2.6985013810469307,-4.9048559242156085,1.178361133417388,1.9075119825667208,-3.552156316792309,-4.344928285208436,-1.8494331023024557,-3.363531326386254,4.368197305673049,1499.924094426429,0.09072422981262207
3.4977180806426675,2.195535723311381,-3.194151802834038,2.678202123110789,2.614372511371762,-1.6062287125391204,2.320213272108864,-2.1018778797567674,2.8858111846174106,4.786844539758692,3.205337591500782,0.19239678190318799,-4.176250369130215,2.906533069463678,0.5696981988145593,3.940075827146784,1637.1301814303422,0.09241509437561035
0.36982273104876207,0.47803338050336563,-2.149490404498627,3.687179118135007,2.840653732614369,-4.629041320363164,-0.2722915758990343,-4.916548995828865,2.1977715809311293,-4.59081163790417,5.007094048557549,1.119127367445067,2.1260228095530067,1.2840488015792024,-2.790342067705454,-2.3363853741569307,1689.4723088551143,0.09415292739868164
-3.217108801847324,-0.3671903588183234,2.0163094183030736,-3.424449060552009,-0.8197465412969569,4.8682990217928195,1.9874364674020324,3.617773914771935,0.7852832046334584,2.9817512959573547,5.019772558133638,3.160757695380309,-3.6985901877076,-4.342565837802551,1.0699250836930085,-5.083758809022182,1308.0365643812102,0.0958399772644043
-3.1802344856413036,-2.5479782287226063,0.12143658270461799,4.078440229758026,-0.7416731114523945,-4.556636784869682,0.9405597506513992,0.8867998228272223,-2.8579320388814193,4.340370714085208,4.222640578591768,-1.24501953402241,4.758264595273045,4.688314433276207,4.983495643452087,3.9056434504142024,1431.1273536270771,0.09759831428527832
1.8538677029588806,-2.7788106093922065,-0.5919333274769114,3.7400130283210524,-1.1370053724017444,4.346561355178493,5.1073900764577695,-4.3973762822914075,-0.2917177382120748,3.9018340688812616,0.9635150289021386,-4.836345407087841,4.97420661178841,2.4625016356341716,2.5204670175517583,4.200174959153487,1652.7712273877542,0.09928536415100098
-4.490405130444184,-1.328416716090382,-0.8319084499899878,-2.988672571723783,-0.06248761672153691,0.49671290317942507,0.8862137457020465,2.7619017962107355,-1.5748011179086658,3.5884282447336036,1.9581668348092522,0.42228942110555145,3.66920401999507,-4.9800501099867045,-2.314399866993144,3.955442791693806,1700.1293871144767,0.10096096992492676
1.0699465306635112,3.063216138216009,2.7999539823570654,-0.7771332137630083,1.7232229050384698,-3.5952700128544945,-1.7984546429991504,3.119117905461775,3.908045853527338,1.3763283262137795,-0.1778450271838352,4.47399760914844,2.090927668284565,3.4706822556735775,1.5400231139220155,-1.5592555046668206,1718.4122375837244,0.1026926040649414
2.4066912945764125,-0.2562733452638719,-4.170029729976677,-3.6567320376477026,-3.9477142927907414,-3.267691817589142,0.4422875791862406,4.1481315758053965,3.06935193803377,0.6411430183486857,1.7724221123750912,-2.8180213155187173,3.168627589728751,-2.3262437188786254,-3.9204290163109974,3.323157549721423,1658.474077743057,0.1043848991394043
-2.494776020397398,4.556840142147142,3.9596370784383614,3.740458590194371,-4.814597745930221,-3.7804847669712056,1.4061973798436398,1.4047239620617002,2.6087353490740464,2.2863893190840194,3.4413223289690107,-2.346589450107732,1.2553459179365598,0.8761697719597654,1.7993609338581962,2.784569495255006,2081.4369171113067,0.10613894462585449
-1.2390167454274357,1.8396892896547392,2.595534171462057,4.888842323133921,0.09669821910661547,-4.758170535827693,0.7302384111475657,0.6345727530998735,4.461040749926611,1.2148718076275644,4.26250392824753,-1.2910312060009477,-1.4214518972806234,-4.273694284742192,1.5542638218582363,3.294650869010895,2004.314236943456,0.10781693458557129
0.6869908787082828,-2.614798044331186,4.225365707091044,-3.249710754181568,-3.516843244070352,-3.30539614329877,1.6391755191740343,-4.207136567734755,-1.4979077538483674,-4.216101723408177,-2.0992216740071044,3.104484405944084,3.1192659887977863,0.2175917149643194,3.1582404663229076,1.2077250422457677,1748.0737753759881,0.10955381393432617
3.978575666244626,-0.7854597716164342,-1.2441765573385979,3.5387604668059796,-3.294831453392388,4.934954423177268,0.6983295748199687,-4.424318727272444,-4.034894631574202,1.4182417637252422,0.5628265742293355,4.55352874709162,4.091286786712444,-1.146026806200136,-2.477808491535719,2.8880623705221558,1840.8776479688622,0.1112375259399414
2.4712843167922767,0.9580634469143741,-1.4078220672318995,-2.7571348656273935,-1.5689489718199847,-0.556830024155401,3.7940230651413183,-0.4128991025270192,3.620004911113088,4.3528687849229835,1.6277990601380337,-2.1944799150328795,-2.2928431625531625,-3.02801900624888,0.7393787192292098,-1.2535396639061656,2119.015762887292,0.11292743682861328
-1.7919498898677961,2.2887867440913485,-3.910032739550278,-0.5507866391162537,0.13188202006730876,-2.9094458644150403,3.663395087543077,-3.425295012420107,1.8558539503985036,-2.527873997495157,2.3564012821114106,3.2495388335088444,-1.7714219319597277,-4.3616773580992945,-4.3264092710165425,-1.0344980184587147,1821.3866397422184,0.11467123031616211
3.3246856508864413,-4.01458826393109,0.13506604637116837,3.079416773215862,-2.6959326995039676,3.740281568731498,3.81530343397941,-1.1930955930491112,-0.6776623093298602,1.8789984345471558,-3.99061681134478,2.409484696044106,-1.1481605114527,0.5702496846400766,2.117915131762137,-4.496068626171449,1495.0056034670959,0.11641049385070801
2.2095732194170914,1.1549065369576468,-0.5172307163702206,1.1447396124630993,-3.522594405173463,-3.1004774247399562,-3.0826518039552306,-4.398745719442436,2.5581616088393346,1.1918304224970724,-3.1580830396802626,3.3436146711403056,-1.0434262460515988,4.567516676084076,2.4634188921624185,3.311071108282941,1883.45545998402,0.11844205856323242
4.7793453061935205,0.5461114272197207,-3.340859744855515,-0.634734325605514,1.5528394252214204,-4.775594323860932,3.0553937465014362,2.1292768166268674,0.2717539254842256,3.7476508127359827,3.77280148723358,-0.024321270964633435,-3.219125326811282,2.6480563473397227,1.0041416670591339,0.4083123741310679,1760.5930199065367,0.1203455924987793
1.3270925731829015,1.0548787389664183,4.2376109472089185,3.171876355816761,2.8830241007278845,0.9636586753107528,2.897558304497518,3.848395800592992,-4.409830975599648,1.0498128399698103,-4.959785921410263,0.8896646048435004,-3.6936896728896533,0.1553531665726915,-4.738463536162424,-3.7925246218905473,1122.7350482590662,0.12235522270202637
3.05825928042266,-3.6734762674680246,-4.2630285904067495,1.2299461082731362,3.4522345806387795,0.9628914011792036,2.0035285556157385,-3.617149488533654,-1.9219918485641476,4.515382697723225,-3.688038523913905,3.760794525112787,-1.3928974752212722,2.4494654175113535,-4.899419158283232,-0.03159127434836417,1714.068946161294,0.12417793273925781
4.463752187066995,-0.3854834104166578,3.069719626183594,1.6247073874827471,-2.2022809297902524,4.062279847193245,5.055484786193207,1.7897815615779527,3.32310320395285,4.103583196297882,3.5286823134478285,4.4143871122711245,1.9820592960227543,0.5297691133165401,-0.7834273092067212,-3.1778631449058876,1752.494626033652,0.1261129379272461
-4.89666326711311,-3.968819549244281,-0.26925901026137744,-3.1831814655826176,-0.16936923514734126,-0.6509572249408189,-1.0065743051566018,1.650643483716303,1.9403976395565872,-3.776669959564569,4.079996724690123,-0.17388898883585746,5.0084319896641185,-0.8536332043574237,-0.8438599408567109,-2.5119960240758763,1123.7733318912026,0.1280505657196045
-4.415728996740683,-1.7118628158748463,-4.587488058244713,3.4958355322398083,-1.929974193527367,3.2924943219737033,-2.5740635590183203,2.48275953883787,-3.46723455190547,0.42513201065891515,0.36451086749054884,5.077813063709075,1.8240887378696629,-3.4420873842369732,-2.4241578784961013,2.1517061803390156,2410.971582345118,0.12997221946716309
3.938078835828036,0.5987948100117855,-3.821107448014658,2.6978478830336803,3.8242040551435563,-2.740761955763259,-3.1037433583261222,1.6687757789186914,0.12065719865348701,0.11642756171156066,-1.4254207739292424,2.9783623286565506,1.3742616523317732,3.668253953950196,0.896014908777456,-4.844580618553547,1458.0796925201341,0.13187646865844727
0.23254085923210344,3.0619243675071095,4.131168670284551,-3.7590575070734253,-3.879081159637619,0.6709377830649714,0.2238936784947727,2.336855356603956,4.43538737553829,1.1677756263836958,0.5945968451934114,2.265142512987932,3.7458089278803195,-3.2810270357111344,-1.745696231097798,2.8564391075651816,1655.3440989506742,0.13381505012512207
-4.77112016031275,4.139990032287398,4.2270504905415125,2.0522113063133336,-2.661251345136315,-1.889627063421206,3.8201947037796513,4.39070301622557,-0.6280783389844578,3.596347143809198,-3.8553763020148093,-4.0788181051354595,0.06656051855896994,-1.3844720718916452,1.8313866653591742,4.331232200985519,1585.4358821725002,0.13576340675354004
-0.8701030890212547,-1.1921828872859104,-3.1393462505140652,4.971254230075652,-1.9712968357874439,-0.31881994440275996,-0.9181544577396865,-0.8565034941219194,2.1897812253883933,2.883607348830057,2.3108693173130375,3.2739621068046896,-5.115074700624767,4.836525386219088,-1.633369953114138,-4.965809223646069,1059.7604737220108,0.13782763481140137
-1.0318124712848116,-2.0670313220008354,-1.7012378830101231,-4.102981371934322,-0.8144339956692539,-2.669312522373504,2.4508593503591447,2.459569150319707,1.6626194233249079,1.1588820176732257,-4.118148501759664,3.759692117732837,-3.8078708257356517,3.6354208878809926,5.102423910851564,-3.2978238902733468,1605.2761737206622,0.13969111442565918
-4.84246932716472,5.006220370029324,-2.3540056602628687,3.5955167241244554,0.44441153325859517,-0.9725500878091289,-0.6043195314467278,-2.982162700539447,1.214109894606759,-4.290660241786495,0.23249350709934635,-3.2855052763554338,-0.410507190068242,-4.952225841654435,3.0704223773361248,1.7728691742280658,1607.6828165274565,0.14168882369995117
-0.625038208882815,-4.124953787613297,-3.0247009936454567,-1.771944748239187,2.605908233943069,-3.7451396065337725,-2.69446208477708,-4.370284026240497,-1.357294101781386,3.320089251753603,-0.27528762759772274,-2.9218763827621532,-1.2594627327953223,3.305767384851431,-3.0411541836429294,1.0248465978037657,1670.5676315785577,0.14353561401367188
4.629607860788618,-1.757165127156365,2.617021888299515,0.12778751932052224,-3.756751488917745,-2.6350038379552823,4.417686446232627,-4.575391192542116,1.6801327855828259,-5.076463032116238,-2.7933490676737285,-2.72373000971928,2.503168477237354,-2.774416620637432,-1.244785522833669,-1.1906671860235511,2048.626701162723,0.14553189277648926
-1.162013395325702,-1.6909113333890473,-4.5600656631847265,3.059236331185173,0.6264446140849458,-4.403093488221838,0.3911496994797341,3.84638756811231,-3.1608071779633016,3.3984739672574014,0.791142517276346,0.7903685044092938,-2.4294550988819568,-3.233292107207384,0.19857336538214287,-5.091754674848569,1831.2500460459476,0.14735794067382812
-1.9775603525164849,-0.5673544051907244,-4.484060584311135,-2.8009430161147653,3.9519485184970593,1.3552898327193565,3.278477847401443,-0.5587080582273583,1.7750199627720944,-4.778538610852625,4.5457734336094235,-2.209891598565673,3.050139345399926,3.00727034458519,4.369517777022373,3.66413506663548,1862.4286857872667,0.1493232250213623
-3.730591224536007,-4.379941267223578,-1.8418340601090524,-0.9202219434976318,2.072831490396636,0.2224289550465013,-0.014019665529668046,-4.12032524396272,4.815013314343228,-2.1233204132632997,2.7618059625491123,2.8734441157176107,-1.6088955190692245,-3.898439357976499,3.9414988891347695,-2.061836160669547,1025.984144042956,0.15107965469360352
-4.659264767887785,3.3289634837881836,3.1128477217483637,1.2041448625044735,3.2598187851509595,3.4065965326452323,3.222668914464001,1.9376494412597696,2.9652319761546524,-4.462011722816479,-4.205280677738236,-3.405896750998341,1.2212162712505776,2.513170122503764,4.276971857558734,-1.762282109987554,1890.340335065006,0.15287399291992188
4.924711040031286,-3.8836666659357637,4.375593799256461,3.228012365395233,-1.9995630024366968,-3.010047462623322,-1.8882762758898166,-2.4036431630776187,-4.848408108816914,-0.3796704045312014,-2.6448573333279497,0.013516136121142885,-4.289584680698773,-4.366149122226057,5.002531472699867,1.4503583129952604,1549.326959763382,0.1547691822052002
-2.576063768668009,-1.0763969499676298,-1.7569927109699193,4.07468794161965,4.228035250906864,2.8505572256851908,1.4195597874460137,-1.6133945200281339,3.5652179575153626,-3.570196910537473,2.0457532526343485,-0.8069034799776196,-1.5567808955931972,3.4608483432291495,4.513450077372016,3.156950558072414,2016.4079334880723,0.15652894973754883
-5.004576924754371,3.021329281974226,-0.4558314452176093,-2.2559758344488237,-1.4205220645332126,-4.438696393782647,2.4579910312669657,3.604854341277684,-2.0111586244863786,-1.7041261101619245,0.40970956564326766,0.5587305772431508,0.11548089396874062,2.158729811485422,2.013099880962373,-4.847568163650294,1796.8290293052198,0.15846800804138184
1.0376882025361631,-2.336502721358666,-2.4920937898285156,3.898429528295156,-3.6434106033877107,3.39110872249318,3.8148351042677637,-2.979244536008574,4.056098247427189,-0.4289059834804805,-3.3128611471447367,2.118159454125622,0.29077270623360807,-2.324522314564459,-0.44388530241956925,-4.976443496105361,1740.1008740778698,0.16021943092346191
2.762274581069665,-3.0026211080485776,4.061864578818791,-0.26226890294234284,-1.331197452589369,1.0715573276678514,-1.5289889285357439,0.40756276127824265,-1.7489402165775396,-4.978497962260608,4.2846013215179495,4.929007339253492,3.4739052427398347,-5.062410819522365,0.8861536244563588,3.0446385535515583,1372.675714453782,0.16203570365905762
4.782357129577414,1.153365411392131,3.197458341089505,1.591811675759569,-0.9916611299968698,4.1042218472234255,2.2277550276800824,-2.227005052773148,0.12607069983653307,4.1715938518062705,1.9254472263112055,3.9546073443654963,1.4211188375019175,-1.1204462861974451,2.0955187924917107,4.613599350418974,1202.6854139696827,0.16372036933898926
-1.851268652006865,4.572385615848435,-3.439572561145517,4.9422847808286425,-0.207050182206304,-4.0814336545707155,-0.6793841170370616,2.8209406824945304,1.1214677385346965,1.0697611994153409,1.7941671116243922,1.3980306903509474,-2.3370594387913246,-3.215868613416804,-4.645041042245741,-1.5626523828386025,1723.1830082832048,0.16546201705932617
1.2181733835264978,3.9455592937227193,-2.5394753398420797,-3.653904205845316,4.051368243666411,-4.682549643608457,-4.301389433528665,-1.5954068878408925,-2.4228658990007608,4.528763822613013,2.3450695141372933,-4.743400707066054,-2.743687717024315,-0.3054728766747674,-1.0249622302494075,-0.8212093903567865,2003.5169838808406,0.16713404655456543
-3.055393999920841,-0.11955191634231088,1.2702920092864325,-1.0091357871105586,3.022237958260674,1.3959314508980007,2.079120461413562,3.869533530845797,2.0414328074038712,0.21084661640544944,-3.563261806789688,1.0318108973521483,-4.965398104672978,-4.2565324932489865,4.914730974917847,2.512101773219813,1096.9611100951279,0.16883158683776855
2.849276658339277,-4.849740726366789,-5.108921636889697,0.826393920948016,-1.3360854611085111,2.9808926822113504,4.457135571057534,-2.0667799779033587,-0.4521053622579725,-3.7777712034255124,1.9710200227494141,-2.785262017089377,-2.322986776949504,4.631266819273107,-1.8325017108106447,-3.3559040059976573,1559.5337632998958,0.17053580284118652
3.5028524707517947,-0.46219815991842594,1.4517198508585425,2.081013486649052,0.008734317171623651,0.9114101861471626,2.9943879806907256,-0.823379093210522,4.60514639884646,-4.635596741914494,0.11734442317694693,3.4128146086559683,-3.7865026209267496,1.4668987958455215,-1.4440171761287508,-3.0198310356258284,1813.4649942574333,0.17222094535827637
-1.4428123194402547,-1.020567915434265,-3.0282409421468284,3.8616805888065118,3.618563589304622,2.3770042421331192,-3.069706686240765,-0.7236609108816561,-1.1858888807045371,3.039209325541603,3.9225830923793277,-3.1898113752038473,1.2123696664012993,4.738396233724553,-3.28319594581542,-4.192936755005935,1354.8397737670186,0.17396163940429688
-1.684005574784591,-3.9870046465302957,-3.831498968722707,1.2466389512716445,4.02987607838086,-1.600511417048378,4.6341251050332675,-1.670490105829776,-2.0052751024186426,-1.0043365501660508,2.0940462999912723,-4.049495740103944,1.9738080867083623,-4.136342084746488,3.071339464857666,2.3938996284656326,1172.6125532052213,0.17565107345581055
