-4.2168356737961945,2.2275720108567763,4.265596991104137,2.0519908608961117,-2.680864402778413,-2.26049403662568,-4.0218899001750765,-0.5363318939401109,-3.243500031652771,-0.582985060744992,-0.9560460023017985,2.744872136587883,0.46036856803200354,-4.243730306065864,3.477177299077737,4.000750077167976,1748.4925625080807,0.7365565299987793
-0.4923512137514203,4.168143292655517,-0.7113343867240269,-5.12,3.227294222764489,4.996407677350837,3.5802479323166567,0.7323691904551266,2.487978674812955,-0.010575947100408989,-1.6968499833801305,5.12,3.203183330212407,-3.5444496475154805,2.3575710718086063,5.12,1785.8282358549063,1.2471473217010498
-2.84341875057096,2.284592708410858,2.275893180595559,-5.12,3.5730171277489626,0.7942589654057235,-2.455806250706359,2.224500946010245,-0.5001046730969838,-1.674690779411006,2.6732085281159605,2.1404914514888205,0.12737358415687794,-2.2567169019555475,2.6397772742962786,0.47146116999173504,1973.3471835110308,1.7738187313079834
-0.2666277272640576,3.192572042108405,1.5038199884070957,-5.12,3.02692769983038,2.4354543254874024,3.460135855365139,-2.967022575740997,2.9684280812417585,-1.31290473637115,-1.6225915175867778,-0.8064013538164856,3.7706106113510964,0.058012698554218645,-0.028416584912028142,5.12,1423.2808993477151,2.359571933746338
2.5263256558469367,2.590497864134183,3.40728961116982,-4.912732503240135,2.9400797977694646,2.0890742569182006,-1.2305065686219274,-3.2910853423762134,0.8309807961884657,5.12,-0.09715895537391717,-0.8750362190339036,4.6532598983070494,-2.6156940537805293,0.7011335125586804,2.9286342701452286,1553.7391981019696,2.8252227306365967
-3.7668357408814153,1.8873251315819246,-1.4275545944086692,-5.12,2.6178432984035167,-0.3961532575811919,-3.475800682041637,-2.938030619173741,2.2472258617206124,3.450574595339723,-4.621438690288952,4.2786522776101945,-4.029192855460053,-1.731349832682465,4.434384782049491,1.5491196399727576,2145.562782551691,3.5043976306915283
2.4616577028531808,-0.7182639869274796,-0.389423804300268,-1.8519711537712196,2.7404295186810756,-4.199248659254999,2.1174853484835356,-5.0308068309585146,-0.6999558002236332,3.3915864291095064,-0.5466839459426902,2.3045683711153666,0.671626035537547,-1.9604113915841719,0.7837831531254027,4.1346013393966805,1742.1491103364187,4.293513059616089
-2.502054659995342,3.6874778685976226,2.3017370596918703,-5.12,2.753801729898501,3.4490196224838447,1.5441929259273,-0.029689402855111346,5.06440869664593,4.4872306004577736,2.8801454870858203,-0.426942652551042,-5.087824094967469,-1.7342396693575233,3.4156760986258385,1.6055247202101794,2072.6534229006625,4.974620819091797
5.0561461739962,1.1022523761805898,4.232578489783729,2.1933720455103467,3.120903278119701,0.45987606482161514,2.6506067954915853,5.12,-3.5308673300452678,2.847240049334329,-1.6976839387011973,-0.5715831246109824,4.193144083016629,-3.0806261517318765,0.17539011580773245,1.6721941878542506,1579.0899284278348,5.6080029010772705
-2.570582524834886,0.644767183042525,4.430808493877339,3.8769918133270993,3.8280747295305497,-3.878361223101405,-5.029409254553049,2.8878531053834875,-3.2707465938563827,1.5249448577878182,-0.117301266645641,3.048040001968894,-3.0787669115196503,-2.878868873055584,3.134558817196152,1.8760454293972977,1279.8391566291823,6.350606918334961
4.354467414119475,-1.9293624691267888,4.114595413943797,-5.12,2.5981191613915406,0.7710848992286481,3.718953885768941,1.6982738878598926,1.5939283883225688,3.3944659958877734,4.104047671768327,-0.9651643957063385,-4.202890515058982,-1.8885892576181305,3.866205617522554,2.8346166411840557,1470.1259936703382,7.0367701053619385
-2.3999050615508204,-2.2257113920210405,4.105519992271746,-0.583088152488795,2.4210772302105807,2.2842446781465604,-1.289704166926608,1.9137617158869293,-3.194062007339553,1.2460949728454906,0.9161440824708018,2.078195841300733,-2.457405726177323,1.1669073777667673,-2.957973049621402,2.707894361515872,1571.253607471937,7.716581106185913
-3.1660762914103797,1.9791654846158595,4.071799970352678,-5.12,2.8632661031548254,2.4823810863683207,-1.8028791300606035,1.3219209788257658,2.7317780841137207,0.9976589326373411,2.6839966375267448,4.5284379292344985,0.7749500525315831,0.5805001222787176,4.302857003352659,1.5686163118774248,1712.3999733791866,8.578896522521973
-2.7517541730188726,-4.754829333422705,4.278341198132492,4.252914265453414,2.0184838150281257,0.30857541029521407,2.219950633568865,-3.350237104806475,4.752801984077773,-3.4097340879916493,-3.297024558669375,4.749010480825116,0.9228817611456188,-2.032772616131432,1.2661355830560952,2.436625459252874,1787.491913828498,9.437611103057861
-2.437935204711372,2.4536426421682975,4.694117551675094,-2.8815602803637455,3.2065767956038504,0.9922597876702755,1.6558879680381553,-3.128985136118907,-1.4481432983008857,4.127898616405511,-0.8045598044151854,3.091541670267472,-0.5474685915160711,-2.394759927961276,3.013918288165331,1.9366226761148297,1613.940951839571,10.300012588500977
2.5077232450882487,3.4689297141434503,4.223640012386599,-4.0003442727571805,3.4014048526483345,1.8467189441383391,-3.099532605978137,4.720126022416726,1.3200130050167376,-3.025873752304851,1.9228839053316111,-3.4749730303163444,-2.969253112546737,-2.461302675665863,3.476506797941931,3.041634014375256,1760.7300179598212,11.093746423721313
-0.9402668820379532,3.021443637924075,5.12,-1.6345011820610433,4.577526378373361,3.496198402097451,3.3552465591053062,-3.0916386762917387,2.691997027403988,2.5256381175815603,1.3650052089537796,3.0764154821116874,3.6275175074189567,-1.3067294455459448,-2.6676152919563645,0.5873847961363685,2058.436817925719,11.895208835601807
-2.00257319027527,5.004079202032696,4.297350585950473,0.5796188806378488,3.5299471310847848,-1.7315669117243448,1.1335333065240478,1.4468546520188692,3.144660449126424,3.789874161952116,-4.579763133279696,3.0111684788645663,1.53929964461231,-0.24137838487694907,2.3579193598626897,2.008477749467021,1743.6806913281744,12.61391019821167
-0.057893286966893776,2.6910079660738564,4.237748485499481,0.7558708907318872,2.6830242255576433,1.231834759037688,4.607598745096634,1.0814996134690285,-5.073927370751859,2.959028231422189,1.845909657703709,0.13760641393034678,1.9525183236689658,-2.3556191842011733,3.6560597830692627,1.9793831990216377,1287.9705851406216,13.400283813476562
-2.7965799175619486,3.363488803681526,4.265594001026062,-4.462865071170212,-1.849541907822116,4.845838405040067,-2.651293034489071,2.7942349644501085,-3.7245110500886947,4.113233767430644,-2.0696958582718157,4.7866945884320975,1.1218805533008478,-2.1821069800875494,-4.42509062773278,-2.760142800706295,1645.4132055025557,14.469060897827148
-0.3664542607260586,2.4435876938125576,4.24564143415765,4.698150757444128,3.2163706573979907,2.9616737462979232,-1.6498141942466504,-2.9820720365197535,4.5758175606510365,3.914323067758599,-4.518065040234471,3.9027870281503008,-2.0748451301776307,-2.202196915695067,4.767390953864774,2.8990498819641077,1630.6715737975326,15.288419246673584
-3.9847817938765138,-0.68936875884358,4.17788449287777,3.0171687175132975,3.227309933461602,-2.3491887188579716,-2.8595875800246593,-4.896896229788034,4.883470581873996,3.216233300286551,-0.8618561488968774,0.9427387098048046,4.368096227425444,3.0954068142349973,3.253860697258525,-1.9667708406363262,1101.2082994188527,16.04881715774536
5.119916443537796,-0.5675727632063365,4.235402117474178,4.513994239699662,2.111741378231212,1.143997806375661,1.6395588040848716,-3.9575222398597436,-2.4515931527822765,3.266863812313182,4.17866257482753,0.7512043391732144,-3.6366985879446814,-2.089746728264769,3.2650839262020037,-3.5921223824245394,1838.712638454329,16.88234305381775
-3.9216623861741016,0.9413702785722835,3.716032330064718,1.0679929882337058,-0.759123895816356,3.2569383079480785,1.8843231989193088,0.6027512128441916,-0.728105900564076,-2.0764445573885957,-1.5311395364805094,4.169161002541363,0.5083222470289446,-2.142035722469637,-1.3645536885396878,-5.06224064753316,1440.802816731278,17.647756099700928
-1.0257364136070182,4.196505423343784,3.5700833287477822,0.6344775567933842,-0.9965153701345413,4.9001179572481925,1.9055292250055587,1.6571443448139291,3.9095929034976082,-2.728883641465966,-0.28322421636116246,3.6614088357022494,0.39280850922428634,2.547093414498768,0.4153776315050246,4.312832109824277,1842.2227270335497,18.504965782165527
-0.5757491209713574,0.03232957183307761,4.231832989523077,-2.0851396024019513,2.931530180801164,-1.5078416225294662,1.128773295562958,-5.12,-4.259832816294167,2.9306383916506205,-4.024257127885057,2.654044442576386,-4.748800974777616,0.17819389307529399,1.6835712572879018,-0.6945500629266324,1402.632476623347,19.30089521408081
3.355499425342299,-0.34370031500474596,4.184894227595943,-3.338430936119675,3.2889231192805086,-1.7613923947949144,-2.975252520279396,-5.12,-3.0950242074882603,4.49469618260123,1.2003485839797126,-4.247821447275696,-4.56159901655467,3.6752716812420063,-0.8301433996984855,-3.0302017338915324,1734.4610935813116,20.173004865646362
-4.355245151856025,4.881410328369367,4.228744889066337,4.4009165972078685,2.963086001835534,-4.348289712351143,-0.48267092892568275,-1.8353309164693035,1.6577142435283143,3.198689763664551,-3.0816053074136844,1.9052373159934026,2.685386939981014,-1.1915070049664611,3.963934434361689,0.8081535550304775,1550.742343304109,21.3796124458313
-2.676880769250573,0.7788661135435992,4.150623751590305,-2.16858830924473,3.302239680369362,-1.5305250166086086,2.3069815028887914,-3.5599565971942506,-2.3178444220279735,2.484374350205634,-4.3104809059785065,2.363810483132071,0.29335579494167163,-5.048111005643673,3.3326495268981207,2.323077664401149,2184.9734094283112,22.142794609069824
3.6769926379686675,4.341572386673453,4.07360786092137,-5.12,2.154473707555427,-4.722851045568001,-4.720370366098492,-2.9522442168502896,-3.51408982266555,-3.7678038089723502,-1.2183036042622262,-5.042654400203686,1.522690035464585,-1.7253944606375762,-4.042825468340781,5.12,1571.5264699340694,22.949222803115845
2.5628953725066097,3.1448567730519175,4.116687950330641,-5.12,-0.7899867267207288,-4.8796342755005915,1.2359540509289744,-2.856452860017549,2.18166320455427,-0.19816625577629932,4.643776920690979,4.753246052758526,-3.995280862734993,-1.659483631904143,4.768615098427511,5.12,1381.2389896492768,23.958858489990234
-3.7749992289679346,0.3249640553963822,4.278022404374966,-5.12,-1.0736249210139537,-3.6465061394284812,3.0208400898553593,-3.317571914637553,-1.9054852514833245,5.12,0.11855237298938537,-3.726938173065621,2.089951182766895,-1.6731592523624954,3.9747148689942415,-1.1828933324622204,1256.4801719217073,24.942436456680298
-2.1932434620635206,-2.053415696369359,4.182332294502671,4.959822735586479,0.6732585874601789,-3.1764138866362,2.7101023443783685,-5.06450855396498,4.451777754599731,3.4854775756097007,-1.6299253638424642,-2.502122837514701,4.50064668567368,2.86053067147334,1.9405592686994968,0.18806560854792131,1703.5077837583797,26.077758073806763
-4.391565389082633,-1.8625963931747238,4.366341595145202,-5.12,-3.2544101134542673,5.12,4.1484645230820005,-3.9377570953678007,1.5355865085044416,3.659169669481284,0.5017807630832571,4.6946047004056775,-1.0848410763559775,-1.988637625591871,-4.4242693034931655,-4.510270340203987,1893.5054580719845,27.194950580596924
-2.8818949409484627,0.1563190178538152,4.578551627323139,-3.570068225738562,4.181743954740676,3.258016444330445,1.0469719961876658,-0.32411773374084873,4.858194036221398,3.1847880338091903,-2.9913181807026077,4.362011618198523,0.07268508419012498,1.7938734327442694,0.694752762854403,-3.6444938464321073,1552.7809278124182,28.129147052764893
3.8253713071963142,-1.07347769248556,4.2372186140056,2.5271975069250434,1.1624554855593923,-2.7700778257139347,-5.12,-5.12,0.321408932996885,-1.0301224442901438,-2.154244790256744,-3.640101905574366,3.314789442127968,3.220227833852415,3.9728879827989028,1.8185173850726333,1338.7844769657247,29.087860822677612
-5.12,-2.8784100338218095,4.02938145005318,3.0934911345662224,-3.1475402982179554,-2.359198917544698,-1.481847594665731,-5.083412892393176,5.019432802063522,0.2659338877691759,-0.6236444215239585,-3.919653405409502,3.2248774472442667,2.9715506138689056,2.252223241031027,-3.5743717355269107,1342.4462195606532,30.182695388793945
-2.4033719370285174,5.12,4.152525495286786,-5.12,-4.105649164568163,5.12,2.8280195474365124,-3.434026665914402,4.793219076330673,-1.3141471886380502,4.90477935102581,-0.7491460202869122,3.365738216052372,-1.7472236923693174,2.290765984896674,4.13147702854918,1552.0511660734508,31.108303785324097
-2.121536903331137,-4.185889694402429,4.363069600663477,-5.12,4.53240331820501,3.849135818050766,-5.014709827230352,-3.5189964480562157,-0.20212912839835706,-4.996149800866735,-4.258020633471313,3.938681667673266,4.074751083927469,-1.8288474603344609,4.128240621522644,4.741860636719825,1360.3972949466486,32.117677211761475
-2.8643532081587906,0.05967854576802534,4.119968391287892,3.1538950482133634,5.12,3.954367715480614,1.5987938825515062,-4.890341487283774,-0.14099848082355226,1.2493258104351845,1.656284979238328,-2.3543803027040338,1.9082039933445722,3.0324282078394917,2.719046889201735,-2.9782697264712503,1080.5350039644914,33.215373516082764
0.6003564629234726,-0.7754368981355251,3.9466803711362806,3.118332935030364,5.12,1.2834908900777409,1.6449252210445335,-4.673448899634308,1.616774920932527,5.12,1.0427135347537186,0.1484096666145982,0.8742048000956739,3.024423070427031,3.7798545067625478,0.4874124268161939,1442.6592705060116,34.0595281124115
-2.440695232809614,-1.6911214108461383,4.246720398951683,2.443811346976622,4.690564365607941,-2.0756695920525305,-3.8882735928141328,-4.989475024759107,-0.8023280311556826,0.8764427627506759,-4.173048729596783,0.14671235078594247,-5.071129944164367,3.1522445620266053,3.2581202396863462,-4.035678355278499,1322.2815630366663,35.02155518531799
-2.442235704484091,1.6868236871056244,4.178044230422112,3.1498413369670297,3.78609592365848,1.4137238099164255,-2.80357725592639,-4.9816907313007475,-2.24846725099031,-4.511220842817631,4.587622939788244,-1.889074360238411,4.207913462453038,2.929451653983503,1.778950148619491,-5.061485201613932,1630.8394131317293,36.14025521278381
-3.94810876807238,4.588120559729432,4.112058612027114,2.7437113263128357,5.049814137703607,3.5013094052094145,0.8855098879462631,-4.802456117085734,-5.095934707154444,-3.6700282911809925,-0.1830165732591329,2.981467400106747,-4.070675907518632,3.095086356712179,3.1055380993127057,0.9097054344703484,1112.4746670029524,37.314229011535645
2.7434333552296577,-1.4030553199034927,4.107750402381606,2.7550576479691733,2.669492419791059,-1.8589755069810745,1.069705835163803,-4.779031872232576,1.234507045773281,-2.972988910307787,0.17078478430491018,-3.4168866928372905,5.059950199918894,3.095144892860323,2.9707340328308893,4.738468795327122,1302.503956502322,38.48876428604126
1.1973180272354522,2.985080281680161,4.111246878853524,2.9976871123610964,-0.30123637614356014,-4.162129296439312,-2.2047031064363916,-4.841994504343187,-2.815422444104335,-2.3165825638682005,-3.3983639414511,0.6721218062340952,-4.870478864821786,3.069578154771471,3.143482816733962,-4.645406837095053,1327.4696756983158,39.62789988517761
-5.12,2.74404238718036,4.176468812917418,3.433767396498374,-4.23842246064643,3.769460534768929,0.2750616282257292,-5.005942105283518,-3.964387020400407,4.873540449347305,3.3028090833893655,2.079629274159929,-4.5207831396297316,3.0648904735162974,3.038388446676424,-1.258132734610912,1382.270145572729,40.88596749305725
-1.0650312133110678,0.3274145123381773,4.2168131749596744,-5.060223089454425,5.12,-2.5741430174345687,0.23055958656748654,-2.2248146044924817,-2.7243889246368136,-1.3296787087911732,2.3644032308095007,-5.041421943237261,2.493617666980289,-1.950301335552287,3.547357097472017,-0.641968624072943,1771.9254572676027,42.048869132995605
-5.12,4.01455950933165,5.12,0.991192123215276,5.12,5.12,-1.1734894675034444,-3.7675443023919226,-2.9471370800779604,-1.5146373268654014,-5.12,4.627764191000746,0.039997361903357564,3.7125539869754567,5.12,-1.5505189164484032,1240.460192773981,43.44996762275696
-5.12,-3.8716942727298673,4.8299505269448835,-5.12,0.6197558173902165,-3.9627987890233074,3.2279500112980513,-3.955622866787003,-4.269235765275869,-1.6221457763791771,-5.12,1.2472201535142737,-1.554218551250484,0.7482044401942121,5.12,-4.072853302415142,1372.0722682692835,44.4210638999939
5.12,-2.635021998575798,5.12,5.12,0.071872874273744,1.2117676426067554,2.808662408835753,1.8660285552330338,-2.181616299567066,-2.6033275737349517,4.081954696994109,3.4082713965409814,4.660835806333512,-3.4199235100015404,-1.2833178683249522,2.2803968111070425,1624.8537985308785,45.57562875747681
-5.12,3.082866730306061,4.015261566763846,1.5270668274030097,4.158470652164451,-0.6095127994998686,2.577288630703782,-4.817276595747997,1.2320373781938319,-2.351784464679293,-1.0229606590654523,1.565818173959305,3.5429506160910487,5.12,5.12,4.3658042211209915,1764.0399523594183,47.06763935089111
-5.12,-1.9312763410066691,5.12,0.1979744896236033,2.1635221928481307,0.1602209996774251,4.292448135454278,-4.3255782365647075,0.7045639262023942,-3.8886662662685674,-0.7432598418025531,5.12,-1.1301703874214049,2.3047028253206463,5.12,2.6028475915466185,1333.4366659703205,48.22855758666992
0.9082827043571982,1.878170916592321,5.12,2.6838493966648436,-2.7230124902941317,4.714038648697293,2.6163359577905068,-2.8062873546153217,-5.12,5.12,-2.88933874197691,4.6231461780466505,0.21448790086757263,2.802073072945534,5.12,-3.7006124831224216,1455.0309175797224,49.5828902721405
2.0054816346624724,-1.6503638331349362,-5.12,-5.12,5.12,2.2313913249099144,3.327324483675395,1.367276544361041,4.226768984116295,-4.791406351313258,2.855044214722401,-4.015268478900104,-4.43099796002993,1.9682336882738989,-1.9778490997840446,4.662701363778171,1404.47575717069,50.76634764671326
2.771608743404399,-3.5986158443652894,-5.12,-5.12,0.41603000148561176,1.8448150674264214,1.1700310524104536,2.953562378607912,1.9882827776477496,0.4712438927084248,3.993919008860529,-1.3854495955061004,1.4614551252896106,1.1622357832782964,4.279043720899799,2.4211997488472434,1669.616256431071,52.12169575691223
0.33664930301551266,5.12,5.12,-5.12,2.396672579538529,-1.4327161900737355,4.368145658174508,-5.12,-2.448634353012084,5.12,3.357068886014253,5.12,-2.818577535451375,-0.8757898449365875,5.12,5.12,1614.075018575703,53.605735063552856
1.1481380893961264,1.0051814070782834,3.300615109452706,-0.008239817560030893,0.9043543014706836,2.332627843841899,4.393693800250376,-5.12,-0.8978975159919393,4.506569053020937,-5.12,-3.9548040624599414,2.589736943965942,2.1952154755477933,5.12,-2.5070249594364027,1445.1660153259463,54.92039752006531
-4.63540745187648,-1.2585994861319731,-5.12,-5.12,5.067278307418273,3.7477292686802484,2.622354529886243,-1.0457965290139626,2.6369333343487042,-0.30427831960496654,-3.8137603200261614,4.388167692268653,2.5639895071344814,2.412964720031847,-5.12,1.8437337685318074,1802.784835495024,56.44985294342041
2.3680583147253325,2.580694914735398,5.12,-3.3609129795999815,4.488915352680958,-2.759452537298186,-3.602504443301102,-2.7627929100802486,-4.1999762359212465,-2.2886680733810567,4.5427423034079615,3.9886965941982835,-4.693280058110371,2.7007349867111445,5.12,2.6900300497054506,2151.432863453051,57.80485248565674
-5.12,3.2352561112913536,5.12,1.9818682927476594,3.6726827313356347,1.8379132992337075,4.928847127123043,-5.013471054584882,2.0070942949694066,-3.4815392092754003,-1.2910410566656738,5.12,-1.692476389430753,2.823530250021478,3.1528989315261073,-4.307750338134477,1287.5127024601734,59.38063907623291
-5.12,-0.8266957432471633,5.12,3.2451224131962233,-3.196892787818955,-0.1495408886084899,-0.7353232757786028,1.7671305049279544,-3.928941122237182,-0.5908421384508351,2.637326432901098,-5.12,-2.6104570770983444,-2.1014599840537205,5.12,-2.7837698482592526,1371.8311572895127,60.64541435241699
-5.12,5.0977142308956145,5.099010074122114,0.8658431948092451,0.9710845297173307,2.7862952276814896,1.162299552017557,-4.105325748073191,-0.8962604643132162,-0.9356196625328774,-5.12,5.12,0.08697652130229727,2.665451611366268,0.7383343944625178,3.1334924558109494,811.2957280925078,61.98512244224548
-5.12,3.0341020041148097,5.12,0.8069400841556593,4.192600263840162,2.2342036671731247,0.7779733638965176,-3.971763474091717,-2.5375521327202075,-3.020967003443153,-5.12,5.12,0.5228399618173007,2.7577865900517375,-2.0905931719036044,3.7310211232347994,1229.8085615547684,63.42286777496338
-5.12,1.1431618532781318,5.12,1.3292880781408432,-0.7344873658355313,4.54390845403102,-4.5705662644821885,-4.030286362096858,4.849868587955613,1.0508392485586784,-5.12,-0.34805874359546696,1.3424911937522452,1.6817034306093204,1.9432498764076866,1.1519817856191512,1488.6585603974916,64.95307469367981
-5.12,-2.0190015234782472,5.12,1.2135477590636405,-0.465541930542404,-1.4004161385602503,-3.461142820934202,-5.12,4.023769066312538,-4.160951197416597,-5.12,-1.5294576622254556,-1.3759425204604203,3.6519920377825583,-5.0760180030217725,1.0897069450557124,1566.644432944563,66.44412994384766
-5.12,5.12,3.801966205437096,0.2520294845588156,5.059527679891034,4.955619880294116,2.8842541119602183,-3.712185615535277,-1.4317622351688284,-4.631614268485419,-5.12,5.12,0.7873462414176888,3.0929508374651293,1.0251198457979909,-0.9115873742032319,1132.6929839693619,68.0963351726532
-5.12,0.34059369025974195,5.12,-0.73955555621286,-1.242763198899266,3.896616119959604,2.9106129843379067,-4.9280825913939585,4.3488399212577145,-2.046089620223486,-5.12,5.12,0.008295957278319221,2.8895468464302114,1.4615013129267398,-1.3060843682965357,1217.6032470237835,69.75996279716492
-5.12,4.117412972307373,5.12,5.12,-3.061447301862221,0.5801651950154403,-2.655732819768662,4.871896339216776,-1.0661939358944759,2.301316919934644,5.12,5.12,3.852287186328849,-1.1305059146800418,5.12,-3.7337592529865717,1143.5393945429682,71.60601711273193
-5.12,3.2757004064466324,2.108014685157757,5.12,4.63953773893673,1.817678727233929,-5.12,4.83948986874191,3.828335852860845,-1.5106461299449059,5.12,-5.12,2.582593086237038,-1.3838947285081415,5.12,-1.4592477750039312,1629.2633440184381,73.57061576843262
3.4113825641873943,2.683631120498834,5.12,5.12,-3.495595283404745,-3.9456454126039384,-1.1722065213578805,5.12,0.9902536784476705,4.166742552819756,-2.1965473563188778,5.12,-0.8394228248185787,-0.6111232540385858,5.12,-1.436820568536977,1457.8955351463535,75.21733713150024
-5.12,5.026794255210986,5.12,5.12,-2.7802757105964844,3.8473788051028626,1.6805335589635444,5.12,-3.0531688064389364,3.5697364054390937,5.12,5.12,3.8192775150471983,-0.3827572822135883,-2.552865500310154,-2.7235856737775364,1427.6462917234642,77.02813839912415
5.12,4.198168997421429,-5.12,-5.12,-0.3457851218663883,0.6092697546699961,-3.630708801370649,5.12,-0.354302054640514,2.758211975887672,-5.12,-5.12,-3.8539218911134934,5.12,-5.12,1.3864875241226375,1523.0983288372954,78.85560655593872
-5.12,-0.507490670347237,5.12,-5.12,4.292907983040332,-3.088716392007198,2.0058504891633104,5.12,1.682812469272898,-1.572145838522831,-5.12,-5.12,2.200168191948997,5.12,-5.12,2.0058895523684344,1214.827582439181,80.47011351585388
5.12,0.35404566327328624,5.12,-5.12,3.164498324918598,4.606796072333405,-3.8544046533270913,5.12,-0.2126924715435612,1.683062404046157,4.073677281910364,-5.12,4.640782413993784,5.12,-5.12,3.473383151302289,1489.574887224318,82.45708775520325
-5.12,-3.8141847359152425,1.6618136673176798,-5.12,2.32364365527357,3.121135091246395,2.5357350027752696,5.12,-1.0852357461034279,1.564700356461696,-5.12,-5.12,4.99284239002002,5.12,-5.12,-1.0978900706052785,1249.2357664674832,84.38387370109558
-5.12,-4.336815208196809,3.6726234540328315,-5.12,-1.680423351655382,0.42233308025706595,4.666566469093886,5.12,-2.856215200092648,1.6695662172565298,-5.12,-5.12,3.3405626816842036,5.12,2.9958843156455766,1.1834401967443897,1588.6107587813103,85.99268794059753
5.005889735160195,3.1240940687924565,4.2146178397918606,-5.12,-1.375477445393352,2.1758510893018768,5.12,5.12,1.724780049328749,1.7004417654810933,-5.12,5.12,0.03676464956379988,2.8130221297501805,-5.12,0.2251965779467433,1120.8343524894624,87.90783333778381
3.7921228331341483,4.629815877488711,5.12,-1.7915992026848961,-3.415347115968042,-3.228931405867947,5.12,5.12,-0.35811717686276356,-2.760731718667869,-5.12,-5.12,-0.22897537035004056,3.547910074065565,-5.12,2.5183469333948336,1735.034685093318,90.0287389755249
-2.814057755992978,-4.608271377596788,2.606599413579727,-5.12,0.5714377293781627,-4.8291701563014175,-2.3903389219867637,5.12,-1.9279644979861588,1.9471444376712705,-5.12,5.12,3.519050889323915,2.8866083346544515,-5.12,-1.9373721531085177,1447.188732870166,92.22108221054077
2.673280126805463,-4.634037093377359,3.8018352046757533,-5.12,1.910519305555706,-2.3970097995674657,5.12,2.8725039361480693,4.248941736918337,-1.0445312589796254,-5.12,5.12,2.8476631249193556,4.6208474426520505,-5.12,-3.2848759347918053,1433.144617488951,94.50747227668762
