4.784525451175175,-4.579363784945388,-3.546830739058489,-2.001852894189928,-3.168739025277759,0.5758609559486203,1.635553993025117,2.978947705432497,2.3591602374063623,1.6267265714769268,2.3786398352959353,3.702844183425106,-1.8606814217876737,-1.7517722664668263,-0.490096769392232,2.570290556103478,2151.873623388013,0.5041460990905762
0.1025840241638809,-1.633104670729478,2.219156042649659,-5.024728292699178,-4.258657481594369,-0.7034823316753318,1.8760861339244341,-0.1120245264998827,1.8392928328908251,1.8847084484488335,-2.565830622657613,2.0555412240813693,1.7743851648241238,-2.3885416504982975,-1.1079077657772105,-4.751104482325167,1313.3882690186185,1.0374469757080078
-2.4154742733030576,-2.516663130484807,0.37024530131421063,-5.12,-5.12,4.942512459316709,0.03178176657556353,1.2427935891489383,5.12,4.800934449141995,-5.12,2.825725109691791,5.12,0.8149325769397375,-3.7991195105966677,-5.12,1315.1590194330429,1.5783960819244385
-4.364035839140176,-0.4303495283793861,-5.12,2.845969471580511,1.2255993636908116,3.714592980070507,3.9186607555010893,-0.008743952980017511,1.2280723233438309,-3.6271828427645376,-1.034467538326866,2.7240334337407583,1.4762529201331782,4.05546736865285,4.119491498115377,-4.916638150394312,1433.2607841969023,1.9552454948425293
-4.137333900183089,-0.5010643102833772,-0.674910475196941,2.9925281253051734,-3.804310423800441,-3.9481222877201483,-5.12,2.9135579436472208,-2.68536994767736,-0.580953517312337,-5.12,0.9137654974922835,-0.40720812439473875,2.745551069192963,-5.12,-5.0114091056332,1360.9030088211873,2.3425133228302
1.6930627383190098,5.12,4.379953957775229,5.048044008890209,-0.27935576027395914,-4.3610947705109915,-2.947187295973051,3.1439520697180177,2.5602222815396205,-0.2781064140555092,-0.1887728506876698,0.958795645590051,5.12,-2.482834664535602,-0.9041789318128126,3.01552438517622,1447.94644181567,2.8401384353637695
2.4503858981310813,-0.37516837111633183,-3.3975701925188737,0.8232919078982617,5.092534268643571,1.3236167444272953,-0.8817720972871559,2.4799202343957116,1.8543286058394317,2.976417463357577,-4.210633112529703,2.5730932784828715,-3.4456087931136823,-4.631109570119584,-5.12,-4.693618288188143,1988.5645176647877,3.2957985401153564
3.9750446605230865,-2.1983055782323366,1.3179041112546779,-4.257324244390225,-5.063161059845743,-0.4092455043216088,-0.6427301391383686,1.5080013071687404,1.6493792600103347,-2.6235049631047334,-2.879954636219311,1.5423527065750395,2.529373486407076,2.886568957759109,-2.20942377409657,-5.081330172741103,1868.491192662524,3.6698343753814697
-4.416180372936604,-4.257410068955613,-1.125803250801939,-5.12,-2.3925970170564757,-0.7584012802929809,4.574831002494293,1.5493277029210093,-0.16146009667419925,0.4197320662533741,-5.12,2.350997774592237,4.919099364011136,5.12,-4.918429581751477,-3.110705885785194,1712.9641489024157,4.033731698989868
-3.860233154727802,-3.6548543067408565,-2.0864094275682867,-1.0819177611712298,2.454784982013912,4.024983576281696,-0.11758959356147969,0.871083756868325,-0.7364637870838697,-2.0198036226260894,2.067582621262816,2.172003272522341,-0.028574921206743653,3.967902771040415,0.35278424134697506,-3.6117226559516054,1084.678207011262,4.471701622009277
-3.8700745415659683,1.3253683407867536,-2.1913144680417718,-2.404718663130656,-2.42484309436385,1.472486832305747,-0.5835983024727529,1.1143500805529838,1.131324962584511,-1.941322874530763,0.2522794275928746,2.8144265479978205,-4.2204882593272455,-4.495444287022432,-3.458295672697608,1.9894071509815214,1805.6595978528712,4.895059108734131
-4.136969393433939,1.6768742920189323,-1.185134321203297,-2.388746118670831,0.31797962033121063,-4.157231360675676,-4.672474191819013,1.3429498184543993,-0.9005469236117101,-2.2794156851152736,-0.23479845945720879,2.2632035221959645,-1.2454536122443396,5.12,4.971230297086692,2.481294772931758,1703.472298068268,5.287747621536255
-3.844170646746937,-3.287771047064122,-1.3741785807925435,-1.970293353070915,-1.4254918759300574,5.12,-4.6567764813914465,1.8070569363522875,-3.4618565743134466,-0.7600826103741323,0.8258705556542729,2.043555513887103,0.39037272717808147,4.2061661639907895,2.6569966578200557,-4.192003079022591,1738.9848997242386,6.020198345184326
-4.090594617985349,-3.15096457922892,-2.6965460971680533,-2.8754363949775987,-4.743827520385235,0.23974510336733967,0.34940363122712714,-3.2808988225929947,-1.1985442110539624,-2.1131894741814046,2.9781409048160272,2.215823926795715,2.2505303386597975,1.2283006884159988,0.3024965709816483,-4.198925500573091,1374.0588735020838,6.616194486618042
-4.2453651886508235,-1.2708755799981288,0.5932349344247534,-0.9756411189328924,0.4595532313974493,5.12,0.272165844611834,2.429342287625734,-1.9308976346198636,-1.0129979535178482,-2.1413076246579448,2.0677392614211643,4.359520208796675,1.0008005374203757,4.949223278226422,-4.058854213286528,1281.4202432104023,7.459978342056274
-3.725521611059456,-2.7507805156030005,-4.963390572889432,1.4035410136260058,2.911690083240825,5.12,-0.011159276447446409,3.2987399174680823,2.9246422051791567,-3.272266524685323,-1.954476172543493,2.0979815680991996,-1.6981619069606695,-3.6976777734061947,1.842828175315069,-4.101853703461379,1206.4050248993337,8.305952310562134
-4.152758018247364,-0.2148426125341638,-0.6263068317558806,-2.9704553505325233,4.387065480296809,3.8828706631404666,-0.16419071027022802,-0.9095598831972573,2.5418106810371084,-4.1992892310476,5.12,2.292662046280687,2.7885625243661334,5.12,-5.12,-3.5847560524033635,1484.1874834344412,9.176950454711914
-4.219289996034533,-5.12,-2.0950358110081453,-3.6286575162272827,4.379785689798735,5.12,-0.21574664739258775,2.394707570553863,-1.2775409326965814,-0.2195249064404834,4.455302049987288,1.75165225087785,3.8460566493218975,4.179643868308587,1.9572968834864595,-3.952358994384162,1542.535561239949,10.076110124588013
-4.695835308369075,-3.548801475214044,4.971291204678779,-4.290507266841234,4.539701050567563,3.6347201357359618,-0.13326451637583325,2.707358624950002,-4.852444784389904,4.653674156069251,0.8116327006988051,2.1285050279938353,-0.7995464109217734,4.505797659512706,1.0482431853010867,-3.4101756616821515,1929.5417622588918,11.028477191925049
-3.6456833741679464,0.9520241381898771,-3.33393969329388,-3.998989034853465,0.9566012682924665,0.06222373148549387,0.2678167297095433,-3.5780365350845145,0.36078365902203124,-3.043396113594953,-0.9069676669748326,2.304163937857651,1.9307802221236194,-3.3890036342074983,4.752166342020831,-3.849473683573952,1393.544479683105,11.748810529708862
-4.128329016926703,0.28150007623260187,-2.7900579889887243,-3.0938402032895347,-0.13691186854032633,3.6563907847380532,0.7806109774956056,1.0970058478565248,-0.6233375648102681,-3.186092526020001,-3.7515868401652437,2.1282273417641386,-1.1431851755851188,3.9958888070587006,1.9642722685004514,-3.6615731434734364,1200.1417208962944,12.568199396133423
-4.1028976549181895,-1.3255013712740227,-2.4728171004773523,0.06841684551088534,-0.7484390583474481,5.12,0.3297051158324118,-0.6749112547326401,4.795809548781832,-4.57053988540504,1.5611478490945636,2.044969374015724,-0.8224707467169727,-0.7995719010377682,-2.4820970535323954,-4.1155862481659815,1730.6257784649476,13.584012269973755
-3.6063142621457978,-2.7348387682454107,1.8730498836017428,-0.979685046248167,2.8198241342305526,4.678715389383819,-0.5072552366578078,0.060931493042901685,0.5352704586394736,1.6561087640484935,-1.9322280069358597,2.1104943983778943,-1.5903527302107254,-0.1064215223637941,1.95328069890311,-4.011747757899043,1411.3412530170428,14.455579280853271
-3.9765661868390696,-1.2794802731914081,1.33619313143035,1.3272222682195283,3.6222604207965388,5.12,0.42185150764777557,0.15447835402555388,3.2848193257003055,-2.2950125587769854,1.9018876002857539,2.3956201612596315,3.113285880144942,-1.172712180493316,-3.944629237233783,-3.890986480686995,1529.5503460575278,15.57818078994751
-3.6344931349017093,-2.748424304526788,-4.158931549158626,1.2545188348872145,2.5679076383340087,4.653144302112367,-0.08609189945860596,1.6997075984554115,0.12970729903818512,-3.061780736327369,0.1924784361888241,2.161138621436561,-0.022884035124278945,-0.4161833314152288,0.2882386739289373,-3.770220396318192,1558.0748236701284,16.283398628234863
-5.12,1.0169828791705493,-0.4031064477460973,-4.924359700119147,-2.434522211182749,3.538566337647242,0.7481789297463832,1.5916505445620546,0.7087024127299051,-4.3819970645043025,-5.12,1.6520320746979316,-4.467103616111139,3.559991933340295,-4.467525013036494,-5.12,2195.3219856813253,17.2918062210083
-4.7557956261159875,-5.12,-1.3134401187007314,-1.758758983944876,2.0098971642026457,5.0886654899199195,1.7627139301516728,2.4020769859187894,2.8016212334120123,-1.214271858537277,-2.346216867887616,2.5837743232500188,-1.0373511540119509,1.8263093893639102,2.584249262954051,-4.979467092934234,1528.5504635361626,18.527456521987915
3.5891659905929503,-5.12,3.081469546991145,-0.5183542235413503,5.12,1.8101249512145117,3.9193734002531544,-4.950884966613855,5.12,0.6721752885465371,3.0932131206069657,-1.2662906397629938,5.12,1.5657911354241945,-1.433082598052004,-5.12,1482.5006635961408,19.695279836654663
-3.842146617787214,2.164973264148167,3.1895817026590665,4.150158546087851,-5.12,-0.9829943835361536,1.2751088460232287,-3.744031426565505,3.470007254555701,0.44432099359901933,-5.12,5.12,5.12,2.900204114297657,0.3140477087356066,-3.1906925107481783,1340.248728222804,20.66504216194153
-2.53539918765713,1.307240867531764,2.6707919495914556,3.404837415421194,-3.200285438469236,1.1766514858293702,1.4883261507384624,-3.4028267263129917,-4.536379772760447,-0.385188777248211,5.12,5.12,5.12,2.8406898275809214,4.161367584235575,2.6986400559860604,2032.6129337572863,21.593676328659058
3.377991875161018,0.5217296990118747,-1.752281938296255,-1.6968033874011206,-3.914225274440592,-1.305354076117621,-1.8562446643728747,-4.334419486355948,-0.4476692497629253,-2.6690822925140774,1.5039223124241117,1.9142228295071675,-3.076478391913294,4.314461728028323,-1.3520666185897285,-3.5693276423439517,2110.8805006431876,22.842419147491455
-3.901886386449313,-0.13405094319559474,-4.528511161036703,-3.2774480692100694,2.4757007927918337,4.34676914095152,0.18129234676380168,-3.005497193513687,-0.2633727063754687,0.09558475058895599,-1.0705883968743883,2.154481223331172,-1.1296401940854603,-0.06072348266539862,-3.1344616464073005,-3.7636093998807993,1236.021581619695,23.677541255950928
-3.742899272352913,-4.511756333065912,-0.3912322978288243,-4.741194114843344,0.9416176576963702,-0.36755890271055414,0.8834874369931063,-0.8619320648597801,0.3611723799816069,-2.035768769465337,2.2932497687234834,0.33208365690498987,2.3466874627076457,4.49756318389787,-2.205214248425475,-3.360986248905496,1969.772188678248,24.787622213363647
-3.97221059305554,2.3854642110347983,4.50245640961703,5.110180588352423,1.3504556199175344,-3.090279855200193,-0.8024114497028121,2.2558545093696196,-0.1146848200520596,-4.2187278473921275,-5.12,1.983474957111528,-2.3110073422803135,-5.109780056303263,0.8626979134746451,-4.244429195938039,1353.5731058527529,25.568644285202026
-3.8452004358425027,-2.4356385715067495,-1.241354835651681,0.5687917471194597,-0.9306968490915581,-5.093394966242589,1.983915351573522,0.7568607157181582,-0.22221425717366738,-4.608837683084902,-1.0934564927655375,1.8786171140373078,-0.8208601179815256,3.343053117682687,1.5655817349325876,-5.12,1499.1438956757431,26.46146321296692
-2.9795672611163155,-1.950199425745676,2.953342638173326,-0.8977356885534222,-2.571885334989761,2.7180945319634793,0.5066078258127682,3.632950872582099,5.12,-2.9729677850466114,2.373883646512142,2.5482295483206103,2.4196892660452125,-0.657917873813374,-4.050524280307226,-5.12,1621.0527737048642,27.210986614227295
-3.7062829775086104,-3.0430638481492216,2.6352496809183448,-3.760620973425893,-3.2553968344355484,3.932003408325069,-2.4648288608459983,-3.551874125549743,3.3419249171763346,-4.572326724435664,-2.7299847713062873,1.5068076712354834,-0.07376385507231209,-2.5043488911615173,-0.6800868895327374,-5.12,2095.42032228882,28.307121992111206
-4.715411766669169,-1.514053622592603,-0.03718654767931895,-0.7674615959814481,-1.7580764603387231,-0.31821384885704784,-0.27194083633800314,3.3776452004065876,1.3289164978595185,-1.5780810455851149,-2.3390012751481017,2.2767499445760278,-0.9196599149123488,2.48953380136001,0.56995636313159,-3.48430937712962,2217.0859020432463,29.125672817230225
-5.022757182636025,1.2538844764664567,-2.7212132727835217,-2.092395627247391,2.6298868136238367,3.4113135138383557,1.7698643688557274,2.844468674434185,-0.30706809091319975,-2.044339744164721,-0.25543826190183516,-0.3364141348757803,1.4302207474412452,1.6263573930449198,4.45250237097927,-1.4515555409121328,1967.9276487218906,30.017369270324707
-4.015395637421785,1.4841990828020828,1.0575396056474684,4.299369254447,0.8899113407123602,-2.0898769712301193,0.3681305548724829,4.1904317997939176,-3.8777588955162137,-3.5197324026185592,-5.12,2.6773157974297694,-4.532576376722096,-2.7597301336163405,-3.4242319754638757,-3.6503036537995985,1819.125046791856,31.03577208518982
-3.999878168127115,3.6059865425457547,-2.0635776075514376,0.5986796384818946,4.8404331246336065,-0.14263173315222932,0.841628126033731,-1.632628041052815,-4.632762350304613,-0.4088558467673744,-4.641796379627192,2.077788065251286,0.7092372957958695,-0.4491802685725075,4.373169328928131,4.715451362360249,1951.9308635599218,32.09009861946106
-4.89013516258614,1.9717023098517554,-2.652769559790321,-2.213184090840137,-0.9526417682713406,3.818153357558585,0.0341584189689117,0.4136123973572454,-2.0425386354121002,-1.1221153530847254,-1.1640453772027883,2.4776335422603335,0.580471941815417,-0.137331982514457,5.060172774719576,-3.8483905398193126,1169.5198820783394,33.34876275062561
-2.7624340995798806,2.872723607545961,-3.5390628900791192,2.2468812875698276,1.0279643549016786,3.730543839640853,0.366195737947713,-4.4151289837352286,-2.797400879081414,-1.292985495338534,0.4628156400624901,2.2977283589751663,0.6152768314914354,4.0884679824614905,-0.120599307253352,-3.6268648385844022,1908.752312778863,35.13848280906677
-5.097937392908131,0.1284459536114646,-2.1066789190042856,-2.593456830074362,1.8917924222240083,3.9755732378426893,-0.5038884504881018,4.364175774173936,-1.5771777911998601,-2.4715642657213097,0.32459443818894673,2.861408653497925,2.220906193411966,2.198543838933695,1.7074135370459373,-3.6185337515480303,1779.3499521707752,36.15311861038208
-3.939464837767966,-3.338831308492718,-2.6010773382452936,5.040601997044566,-2.097884662628391,5.12,-0.06510840001404716,-0.0550396140880558,-0.956876431052974,5.090853659647972,-2.9912870486832053,2.482205918344902,-2.480534981237799,3.705416342749648,2.659141370967099,-5.112582500519134,1311.9041395391687,37.5973744392395
-3.991240247603174,-3.3737618927446165,-4.939108010302459,3.563041218334809,2.9437968246201427,-2.5828768929445136,-3.615144737863976,-0.6657948857605307,-0.8670352135854298,-0.3442146035020439,-4.785647650397089,2.247912494438406,0.5197439588583572,-3.681754442423118,-2.655687468729063,-3.9474389939088286,1913.9319245890824,38.6454803943634
-0.9785495605564645,-5.007563522472516,0.2166563259480494,-1.6324394666482327,-1.1994357812606267,4.512512280672241,1.8620743912598607,-4.658815510810235,0.592566915303121,-2.5012897381296155,0.7658341531671082,2.11441329825392,2.990736524632866,5.0321736659422305,1.3197227220105932,-3.6864736267917886,1624.3113894036564,39.87134146690369
1.7645744529363716,-4.860795011108701,1.9834730735041335,-1.9916679460985103,1.9649011345325231,4.928929378820828,-1.9890544625771396,0.7037303079951425,4.457527402907735,-2.468575388439786,-4.534985762682938,2.0670253753450414,-2.36817460734032,-2.8121115494111577,-1.7358400063857973,-3.6753761354986256,1501.114854983356,40.990434885025024
-5.12,1.0901074242470967,-0.3468398179565533,-2.018679595276451,2.1071426790524406,4.830411034585452,-3.034019443607342,-4.9030255089033625,-2.9744996659526026,-0.6741281022612471,0.8312464967374584,2.10803382005541,-1.171138844971427,1.7995531979322683,1.2913629250678769,-3.6620774544183208,1041.4491278451521,41.9129159450531
-2.7740525050211717,2.638832962979027,-1.823735569169512,-1.5902680838653214,-1.6384305092143792,4.373619518720278,-4.9951553766325985,-2.541451905058999,-1.3868417623434044,3.8179413585096436,2.164110930820897,-1.8864204355676146,-1.0281340011618276,2.25695269936008,-3.2364108106894993,-3.6965421637317037,1786.6825441088079,42.97703671455383
-2.898849477898628,4.143412020375407,3.3921692647592208,-1.9462258758127677,1.8289531573631734,3.485960230893757,-4.38974619717929,-2.8455796982829056,-1.4257256840693326,3.0690851511389274,-3.9253177240849846,2.0861196951692698,-3.359369464596826,-2.168830150865472,-0.8710992323602467,-3.6797410482909467,1470.762817305635,43.99385190010071
-4.040514910378256,-4.863099799303043,-5.12,-1.5357418478274223,0.7193713254360894,5.12,-0.63397337359938,-1.6256591212411515,3.7061326976460682,-3.9050319179364354,-0.3445857069408049,2.1363341322075042,-2.506618557317357,1.0697177645646994,5.12,-3.7309988808394676,1608.7558127422997,44.98582458496094
-2.2205296635802587,-4.240384456632913,-1.4482934207947755,-2.06245663666757,2.1074438885134805,4.659244707806194,-4.597652565686209,1.4282531827315772,-2.04947018872988,-2.277008959721538,1.8721352254303145,2.104321827497154,-0.913117316545951,-0.3310928949406824,2.81248210780082,-3.6809578870558006,1583.9840045521828,46.19859766960144
4.81451228328067,1.208977438946972,3.530406693938107,-2.4175506047479547,-2.64393038860952,5.12,4.993543306179242,-1.5101004431456118,3.186757781810811,2.0390121209099172,-5.090902694283048,2.1535351800673164,1.9232444795167165,1.993061241690154,3.170308759234195,-3.7163754017342763,1396.3724474740313,47.49168038368225
-5.12,-0.8597622338332451,-4.852526391212514,-1.7098917475092317,-1.1489730111708814,4.987916496163254,-4.055333434560537,-2.3310251953472725,0.8260703635062603,1.5146571340576838,2.163183336355887,2.097364202022515,-3.825469020897923,-4.277255213891566,0.6003467973409577,-3.622681539561011,1427.7558807475903,49.05378270149231
-3.6072029249680506,2.030945957716492,3.1172275994268643,-3.9484720190411506,2.8659018735113078,5.017345820662997,4.139348934629157,-4.701845562681456,-3.2518518522350446,0.4214570419085284,0.8638995990279215,2.0775188193706633,-2.8539390487026255,-1.4026182196192476,4.330244815612764,-3.721658826960869,1406.9086443587773,50.40194892883301
-2.227685539674498,2.409004831161427,-4.33017873829015,-3.301563093820314,-0.09928569348971905,4.305745770243239,3.3955639237089725,-2.7404993256057186,0.035563788350739145,2.24130367158039,-0.8012287263834112,2.271259722896578,-0.6265641159537996,-3.851755892575196,1.90711117450814,-3.914730384618945,1631.218026778387,51.97420382499695
3.676152052511102,1.7189301789620943,4.0060353988379545,-1.9855571121993933,3.036011800152891,4.03677258828787,2.2652008444687235,4.123237766164865,-1.17698560828569,-1.3674392320085156,-4.666470688731678,2.1008735500692675,-0.840752566364066,2.77281020984824,4.617103336578498,-3.717497629420353,1383.6342552095493,53.47997307777405
0.478326854010529,1.097197769379573,-3.9223187124450165,-4.016837139014482,-0.6320921560917085,3.475483435535275,4.999141817946042,2.5952825852785706,3.059632482129321,2.6723384531340466,0.5083415056472962,2.539436024116144,-2.700234999086056,0.2619862705706124,-3.878978817681264,-3.7842824830855806,1810.480637961682,55.11684322357178
-5.12,4.20945548889362,1.088586393582153,-2.0338095766730486,1.084271035008089,4.832868732671609,-4.069473552449539,4.293588237119576,2.692175548847171,-1.26520958031394,0.6503965068342277,2.0374057569228254,-3.155539069873952,3.9927863166174484,3.905836118298228,-3.7696308930146922,1052.4617433538263,56.390734910964966
-5.12,4.992057383433964,0.7915915403337159,-1.8295508555684528,3.400000063372837,4.615195509361812,1.8727168951698552,-2.31593491236724,4.755924617051154,-1.0052679809503493,-3.8979418104231884,1.999028098296435,4.739939510993092,-1.9073087851905028,-4.5607079859733535,-3.7442363760497006,1415.8783061970275,57.725462675094604
-0.9317216842512286,2.6238662822389642,-4.9001790215105,-2.5943611972216924,0.5343423372700435,4.838779093569577,-2.0153391113090326,3.146898370213134,2.2074134519232835,-1.072326517166621,-1.680010208551376,2.09460325201679,-1.1354743347883804,-0.726290669510349,-0.31449667748373855,-3.7254308471205633,1419.462390987251,59.00948452949524
-3.0252855480580827,0.23578853281171952,4.7180378253771,-5.12,-4.671048905720347,0.3423445401853442,1.111066702583897,-5.119032550630795,3.952653233915856,-0.9349695081383054,-0.6283798232558082,1.6149972472569605,-2.787307789163657,1.0350799833727535,-0.33810481472016374,-4.534679395249936,1534.1832852351358,60.34720301628113
-5.12,5.12,2.500395163336366,-1.4159220873288318,1.629512807857794,3.755771841817219,-0.20368370601044994,-1.3114406873397657,-2.506108249332308,-0.7693335052610317,1.0035821108294423,1.9392558150562245,0.2550001632224381,3.53721117006745,4.0989980509874835,-3.8859902865603084,1688.6722363966917,61.38445711135864
-4.956299127164846,1.3229350724766746,-2.5843997240925964,0.8789786351124738,-1.5841774486678593,1.0704508612305235,-4.715517337409725,-3.411786850972905,-1.248693361393196,-2.9839698986157677,-2.821403366304407,-3.8687433068909085,5.12,-2.4745947002788,-0.29709411360562576,-4.490455498032698,1764.8222000377336,62.51618409156799
-4.395329001884667,5.12,-0.7402781538875489,-2.86688032829792,-3.8164271228526507,5.12,3.4345392979627123,-4.671607936173216,-4.580679965621397,-3.9781168253132195,2.1449061614662392,2.368086881078167,-0.3051535753569876,3.5069482752611174,4.563996355026808,-3.824037485809544,1970.0512638065443,63.74801969528198
-1.6549681073083984,-0.7724228236592641,-4.210058576421628,2.6187407256112465,0.6052758447511488,5.12,-0.9409527490564242,1.8468840124107535,-3.414403338350866,-1.6390233602836792,-0.2859653932645152,2.0278008097985705,2.5445740062719127,-0.5792313704535186,2.1481083220926918,-4.167507704827817,1801.2572164173755,65.29632067680359
-4.273373793407741,2.1064843748293764,0.741921602327511,-3.5363155017901002,5.12,5.12,-5.12,-4.29507615880856,-4.867974507303605,-3.6983246794260003,-0.8334448658690423,2.0740770142055,-1.52456344138493,-3.6738228738886747,-1.7156026266443822,-3.7637838849747545,1638.696315603053,66.61687445640564
0.46953732635179257,1.2315581068964745,0.3602384739789537,-2.492101730179183,-0.5236516019754704,4.443612136783879,1.082992935850779,-0.6725473871905265,-2.262530468789965,-0.8958715954196217,1.910133907014134,1.9677121861572502,0.8861448497730411,1.8853280811382227,-1.1049898454878688,-3.4686497239664886,1678.3509993349173,68.40580892562866
-4.889791487228494,-1.1069137778159188,-4.88245343559888,-1.478902938607129,2.203422838104051,4.272405591298473,-2.0959951096170806,2.492895758144397,3.8838894954735634,0.13066020011906154,-2.7009941878435155,2.1493220108344273,-4.204682305137524,-0.9762734553330858,-4.716223711839845,-3.6468800459268396,1421.6544513129934,70.07303643226624
4.441880558149159,-4.224877543878146,-1.1788690783250568,-3.837853900375456,-4.981099830912666,2.9339017279798982,2.9083065853477885,-4.467737143527385,5.0262760363495085,3.9109953591586413,0.16382086807515606,2.5765488798198097,4.3289211260569305,-0.3822563778866277,2.7693863932927894,-4.8700711133785495,1512.8714018604044,71.7061665058136
-4.630456878434834,1.619996315756314,-0.3803758009767284,-0.42066259964718533,-4.578114079173005,0.19199410392664884,1.3524469117196416,2.5047397145308095,-2.4865561793530477,0.024296582375763265,3.5818338185683176,1.7833158460488185,-2.3084667577648537,3.8662093442777783,-2.1986566766071007,-4.687168562004685,2280.3825629808307,73.58534717559814
-3.985544641944969,-2.043208568368121,0.28808670875281095,-0.4545226923008734,-3.573647621877898,5.12,5.0544647376957625,-4.55230582510687,-4.658320525815995,2.515597409845279,-5.12,2.11022913500563,3.051757100372707,-2.3262104328428483,4.496926884155143,-4.093573520936079,1728.9849570548495,74.83275055885315
-2.4161668909555334,4.3216540258426415,5.12,-0.783847460325557,3.3749135855384074,-2.346737536828223,-4.32901614629315,-0.4001730870352329,5.12,1.8909597853949993,-2.317008394090394,2.577029991902182,-1.555008429059427,4.86423880349403,1.4849270448176206,-3.117736927316881,2092.3372301836566,75.99974322319031
-3.008358800867979,5.12,-2.6404703074600464,0.09752375347518605,1.7206364618291392,5.12,-4.037656285746944,-1.6213914029604668,-4.432038176103243,-1.1502553822371873,-3.631483256442349,-4.016561559481724,-3.4794624623028065,0.25827307439160485,5.12,-4.416197585747894,1646.6163112900224,77.21305060386658
-2.1527735249189526,4.748409269510474,-0.27623847536247403,-1.9496096912506427,1.0102596113842264,4.553001283326098,-1.1826826461025761,-3.774954287173336,-0.6275595603857305,-0.4008898313437479,2.2966673870998715,2.0396619005370926,-2.299057605599495,3.2312794976614354,-3.148358270372005,-1.7179522736888488,1571.8911238601586,78.85581707954407
4.9450098933644915,-0.7961831537881343,-4.773670462466682,2.165369902960796,3.207627898611327,3.7123737002278405,-0.806750363577879,0.7884261558777892,-0.6571662114243138,-1.9008305209398806,-0.3616324657260712,-1.3092194605769305,3.8801051228889465,1.2448190470995328,1.5298865173165916,-3.5227449033518496,1661.004407534223,80.12131190299988
0.16806765767168397,-2.0570454099966318,0.8919039434785159,0.3419506790474385,1.8633693700186598,5.12,-0.05427161494219135,1.80241146922691,4.120075610338184,-0.4212912348047988,3.911427341883676,1.9941299047294994,-3.754662259407792,4.766656754248722,4.671544617159564,0.5029852631454528,1266.7623848322519,81.52443528175354
0.22845230422988738,-3.5715618689552318,0.38847441483920875,-1.7571570428366403,3.7120407761374237,4.842064325164222,-3.46888567558677,-1.6939801588632277,-1.6511894176274318,-0.744765163905976,3.403706000484834,2.139428928050596,-0.34189363090868863,1.431166181633074,2.9019939472042404,0.8223574128796498,2048.429272903208,83.4143328666687
-5.12,-4.808489112515071,-2.4158449219127895,-1.746718544420005,-1.5740300543684849,3.9575710494671936,4.558893066079514,-0.892213584844769,4.6578098992010455,-1.2460781368715201,3.3246012328935324,2.170803004211983,-0.8072651138947702,0.8007598606782755,3.1753876252963797,-3.5864973613798052,1772.5473735148512,85.2159743309021
4.126463276458545,-1.7685714684620781,3.596741542351311,-1.7825598855478022,1.5224250927028296,2.560751606819548,-1.3321933461035713,4.8329389817289075,1.7382990675022425,-1.9618618718809957,-1.62100348604916,2.40877550427221,-2.5002377085269947,0.5232967362931245,-0.22929732866871344,-3.9360281193566675,2039.7383999276692,86.5851571559906
