2.110436373527257,-4.614606493740943,3.00646014254379,-4.879608247358841,-4.3940600939528975,1.7551819914851965,-1.0557905343433873,-2.403589325704781,156.81198642965165,0.3646717071533203
-4.9500845029942555,3.816692935795852,-4.231713506296957,-5.12,2.414371175919448,0.7399958575884318,2.9436242438023017,0.8260141119040796,152.13871693699744,0.7371752262115479
0.26785663331449694,4.885639561520812,-3.9254212517887392,3.845955755749716,1.4018127311462187,-3.2943547294144215,-4.953354908098204,3.487187760331625,173.95669575506622,1.1089260578155518
-1.242314076293415,-2.5869895666810936,-3.710598973657878,-3.5657851157273495,3.4261715293676263,-0.5622220744110438,3.363082104075988,-5.12,201.38861570885325,1.6059489250183105
3.0121074583604743,1.9251116874849288,-2.9249587378169886,-0.38373132643052443,3.076463725614052,-2.818467450249656,0.3657673374406203,-4.7260167848194685,116.12584622052094,2.0922181606292725
1.9660983503800837,-1.1376682898757138,-5.039946983718008,4.913334129659382,3.0377947875446987,-3.1782905778916746,5.12,4.9466194744115155,139.4076057800744,2.4966628551483154
-2.2997190781290784,4.503769916580441,-2.8437751986250768,-1.2823902708199086,-4.236144156397772,-3.246956367168277,5.12,-3.5114175224322,193.49488324052984,2.821817398071289
1.4992137645267372,0.9970155902029569,-0.4582674283627668,0.08347470559894088,-3.4944202933413067,-4.996385743433276,-3.3969783625912173,-3.735106640700906,156.03596924328198,3.3390190601348877
-4.007080298504787,0.6812570975326118,5.12,-5.12,4.306369157851601,-3.154426769717253,-5.12,-3.9594466623043196,179.80395311580224,3.7490038871765137
0.7927706761388773,-1.3336662914030315,-4.825871677554258,5.12,0.1526077903083376,4.797897644744679,-0.48400591651806124,-4.163183921296386,159.05717985520005,4.239701747894287
1.9946431639263436,-2.3938741647041684,-5.12,0.5833124276682256,-0.1721178384160149,-3.253341784493831,0.3188012022253046,-3.080482638469755,126.65418907165906,4.666945457458496
2.8441210244377784,-2.3881730845669193,-5.12,2.025316424547145,-0.1964012436454885,-0.48530547967923976,-1.9548544963404413,2.213070031324513,112.74788042322115,5.1112306118011475
1.7829935794832288,4.288929409827246,-0.13216692922424844,3.2505472867658165,-2.4716697590018164,-5.12,1.4249833870955273,-5.12,170.55050157840952,5.651047229766846
0.7417764021894335,-1.748069719114052,4.634599865945234,1.943976197770044,2.0750201384838043,2.428560458314265,-3.9764715629807585,1.8711791574882897,119.57436163747947,6.018993854522705
4.482833149349363,-1.112676645899156,-0.35023674626389933,-4.574228868428423,2.564975860915106,-3.914251104573916,2.5084563563452376,-0.7974182050905076,176.02081853328227,6.4659504890441895
0.38050375719807583,-2.2826295301289377,-5.109793092689163,-0.6386318634744654,0.5604184155488845,-5.12,-1.2045351596783043,-3.439075650238966,168.21026720197605,7.028973340988159
2.8184163962643423,-4.090989559895702,0.10457071325130496,-2.5778846676894442,0.8683404166434627,0.4865943421265788,-1.769350773290307,2.7317192181934082,114.37938627302151,7.619478940963745
-0.138080576504942,-2.2496513596616654,-3.9131883396535128,-0.2623469199097528,-1.3775371734797885,-3.48102680889771,0.40316707963936427,-5.12,144.61919856601006,8.341208934783936
-0.38606906471362645,1.5298838829043548,-2.7128817814667068,-2.7858073030355537,-2.7427238503495146,-3.253065014276763,-0.5509365151069163,0.8893091845877379,136.72363411008976,9.053197622299194
-0.3664820365452508,-3.2808310444018147,-1.2444528916055044,-4.856179940305407,3.4201612273345523,3.9855374000102897,3.9431442506767107,3.2092137324406105,158.43638227468287,9.541316747665405
-3.088553975906325,-0.1378245800993474,-4.054376816976178,1.666018605674907,0.803474808582016,0.9011168357197956,-2.438654860460312,0.09680681876746355,86.4599734400528,10.089844703674316
-2.869991400717949,1.2626751377874443,-4.087059384181854,-3.0239080011559443,-5.12,-2.957168090169581,1.4585830331846816,-3.6483538343277133,140.29351674714522,10.594439506530762
-2.6874552203184807,0.7706547009768885,-5.12,-1.7520672382859885,-0.4274455691000014,-2.469024066536665,0.846916347984469,-3.463507734463848,154.01637878622907,11.066766738891602
-4.977467939670301,-2.192985188994639,-2.459500529517715,-0.026763157001624016,3.679146706793417,0.9799884552312381,-2.0103754178254793,4.482491446971301,135.02391057422287,11.503133296966553
4.359239432965134,-2.464525997836845,3.545509291510281,-2.6815278425965348,-0.5702869779879691,0.9790410462049026,-2.9998268721228096,-3.0182175701844702,153.27771062652317,12.07666826248169
1.5586882089620522,-1.5175837144230013,1.5292700827759518,-0.004133330754210185,4.101296122392234,0.881921505325332,-2.796954039870784,1.272703291411558,116.31417495875245,12.649628162384033
-3.895815049081243,0.8283832730768861,-2.3912577307637735,-4.4513483318552565,-4.395023872575641,0.3490829527456061,-2.1347192927787604,0.2373523131379791,156.3916552391778,13.353271961212158
-1.987289721082484,-0.8256602606700056,-2.3634786140474353,4.35163663296695,0.845538120823659,1.3045187938178913,-0.3573506367991506,1.68427450760365,120.46040350788034,13.887796878814697
-3.418394961696155,-3.0255522330886824,-4.302595636318175,-2.75910016914562,0.27945314416807854,0.951046950462545,-2.2666245900838002,0.9843110624044247,118.96999148886403,14.380975008010864
1.1135207559280662,0.4747726251444586,-3.1341847357822976,0.33887098512713454,-0.6366367329358811,-2.714442063790062,-3.5159078442947416,-3.272307141097456,143.30392437316362,14.916431903839111
2.923436970708498,2.0634785571898524,-1.7776872540754183,4.903355739202996,0.32130622627127625,0.948035843922904,-3.3378650803205603,-3.182464749911846,110.24318651611567,15.467378616333008
2.848776253583593,3.9130786481803304,-3.4234947809544796,-3.0421068182176856,2.0856436630524255,0.7933196115329793,-2.1246893631820787,3.644056484884655,119.84482942090216,16.08090043067932
-2.9423875974815368,-2.673151044737684,-0.9223712995912594,-4.094462276559769,0.6449455092453809,1.6057910891371945,-2.487077207991847,4.471865674036139,154.577953828749,16.72108221054077
2.2563751361133173,-0.614879737790508,-2.744583704248786,-3.6975343037952135,0.5597462046237887,0.9607056996163132,-2.3176058851248267,0.9935963163116961,119.48871224064197,17.185461044311523
0.8633871013780352,2.5223496485570083,-0.7686024506088049,-2.883034246963212,2.8231591019406945,-3.1354296237641996,0.05982008486010937,-1.1372822327431868,83.05204056966826,17.64543652534485
1.9745157851232644,-2.037350729630526,0.7401864052189397,4.734281908522113,1.8582822364670424,-3.132515808407158,0.3825692946392625,-2.2679348266889265,107.07444908808215,18.130143642425537
-0.17582252330759118,2.7899088445024276,-2.174207558236998,-2.2571484256371996,4.887627304775861,-3.1354765328607437,0.24910357318457077,-3.845020656323544,115.21427779284885,18.62548041343689
-0.0727074372057146,-2.1940999805084425,-5.056127788452414,1.313295514140485,2.01795546088953,1.089414259988744,-3.3719294016505206,-0.5265151520787734,109.4834695044951,19.11697769165039
2.7924096143066937,3.0635073276953646,3.266372791385698,-1.0950912148334222,4.4104976196039205,-3.155116412952175,-0.8883914009037754,-3.138357283285931,118.75998016479718,19.611343383789062
-0.6920437311896244,-3.9666037728868306,-5.12,-0.6905158279465198,-2.3381413909403923,1.0065642142965894,-1.9505098826763878,-3.7296368696451268,124.26449962035339,20.239755630493164
-1.260029794908224,3.1330710741082326,4.305731727933991,1.2697259155154645,1.6293095086278688,-3.0782189907857265,0.34306604872942703,-0.16517105911206187,120.92283855169875,20.798315048217773
-0.21913070263357248,-1.9065752096715078,-2.003609648583643,3.641778725538182,1.5361868662550737,-3.0649698811717547,-0.0862145043161151,-0.763207271331531,90.50783488783509,21.288520097732544
-0.7816656906643153,2.3401613084301482,-1.41446980788213,4.123061140369859,1.258251422912947,-3.0824970915166987,0.954429349039402,-1.9265643519187763,98.9040118043804,21.80531668663025
-1.8652210102317066,-4.044262351064491,-0.9620289719037629,-0.5839311593932415,0.5312843009193431,0.8956249024754985,-3.8761669238281917,-5.103158136415631,112.72545956932687,22.306594133377075
5.12,4.442937929484477,-4.09040927386861,4.579353760840715,5.12,1.2716330655734192,-3.5264742333051418,-4.763842491498486,232.103915124481,22.87687635421753
-1.0135927057620595,0.8622527292698692,4.417794400358125,3.830958312338642,-0.9860628377837335,0.9255035004855667,-2.0644025215074384,-3.658278384751416,100.18750476934066,23.4138765335083
1.0143103066700476,1.4585989829300932,4.354604382614647,-4.261205398782143,0.4953112524482002,-2.81862120677143,1.4952837781180612,-0.727508986808326,154.9692110474366,23.980414390563965
0.8567213962992604,0.5651879504224144,-3.9512107020135505,-3.475286590901697,1.2323529960128043,-3.1129545614293366,-0.7387754640242576,0.4198692008619602,124.7506913934208,24.577852249145508
-1.4469376220785346,-0.8759594424399353,-4.345385430115216,-2.7092836259025805,4.0094946050698494,-3.204024151224577,0.773036555745497,-0.0008278241658787877,122.25683564121842,25.178980588912964
-2.9289644810005777,1.7055191584548677,-3.1837529649930154,1.2323157574058214,-0.37087571152035714,0.8714483662159136,-4.028404342436918,5.12,117.9111074470064,25.75113534927368
3.56612626424367,2.378240684147821,4.191461336708525,-1.5712463155940601,1.9128534343960197,-3.1993049375462723,1.1730238732770264,4.473120639136334,169.00939815480086,26.430204391479492
0.9618263352551342,0.6254227642907892,-0.6357304940220585,2.1784027860780704,3.5893410355500324,-3.1000038568758477,3.004364196981988,-5.12,126.85805802623607,26.988340139389038
-1.1930671622470124,4.824373948614693,0.003679207643298099,4.952184734314733,1.0528907531197236,0.8042486425337207,-1.2071640602787026,-1.187290068636993,86.99491372976507,27.60065484046936
-1.2439345395726997,2.38614786521995,-3.368080351806072,-3.5193316112595636,1.058850473502254,0.699950172533252,-1.6639496463419312,-4.404556867214323,165.77292023147902,28.281651735305786
-0.4419216288081955,2.5794176570337655,0.8763888323988693,5.12,3.606531203741336,0.7885831844764395,-3.339949703714283,-0.5352909806424986,163.1542629999442,29.117139101028442
-3.1781501401695262,-3.321839085500833,1.9163241807948648,5.12,-0.24976787176740167,0.9285054704948736,-1.1770412613225494,-0.5188536648091029,114.14350780121231,29.795639038085938
-0.7077447652191715,4.972500433499124,-5.12,0.5865639032221681,2.737796276208617,-3.0244348587125485,-0.5759751935446484,-1.5680650270366838,154.12362732998696,30.448952198028564
5.016296521452275,4.854093454779739,-3.00950479731382,2.6572641446260192,0.5356707120041531,0.8020641789066154,-1.3900176193790652,-1.8851736205761598,137.48290340012375,31.06880235671997
-2.3206475165498213,2.600426771861037,0.40780234477928357,5.12,-0.7016195537055259,0.9054904700796316,-1.420694034487965,0.5724047632775955,148.10632287389222,31.931914806365967
1.897693184681632,1.8691157588696363,1.5549642281511327,-2.6576189549911096,-0.4112703229488508,-3.2189798802063105,3.189947081502086,-4.0993266749104045,128.92119793472276,32.688639879226685
2.435834873733576,1.3237841765352085,4.860534485128565,0.2277468947304575,1.9688518654015752,-3.174271870740787,-0.6521267689839023,-3.887207477466478,130.51401143376464,33.50696301460266
-1.4087908020745155,-0.6039884336180927,2.728803574872404,3.1607405223623397,-1.6855522341062499,0.9596116368489982,-4.3092772371526165,2.2319688953091132,136.2196183628322,34.15574407577515
1.2843744196217903,0.4971474744684512,-0.983759469030197,-0.7362561533984646,1.5236659705493496,-3.1468416589166726,-0.4080704633959922,-5.12,130.00809858152553,34.95071864128113
-1.1313291036388216,-4.3407677478450575,2.113026618901775,2.7389405642878843,0.7966062304037687,0.9425507824889143,-0.1540003473808751,-1.0374506157242305,78.79888067004131,35.60399031639099
1.6643811447499148,-5.12,3.816376834863754,5.12,1.8639031548291998,-0.795191163993124,-1.1606393491251934,-0.992208021949148,118.02043500835069,36.227999210357666
4.143200901977022,-5.12,-1.9420301918292746,5.12,1.4955815557133683,-0.6965127448431669,-1.5977412332346708,-0.7651552064926639,149.60111993682813,36.985520124435425
-0.131454077898562,-5.12,-0.6817631710260095,3.090130546288644,0.4186241768171488,-0.7334090905871351,2.4603699567046196,-1.8890606214212737,120.0164893509313,37.85421586036682
0.434339334995939,-5.12,1.360597257641781,5.12,0.30933136530671934,1.054288829709841,4.880968578019362,-0.3973667452558658,155.5212672440213,38.73110342025757
-0.4461224027498716,-5.12,4.392597402370554,1.0382669655473844,0.6189034177851633,0.09111168778640621,-1.569422860673039,0.41064872495053795,146.5076996317308,39.47757816314697
-2.6389473350104176,1.6684597996951558,4.114959170224773,4.152693814379128,4.592668068276105,-3.15849609701206,-0.05289418459981832,1.549119839205428,158.47027494282986,40.186662912368774
-2.9115898902501374,-1.8575740936890406,3.2238671110218187,3.971189301408317,0.2081126156398163,-3.5002288904380587,0.9341499170854277,-5.12,122.20241403289315,40.9377236366272
-2.0110358062153604,3.539335886481303,-3.1174016196372523,-0.15303267449410196,1.9919973092093581,-3.1625893376858043,0.04758782048727639,-4.026225117613711,88.46418566742767,41.77156639099121
-3.0294798911900025,4.1749093181154775,-5.035521793990366,4.5909242549893365,1.6520583260697288,0.9237894994561477,-2.6279604586815526,-0.8239434479785714,147.84967990029165,42.60850739479065
0.8773791327418898,3.411563401404069,2.994750093861385,1.6400528760928879,1.6564325942154419,-2.976198807109694,0.038849423679574,1.0033689577516727,90.32975373107742,43.508573055267334
2.5951438829309383,-2.8693011434993005,-4.065363856358306,-1.638068138775668,-0.03292210781673699,0.9240473706712411,-1.8661221176210878,4.243873670280512,109.55689011039964,44.44279956817627
4.127114955872066,-0.6427217173039059,1.3117181275244025,-3.5232291029420786,1.158947882424882,0.8021700583287448,-0.21093153126826802,1.8009138925470838,115.58606765773666,45.338374853134155
-2.99248709172793,2.3063562212669453,4.153575849984379,-5.12,1.6240609122249081,-3.217289848099559,-0.0028182707463413337,0.058811911174720954,116.97556073886066,46.231651067733765
-1.685269670759745,-0.7876039940067017,4.445871516573217,-0.7051249891826155,2.533832544470572,-2.835733517677271,0.03528956219180035,-2.811558798759056,131.03349110692633,47.159157276153564
2.710903071543692,-3.755700735538462,-0.35531635505771764,-2.695267663786622,0.7417487670947915,1.049136277930467,-0.1898604005060065,0.673651829624287,114.4926672183598,48.097121477127075
2.603060816759305,1.8074132232507854,3.9308981103908964,-2.8346249421372365,1.7987614422966818,-3.0774305558646033,0.10896711383476454,-0.6934353079342204,100.90991233508174,49.12327170372009
3.840347845755553,-3.991089154644728,-2.515810924945576,0.610225882849039,1.6900034131534252,-3.0857030635777787,0.08910785859706927,1.5860492085320121,129.7623359192166,50.16509962081909
0.4083450182288857,-5.12,-3.0734489356227286,1.2069228729557446,0.6738562269796144,0.8923925462867786,-0.08608571021793043,-4.668620341971525,122.93217655187689,51.305018186569214
-2.7555363033434532,5.12,-0.36294586586712274,0.8927184270852697,1.318594633510929,-2.350718379289084,0.012405257922677215,-1.1747093513596933,110.01236003390142,52.24740505218506
-0.8213827651972512,-5.12,-0.31721421874995404,0.7357358819593687,1.491161903749668,-1.3607802562476188,-0.39127059079264725,5.12,148.2042747555035,53.90236830711365
-3.6483403287744016,-5.12,-1.125549477340246,1.8628637198212425,1.0882347872922908,0.9209832022198414,-3.498969418836313,1.0664512098827093,108.35222490925537,55.104886054992676
-2.4809059574849033,-5.12,-5.12,-4.160830355166077,-0.30914736925575337,0.6175411538594631,-5.12,1.4656439687517215,188.27442970093236,56.28053021430969
-2.3733468833698095,1.6941706193003014,-1.0496320493269096,1.9688695087839276,1.1779594775175362,-2.917258648120677,0.039984869252505995,-3.9485229407716895,77.85840486851964,57.39287710189819
5.12,2.5136070194170346,-1.019147838387446,-0.8169329599569579,1.0202304084116118,-3.0239503017225693,-0.012519623706834793,4.961862898530083,98.2178137765236,58.69722557067871
-4.1828385143158355,0.5602435631669644,-0.07089638911438279,5.12,1.0154421182854048,-1.159391640628903,-0.41438807715966597,2.0912402707244073,104.67533882083231,60.05134844779968
1.5292560683437104,-5.12,5.12,5.12,3.013988229618241,5.023310451930425,-0.09710135550545562,3.4300559540033815,176.03633323484354,61.62866425514221
5.12,0.42617373554386706,-0.1672909983124784,5.12,0.8935094353960595,-1.1985874281608688,-0.541585794699512,5.12,142.13166371612593,62.985838413238525
0.3210950505958001,-2.8808938943369187,2.4192131546235824,0.01368364645764597,-0.5386252544617323,1.1203383655243302,-1.8494667188406333,0.2617624337939377,92.37726774642756,64.25590109825134
-5.12,0.023597650289221228,0.1440264229443846,1.28188522678942,0.9903047035862889,-0.5132981343558578,-0.45585574693333175,-1.3323354340368434,104.28586686310794,65.80035495758057
-5.12,-4.335784286013254,4.671039485262686,2.5323850872094695,0.9057340986834435,0.7401358112368124,-0.20712748148771176,-4.405505825707023,184.41159312261783,66.90925693511963
0.13369697552043824,0.2711009727174112,-0.2549552113854565,0.9874847977303078,0.8859012862595739,-0.6650052953378154,-0.5396993744367924,-0.343927331684756,80.56509627998584,68.22836780548096
0.11799550985930551,0.2568449032068818,-0.25473852294381505,0.9934734812374746,0.8963288786230192,-0.6262794616362592,-0.5261660480415946,-0.3506520251889036,80.92557895122627,69.54706263542175
0.09624131726070217,0.23990536916571603,-0.256907312666975,1.0063593867562695,0.9097253100149851,-0.6116797354086438,-0.5230745868535545,-0.37278268796304026,80.41156303853026,70.7594256401062
0.07655921867130466,0.22003595911645757,-0.25715261377721355,1.0247091144192826,0.9224396829671431,-0.5999472116819673,-0.525028366753717,-0.40429275416458665,80.03173953284994,72.15238189697266
0.8387264643761689,4.254711844198789,-3.5375852695753647,4.036601926625424,0.46031260657513684,-2.788125097411288,0.7661498434576313,-4.036877532485965,144.04713221825568,73.2086546421051
0.522895798091005,-1.2858748039175492,3.753221751793082,-3.414811233777923,3.373194782922563,-0.30024516492272557,-0.08225155908786697,-0.7005541921012401,144.62956328742996,74.56360530853271
-0.3128212817685041,-1.3996819384611907,0.9917691737806509,2.219616272036828,0.6073530404438126,-0.5752977880190846,-0.03791521838749112,1.4436866071844854,107.16713311237262,76.01849055290222
-0.6453751440523687,-2.4808170998055337,-1.7379706087602642,0.7117950460978868,1.1304718275555254,-3.2758737705563377,0.16375822021452002,-2.584615087049875,126.242018457206,77.10888528823853
-2.8843188197717935,3.0598920158387175,-0.5407652990329312,0.9274547018035459,-1.9468097157592341,-3.0354509971188524,0.8152308929826289,-4.7750632991341595,94.47371054940005,78.20702123641968
-2.0033592586902933,2.3484512300201867,1.172003133267939,2.3266275066275908,1.3753599099797063,-0.7261025104942691,-0.3884902816711282,-0.65123073605392,117.07668021996483,79.45938110351562
-0.6179788974666138,1.186061311591927,-2.109551291614725,3.5224603827985836,2.262565503721925,-2.1179511238061406,-0.04008657906683766,-3.796793896116448,109.1411349247594,80.50794124603271
-0.8951885769634558,-1.1805235425959064,-1.7251533267540982,1.4611794342601652,0.06140748536420304,-1.373356509559554,-1.393591920891641,-0.1662124646361569,90.84296211045596,81.58192276954651
0.3243416325174424,0.10351554810803343,-0.6935586645689265,1.4820899715087936,0.44049330590656055,-3.5956201352791437,-0.29061618535767675,-0.9824374469811064,117.0626944140569,83.17169833183289
-0.053399137467252444,-2.5256960084703577,0.9957011987611715,2.5514208108814787,0.2747597003398603,-0.03437390787328454,-0.016777432212512267,-0.9566078392271296,66.99564417171763,84.86325025558472
-1.5310429876773868,-2.3874184288649674,3.849221185321187,3.6189044870200417,4.903491132976623,-0.22043880859043075,0.1680406858216399,-1.3655976545264177,152.50461857893086,87.21192073822021
-0.1529883584926175,-2.4241554794938582,-0.08499307118262678,0.5991335252270202,1.0334504920090444,0.3573805087488111,-1.3393943387893086,-0.9780940314055009,84.77513762313953,88.68173289299011
0.6647750470289786,-1.2206017556403834,-4.4874865920491,2.70321967115584,0.8071080966800128,0.2876170986266775,-1.0221673795178345,-1.34735727406512,123.77270541846045,90.17838716506958
-2.1713502335328783,2.6278765177007113,-1.1320018662726672,-3.099425285760513,0.947389913178946,-3.4147416568408318,0.5453649952990975,-3.762423832242094,124.8113705382212,91.92593193054199
-2.8356312586227896,2.23968571260394,-1.665132104622093,0.8078100929152239,0.6641093447433066,-3.439233985537339,0.9848680576081055,-4.963697574441618,124.84063978065426,93.92505431175232
0.7001554401974772,-3.407003995118833,1.5710446539714766,2.815085214261188,-2.404333230554974,-0.09217742319417699,0.03345167376636926,-1.7258888196487745,119.33268094417951,95.9528660774231
3.8395434460876023,-4.699361597924205,1.5901457270087125,1.8518216141460808,0.41236896316513505,1.413376405935188,-0.15353849343793158,-2.092188575879167,132.62677887570223,97.66255450248718
-1.1042102104135658,-1.1080733719170128,-1.0353100554595578,-0.38022440271608193,1.4718291329441513,0.12603706219780886,-2.0151591014762738,-0.1309756482269151,57.818153460868125,99.07159304618835
-0.26531590653238357,-4.117552921045052,-0.821902891206455,-2.207443160022554,3.6149040514939434,-0.767468889946711,-1.3712661392020857,-0.8550677342560604,112.58045023506163,100.43919205665588
0.26724342058167494,0.025271775509496663,-0.5180727026981078,0.47235062198096234,0.5730404465951366,-0.011224186160422533,-1.1662369463020745,0.16375492257365565,82.0803734867484,101.9805166721344
-1.1648387227019765,2.2411977572826753,-0.8650692777734017,2.8282798879407,1.0136063206459767,-0.5929228191079128,-1.6169032455664176,-1.482619687224302,100.06988243527067,103.53672766685486
0.27727632341043584,-0.04501755014743747,-0.5289846222026524,0.42796167215391545,0.5930512484480905,0.005001087321809372,-1.127745619271951,0.21366798766834982,82.2744005506286,104.89012908935547
0.24594523039510552,-0.12857809147545396,-0.5301629846592597,0.46849136358035004,0.6038891723432958,0.00551510261183541,-1.1546127596876734,0.12984308336230121,80.20937668190302,106.6181390285492
-1.9207622792191303,-0.90485854513246,-1.4584179817718832,1.2110033972769392,1.828416285113649,-1.1709534016856997,-1.8194105389544881,0.17632848410532986,68.15551197943293,108.03376007080078
-2.0412612693448176,-0.5323042481227107,-0.7380377570595735,0.007771935873290836,2.525018570625824,-1.1904338007136603,-1.449128860896384,-0.6240985766002503,108.99422229516426,109.8092291355133
-0.8052758002326197,-1.4783138582490372,-1.2163721562178478,1.115193511745682,0.4657046017409838,0.2939551007392467,-2.445872078315564,1.0920652827780444,103.49836499313227,111.80085873603821
2.3054913910685677,2.2466596192382156,-1.1182094411215333,-0.30905303546709284,-0.4693307355318517,0.9682909803739461,-4.7061193044171095,-0.05097309450992249,107.7263935790193,113.75033593177795
-2.204618955399053,-1.5202670367023337,-0.5890053352392108,1.1254864199183068,1.0901192393010435,-0.5923301767677094,-4.262827442566557,-0.5454155209161753,127.65229280958212,115.15860056877136
0.3312784929789929,0.8332089686299335,-0.49961614046077596,0.2205437923853948,0.6472285091184675,-0.18350241573448844,-0.5805940498808431,0.5260611323616127,110.79435422796968,116.81132555007935
0.2744271362319477,-0.5309562530046801,-0.26540264775944067,0.4051701671851209,1.5558544397564296,-1.2369041117149728,-1.8211398785333253,0.13792999320724242,106.23349010520383,118.83622169494629
-2.355005211289925,-1.4973405333119776,-1.7664064507913504,0.36569292705398837,1.204258460512932,-0.15854277414413875,-1.6378175766639735,-0.33611390573892486,120.41727257493895,120.86274933815002
-1.1519497347428,-0.9580720876899074,-2.056897872392469,0.5227261429612868,2.0968970956463284,-0.5376253586881434,-1.9443513660375351,0.5579188424291885,82.09275055768381,122.52844452857971
-0.6679065143905563,-2.9128363805424615,0.407464305472387,3.206723288475204,-0.05681165081724693,0.35524561010857614,-0.418018133801751,-0.8793973517184508,100.73365282424426,124.4463324546814
5.12,-5.12,-5.12,5.12,-5.12,5.12,-5.12,5.12,231.39770980628714,126.62590622901917
0.4297284134205226,0.6812429319238866,-0.4517997594998535,0.583676689815503,0.6817587158209166,-0.17447362236897046,-0.4228999445781536,0.410507238395347,130.35639717699885,128.44745993614197
0.2000296833476236,-0.3905671957374457,-0.28056091779422765,1.2377514730206851,0.36030424242409254,-0.3258584731922607,-0.9883624904645183,-1.115398138199665,83.55829418423824,130.3787808418274
0.1948997846322742,-0.420406359345054,-0.2717854772198818,1.27949633567279,0.34894431329057607,-0.3148854656776843,-0.9969912486365633,-1.1818564719972495,88.76546151493649,132.41575598716736
0.1807076164695829,-0.43103439891022965,-0.2867285009019849,1.2709178163321084,0.37537516248898317,-0.30890045121237364,-1.002830742954643,-1.1428931781443263,87.39323073921368,134.5434947013855
0.1685688050183911,-0.45194578250100825,-0.29474216463505076,1.2811038261041947,0.3905248877599785,-0.29974675623196223,-1.0124064909866108,-1.1400301591155095,88.3542325604108,136.8410460948944
-0.48199780277399285,-1.334716391535725,-0.3683635322765646,-0.4643852124350012,0.06611261124863788,0.036273068604669945,-1.5193026898562305,0.18754966802909045,103.45789427188242,138.79427814483643
-1.3866772525881328,-4.490151949210771,-0.8473091804259738,0.6112405125152227,3.13752886248838,1.708259731627746,-2.1292417057913657,-0.2709445776554995,130.54305220052782,141.39694905281067
-1.4434366250632449,-0.8869170130655162,-3.4879301036489094,0.6628970108450254,5.067927887291142,0.42745080441565175,-2.3169724756314474,-0.5707888356188509,156.99375455001191,143.4831576347351
0.1685125815162607,-0.345181212419595,-0.09622741513247224,1.6863899429152083,0.427652100260957,-0.4901438707683976,-0.8993789428497836,-1.6738885557777206,98.92977295723257,145.71954560279846
-1.5349279573408312,-1.0435439964169415,-0.7499188381020243,-0.564783129103863,2.355421312653366,0.6560793376652736,-2.5265394153421745,-0.1579128643351364,122.14062252643161,147.98855113983154
-0.5727285163544531,-0.6811745308543333,-1.8011780115940077,-0.21052469959752074,1.4510477051584454,4.2255218173243305,-1.7047310032585328,0.48971735327226984,135.52052761160638,150.20051217079163
0.005242752264535078,0.6415125209193828,-0.4622496584998119,0.5948850760414617,0.9062309973008009,-0.9784507227173842,-0.4192733263851274,0.21286897399967675,85.48644847913154,152.53239059448242
0.07315264620444051,-0.2833851190874723,-0.1721979823036408,1.6320994793946326,0.297827654683271,-0.6990855753812131,-0.7736041795566608,-1.5332015746575554,95.88881427413904,154.75746607780457
-1.1976479818359977,3.82121488594633,-0.8307197031659346,1.0086722551580918,1.4876849801680532,-1.0835476077264747,-1.6559627779377788,0.032039908679115214,78.56390784682094,157.70327019691467
0.05749477617458254,2.526097069710314,-0.5177096099107752,-0.4060650447933831,1.2542310503190128,-0.9740735166913206,-0.6265734348143921,1.6139016872408618,116.03986055856925,160.2822287082672
-1.3602022345863536,2.3520653447270243,-1.7457419516555555,-0.2583228587772304,0.9955165653341034,-0.9688520872060407,-2.070022373189803,-0.026377038618591975,71.1529150672246,162.8362205028534
-1.5527913841848142,-0.5524538912651016,0.30724534284464866,2.1687289064506867,1.6152805495904934,-0.7089271532080197,-2.002523458468655,-0.021746940802471748,102.32157895466962,165.4612226486206
-5.12,5.12,5.12,-5.12,5.12,-5.12,5.12,5.12,231.39770980628714,167.7884533405304
0.6163944178402607,1.504113731687287,-0.10323683373354431,-0.08025519445330431,0.5969903140837349,-0.9712157949158948,-1.0016104835269148,-0.1660800428099085,69.03670633403846,169.97437405586243
0.9047670944764628,1.9505383790380373,0.004450607210520374,-0.3165888057798085,0.5516449706926947,-0.9559120837129136,-1.0986906471793967,-0.013125907027223604,45.18718476811962,172.72003817558289
1.6467076669139207,3.8519770273553613,0.33955468425561985,-0.9705453802071675,0.40292360134720173,-0.8781893643884713,-1.2638212525325927,0.5163508654477535,108.77551956561283,175.6123878955841
0.6577178759000208,1.2877080963568108,-0.07526521350940296,-0.04512985747131193,0.4906285948682294,-1.050922950119741,-0.8877630744373448,-0.34842045801284005,72.34863666313453,178.57691311836243
0.7955508917873706,1.3433377264072917,-0.028702911575237522,-0.0958503718017587,0.4451681385199411,-1.0659458689872983,-0.9178005051524618,-0.3803618812345526,68.26963321724614,181.12248420715332
1.0146234867098425,1.4263868789927914,0.03588521168305192,-0.16217358939467275,0.37868332039395813,-1.0814798194555353,-0.9635607313996353,-0.41806238276875796,66.98961391688475,183.78479075431824
1.3279663249939002,1.5274150374996536,0.11154727347289839,-0.23395366326096312,0.2998261879050199,-1.095541835479124,-1.0239561710185114,-0.4548408619914106,87.15838192521475,185.9674472808838
1.2143818617084046,1.4717291400975432,0.08397050331760436,-0.21100673934270375,0.33037615078581695,-1.102314030264294,-1.0069274108922404,-0.4600511805015852,79.33014081151526,188.74848461151123
-0.869688222910094,2.177157274299934,-1.5007362536286748,-0.4076324672592371,1.3352429721007981,-0.7611310319192874,-1.9170856534055192,-0.5695284435423291,106.18134961435482,191.30733251571655
1.3725239653523058,1.2856589476189662,0.18197856092469777,0.022080467725260178,0.18932523316803884,-1.0819432875953527,-0.8641395143483406,-0.5901915529463775,70.44511644851032,194.03048419952393
1.7815747507416813,1.3465111018434213,0.2551808386827732,-0.0039059957396805345,0.10308085127106281,-1.0788018821459406,-0.9163400141809799,-0.6217878950780911,63.29803157958543,196.97959542274475
5.12,1.0518554591955969,0.29088441607915794,-0.1427864782149868,-0.22661823885924637,-1.2924868387261181,-0.7166635091348477,-0.8097938706671606,89.43999036115218,199.7675178050995
5.12,1.039280777535013,0.24427309132293562,-0.15717234165345673,-0.13637303509166632,-1.2911930366882216,-0.7400232778143545,-0.7644355895472223,83.0747615241103,202.77430295944214
5.12,1.0359832787106473,0.23714272837900552,-0.16163886992346832,-0.11736954869372163,-1.2967150355438117,-0.746705880055484,-0.7641005996711536,81.90704453037476,206.5356764793396
5.12,1.0341296018263195,0.23609535711795004,-0.16509779263198254,-0.10895668082393328,-1.3035745757429478,-0.7510462892428924,-0.7708612378233282,81.40147758162674,210.41926097869873
0.8539606124144177,4.667868395964121,0.9268828346811198,-0.6481521658750351,0.6541195749951578,-0.5360103732377741,-1.1881543536998826,0.18616712422189696,109.5431041968647,213.7697036266327
5.12,0.6991237697993427,0.14233569106126875,0.06700431859051381,-0.11854669665763762,-1.344098926314428,-0.6115024208071169,-0.9409441447148206,86.82060720998031,217.4422948360443
5.12,0.7058525887911173,0.11374914827406091,0.02361900394858818,-0.04874477024104884,-1.3517223819861979,-0.6446232636630507,-0.8881304050414425,82.7142235114562,220.4426920413971
-1.3919231458458863,-3.7090781596240636,-1.2279845318508502,0.23404314221639755,1.2046717947381778,-0.9549438950795768,-1.853208310848507,0.35977725576127106,99.0412262155945,223.41213655471802
-1.157987283896651,0.34177839715562186,-0.8456477920871341,0.38912627258073407,1.1137312432775097,-0.6862390351708063,-1.5993650736284177,0.08690574846207255,84.51838937559117,226.42061591148376
5.12,0.7059634953591454,0.11521905646824937,-0.00956849740186172,-0.027782607506285473,-1.3706284159847373,-0.6691630703628739,-0.8939764045373462,81.84838249936789,229.1135218143463
1.7629613611268908,0.714437333148445,0.5985306122627705,0.6130785384384261,-0.14164636482511828,-0.9783462737521127,-0.7947185724004422,-0.7203363389418733,86.48551235893777,232.11067461967468
-0.09305743073513195,-0.7069371498547943,-0.0715109827751288,0.6404840061397943,0.23641180439974008,-1.2924683650533173,-0.9419173131094141,-0.7702347970335115,66.9826328096329,235.0919885635376
3.8083289813099936,3.4835584888278417,-1.811986843429509,4.555307914201152,2.3624024163408306,-0.44982030163512743,-1.9862166939371377,-0.0003701499116957052,148.4038812326554,238.16724801063538
-1.469216607631584,0.9437033173985689,-2.3177910998735216,1.297546556144714,1.4837198801155367,-1.370750145002126,-1.7335865783237012,0.21154111192679093,120.20699227097406,241.3688566684723
-0.5375342405761447,-2.8191701984192177,1.4107989440663156,2.3138763346650926,0.6637858086765114,0.01661403497920233,-0.28036194467611164,-1.2300845111817664,111.36138298339485,244.47022438049316
-5.12,0.5909496760814248,0.25100895176149596,-0.15616712337327598,-0.30301547254261063,-1.3443855197760177,-0.6706971456996111,-0.9893134365575351,109.26391281155794,247.25118899345398
4.843804522783494,0.5656954358944883,0.11845270761077398,-0.7694829191852959,0.27942013587968706,-1.021537376782165,-1.70529729760353,0.007843988254900403,88.15641862703811,249.98684191703796
2.5200582487059764,0.6636371561370673,0.28418929976549645,0.21161386422196493,-0.3275088486076392,-1.1937929283475466,-0.7647397618927769,-1.3666905476209252,112.71824939341006,253.61319088935852
5.12,0.5855947593757209,0.0021982257444399522,-0.7400423772742757,0.6160526368023334,-0.9393588938061788,-1.6460952779721452,0.307016967886935,110.85088457805345,256.3937819004059
1.2796699699223204,1.0191163375450039,0.11475737342478975,0.32463381332917596,0.09641744441773437,-1.2991738695809012,-0.17128399360611457,-1.0054679846547119,54.54541915676199,259.94330525398254
