1.5385663756535193,3.298101072707337,45.928976011493674,0.1964249610900879
0.6757248532472806,-0.02235190668853093,15.054838476906589,0.37583136558532715
0.2906200418808824,0.7002730098601653,26.17330788448949,0.6453349590301514
1.0332963203554728,-1.0038409876776573,2.296350774114785,0.9486548900604248
1.3146862678195,-1.3125020021977254,31.231392116873565,1.1674771308898926
-3.551377840286828,4.846016728215187,59.90606445201644,1.3737692832946777
5.12,-1.8728430602797603,35.457663773569266,1.6134512424468994
5.12,-5.12,57.849427451571785,1.8529942035675049
5.12,0.9441004500397749,30.42652747809755,2.083646535873413
5.12,5.12,57.849427451571785,2.304898738861084
-5.12,-5.12,57.849427451571785,2.5236458778381348
-5.12,2.562498885729666,54.729936382344256,2.733347177505493
1.9224525017199765,-0.6360582980574314,21.827228677787396,2.924978733062744
5.104130268245304,-0.029579858285136318,28.290310522287236,3.188117504119873
0.82187539881249,0.44348141975812805,25.88409912945009,3.400634765625
1.974540854403224,-1.3684807114211215,22.674794785869647,3.626624345779419
-0.3722045804452794,-5.117954984965697,45.900744801344295,3.842463731765747
5.100401714352981,0.2234506479798828,36.32830047660633,4.066404104232788
-0.20283253723546224,0.8860481764488002,10.361294876514442,4.2964677810668945
-0.290677467790033,0.9585837470981486,13.868163103611675,4.641767263412476
0.19734831140879994,-0.8638537046124881,10.978078149807573,4.894773006439209
-0.24948505251912856,5.10856661753079,38.36511373560907,5.18613600730896
-0.8531073994940508,1.2110862162182476,13.739107755010979,5.4698710441589355
0.0014171352486194166,-0.6731810759679426,15.095007379781018,5.70740532875061
-1.074936428909691,1.4491694810669493,23.838012910017262,5.937765836715698
0.027006670006210598,-0.974539160905409,1.2217683604906693,6.1595683097839355
-0.011818983134808114,-1.0231732940759377,1.1803967113834908,6.389214515686035
0.03453763709797997,-1.0501893031069631,1.831743780972067,6.603162527084351
-0.054087355432213435,-1.0402289993711022,1.9746812992712304,6.900823354721069
-0.2443197680576228,0.15187446439842933,13.943770043993606,7.242913007736206
0.42765822331559633,-1.020552851934756,20.29233113683461,7.52300238609314
-0.33307378982397573,-1.0580749710213535,16.874721870463123,7.806116580963135
0.6216814286412946,-1.619222748685233,37.54836023206079,8.146044969558716
0.543514070484953,0.6035619234651106,38.244867398113485,8.385720491409302
-1.0646582660963437,-0.9491854885920192,3.3537717083823484,8.62986946105957
-1.0584987123598726,-0.7529330952629403,12.170970992402234,8.986315250396729
-1.0874011558628327,-1.0105182881709274,3.6957738817496626,9.26002311706543
-1.086002982987444,-0.5286041886033663,22.72258286726922,9.591208696365356
-1.0726471248000031,-1.7502382769007574,15.222729437611356,9.871810913085938
-1.710448061411252,0.657700856786553,31.297499726196527,10.162702560424805
-5.116642307309891,5.096899660366687,56.522813971370624,10.489441156387329
2.7753780431959774,-2.0339380993790352,20.478321483458487,10.839320659637451
-0.18240279307107343,-1.7634083932932771,18.180692596042107,11.125166177749634
-1.2012261181035044,-1.9368877991158202,12.953661447789814,11.392179489135742
-2.6113950005774105,-5.098926810096535,52.33778473950579,11.655272006988525
0.7405514234267558,-1.834967347630831,19.420196341072515,11.91514253616333
5.108882073707311,-2.198856464662666,40.02750684913656,12.22040867805481
2.475810695704344,-5.114989982531289,54.67595782068682,12.507172346115112
2.1666860821182468,0.3164679171853768,23.851692121232933,12.860857963562012
5.116092025958335,2.220031900311783,41.775535781982896,13.12480616569519
-0.9315749030333951,-1.4737207395868195,23.81371573025168,13.420804738998413
-0.05325548821079451,5.098134882722317,28.389949632525703,13.810457706451416
-1.738733355685992,2.2970861989544877,31.92265455653906,14.140458345413208
-0.11214798598156417,-0.26818929769398636,13.606478318478992,14.461687803268433
0.8117804874349428,-1.8403823604911866,14.88242950885861,14.788635015487671
-0.04134721478994585,-0.20309538946753403,7.473896480246461,15.123113870620728
-0.4616617498831257,-0.35882075211211806,36.370127793866175,15.466984272003174
2.2657795183011817,-1.3634933906504711,34.52451951792192,15.837632656097412
1.3453503613275828,5.117184950328942,46.224957947053966,16.199870824813843
-1.395795127027033,-1.9210983261608083,24.774830983127323,16.543724298477173
0.7235706982011569,0.9939330389014458,13.17170257220956,16.942030668258667
5.113437739426611,5.079752981317738,55.614940027020815,17.310477018356323
0.9296368536005684,0.817238984453069,8.39338137016745,17.67967414855957
1.2168507147572916,0.6534802356474962,25.539511860360548,18.040714263916016
-1.263211721028223,5.11970076041984,41.33365950606069,18.41154932975769
-0.0684477088370965,1.6403829883152854,19.96185419762643,18.77707004547119
-1.8386406595058107,0.5616039573095,27.670232916219135,19.16604208946228
2.7097472381818664,0.34015787167980616,35.32735626209805,19.541383981704712
0.29415612046668915,-1.8927930513631854,18.59234484847307,19.919511079788208
5.066665331799862,-5.057806851281802,52.76941112021357,20.333236694335938
0.027946012128545306,-0.2325002732038799,9.111274823269824,20.82659912109375
-0.11458285506841293,1.839797725594793,10.532034184706536,21.27040123939514
-0.18822588438237364,0.2909563638166608,18.88048272187717,21.7286479473114
-0.12226918228027106,1.943591754125931,7.22268329825113,22.220157146453857
-0.07594903663023089,1.763433161323623,13.389600458800928,22.69421100616455
-0.20277779289002407,0.3038848842714028,20.53112270341419,23.18420648574829
-0.23009589835286004,2.17141177523024,18.78100314739809,23.73941135406494
-2.0767832571984632,1.9246043715869545,10.25973879194467,24.305742740631104
-2.023804316739126,1.4396698919793698,25.57018577474018,24.87078285217285
-5.0110536181090755,-5.081562161811838,52.24168090689555,25.448394060134888
-1.760447184411094,-1.8719309741214518,19.013946791335826,26.117744207382202
4.65321345263422,-0.9438795872255454,38.871894926913114,26.796748399734497
-0.8727867352525758,0.1804005690632069,9.587240227577617,27.41022562980652
-0.8143638895773995,0.23562248332777624,15.881802197102791,28.088321447372437
-0.3069703445585148,2.110375253109493,20.361430624496204,28.738837480545044
0.3612746729053411,-1.8336810446214424,24.909742411046185,29.399568796157837
-1.707807952815335,-0.11547092410178728,18.068493341772086,29.995123624801636
0.48606604476034043,0.6924492813982521,34.21517527698356,30.57946515083313
-1.7421314457750312,5.119244121694991,42.413761517975416,31.159865140914917
-1.8539695453797989,-2.152024686382626,16.216169028874248,31.79725408554077
-1.3329595246817285,-5.105976367808519,44.96361990760501,32.360551834106445
-2.4080845068800723,1.0980146264712811,27.21982585638949,32.96900200843811
-1.8856124146342408,-1.522893111403469,28.244961921653978,33.57593607902527
-5.109685678111065,0.9167249390217469,30.569482054140487,34.26840305328369
-5.12,1.8045046000565916,38.82287443580769,34.889976263046265
1.0552179261113324,-2.199238420741959,13.410330057880808,35.51042079925537
2.075127081810554,-2.222385602931959,18.612341481784764,36.16346287727356
-1.9395814280107486,2.420759052105269,29.119942498632895,36.80494046211243
0.3713192661427307,-2.223376257225212,30.321912602338553,37.57711696624756
2.803355630632951,1.3301999297436398,31.1667862199796,38.24335956573486
-5.10467184635791,-1.8714586935636244,34.73386740756631,38.90043783187866
-2.1414852812479563,-0.17991200006457486,14.053475519521186,39.57719898223877
-5.105632514063101,5.084822625415684,55.43268680841125,40.26522183418274
5.118446124570176,-1.9112172381109764,34.011057318411815,40.9495735168457
-1.9903005326012049,-0.1890405372036268,10.27836766210686,41.64814639091492
-1.9861879370883009,-0.14570102305399235,7.909597208101884,42.36494588851929
-5.12,0.17473461669926937,34.40049012274747,43.052475690841675
-1.9344837084320234,-0.10775088068552563,6.794784286220258,43.86536240577698
3.0646455894016222,1.8320213830099217,18.633545150639243,44.7578387260437
-0.29570115644022366,-0.9401671313364464,14.501917486188935,45.49968481063843
-5.12,3.3593998086768435,56.55541851436004,46.24933433532715
5.113261245219184,1.3221245526233467,44.69873944959638,46.984158515930176
-1.9721335948559973,-0.23685797533761033,13.273503883999744,47.74100089073181
-2.091347463473614,-1.5916607481458147,26.896414204912098,48.507858753204346
0.9586746431396636,-0.01996558598666276,1.3332514522916519,49.26775598526001
0.9242840088731805,0.026037982773682522,2.0989564272157875,50.085570096969604
5.12,-3.4042913111157285,58.75960830582747,50.9240448474884
-5.12,-3.719752910518844,54.65033642056915,51.81819248199463
1.003351735173962,-0.05218510778313412,1.544411578753273,52.67178177833557
1.0235492195048144,-0.04218919017672995,1.5079913495252661,53.60840630531311
5.12,-4.374581547730911,65.11412949206145,54.43618130683899
1.0102840190168152,-0.06873866636810444,1.9645380862358834,55.297921895980835
1.1091389179304967,-0.09381491603771686,5.187054721294661,56.13430070877075
1.092940586782225,-0.1731609752950911,8.239105936537415,57.00589203834534
1.0865304984847661,-0.09071013572722819,4.211418144692557,57.87462401390076
0.9432764135405955,-0.12275632769705691,4.36322122303549,58.74336647987366
0.9787926914902725,-0.17511578338720835,6.543924643844358,59.64603805541992
1.0152393089200498,-0.1920361726866986,7.551400232098114,60.6394944190979
0.7941405923901073,-0.1627384180418332,12.70691951039403,61.571476459503174
1.3427693314573732,-0.31920665417915384,31.621923645942566,62.551071882247925
-0.16162049930731737,0.05488270552400287,5.345808636787716,63.485291719436646
-0.1174235802391328,0.008085632847164348,2.627214261610794,64.42317652702332
-0.1098633163407623,0.10581094816481063,4.442444062624081,65.36678171157837
-0.18765373118481676,-0.0036911264193921767,6.2200081897030985,66.31747078895569
-0.16209401499814557,0.029065743178112058,4.946698151722896,67.30425310134888
-0.12866617583115492,0.0031951246869583727,3.112257904310253,68.34512734413147
-0.10806240130911338,-0.04142876856960509,2.5681162654542895,69.48745942115784
-0.11043556003560528,-0.09318553613206326,3.9988725572312047,70.58181691169739
-0.1955282329997532,-0.20044638010865246,13.658793490117224,71.7560784816742
-5.12,4.113680010208754,48.291377379619206,72.89413809776306
-5.12,-4.416938619858712,67.10284554961969,74.00902009010315
5.12,4.431713182461453,67.65837281238107,75.13518905639648
0.8187060019942702,0.018765443064189924,6.555974510001428,76.27897524833679
3.0084673876557924,-2.7406919071861444,27.160928540379814,77.42944097518921
-5.12,-3.0581592651221174,38.93733365572976,78.60328650474548
0.8009752557633583,0.017380529156310054,7.553043386493464,79.80044841766357
0.13481462041556913,-0.029426191403519653,3.567625220968111,81.05918478965759
0.20670730151070948,-0.8961664220519694,10.212846624478209,82.3147451877594
0.8632789406695904,0.02074212147949872,4.298867174379168,83.66491746902466
0.05546041896718723,-0.03523925383757742,0.8494713736714434,85.00571489334106
0.8606171383012517,1.0659738765511042,6.319819957238085,86.23713159561157
1.8939538344451092,0.9878516741365759,6.730937614260896,87.53343105316162
5.12,3.6315828423891228,58.8857433264307,88.73660349845886
0.7583834312312581,1.0616989338916687,11.917907468850256,89.98064303398132
0.7499533308574904,1.0052588707677987,11.581366228383478,91.22780108451843
0.7054058655236473,1.0056585526282076,14.28067952844275,92.55892586708069
1.4338478897139808,-0.3596412138648404,37.6906722769551,93.89527559280396
-0.5258220820177231,-2.8506158280040257,32.36205860935665,95.27983808517456
5.12,2.9012524024333137,39.20580697039535,96.61023354530334
1.1504672797214202,0.028792599092432702,5.633524471596648,97.93377351760864
1.0880909260104898,1.9446325339446364,7.057632831893617,99.27139592170715
0.010784530731026365,-0.056746366226659184,0.655212391998889,100.58184576034546
-0.02277428763748457,-0.05802778762100047,0.7634253025789999,101.93271064758301
-0.0217463593616376,-0.0580194043274167,0.7541867388556955,103.34876489639282
-0.01987686884677231,-0.05814725619229133,0.7416747336249347,104.79997038841248
-0.0173862969696863,-0.05837995542257346,0.7285654453113022,106.34526324272156
-0.014394215680310296,-0.05869795694157265,0.7169535496138515,107.80249118804932
-0.011014558229248905,-0.059085682178452004,0.7087911479171503,109.38321208953857
-0.007341195048824467,-0.05952948362217381,0.7056266156298037,110.97002863883972
-0.00341469758502555,-0.06002346174285833,0.7086939221072193,112.52862691879272
0.0007054684177134618,-0.06055980977037301,0.7190072285061575,114.13328623771667
0.005002691014138527,-0.06113144548762861,0.7373419341226999,115.78511810302734
0.00939541520319942,-0.061735708424715874,0.764253171368992,117.3411283493042
0.013897026538895574,-0.06236667945376695,0.8001825881520421,118.95204162597656
0.018399003512546308,-0.06301039033743372,0.844580620708733,120.5614264011383
0.023093085149218595,-0.06369603410304503,0.8998968294875951,122.15729689598083
0.027751234576615325,-0.064387613688897,0.9637894123211819,123.80398511886597
0.032422785931833786,-0.06509442381608643,1.0368893105846464,125.45762801170349
0.03707758422175722,-0.06581141695376225,1.1186656819941483,127.02487301826477
0.04170430015263982,-0.06653758650823338,1.2087701587360637,128.63544964790344
0.0463025001390891,-0.06726839889377434,1.3068741975845324,130.25775814056396
