-5.092125584751472,-4.932209063893587,52.77896783576367,0.30169248580932617
-0.8081764603098431,-5.048640695762774,33.030835886690284,0.5691735744476318
-0.8034900576380579,5.12,36.27234559000333,0.8487229347229004
-0.8178847285238486,0.9455282773657432,8.005796626007703,1.1512556076049805
-0.9041707267775081,0.48945103920019317,22.793722782393303,1.4822020530700684
-0.7653749896149051,-0.3975542049302412,27.7782020246689,1.8244402408599854
-0.7792950745183536,1.2362372774063166,19.441635698189287,2.1607837677001953
-0.8650181563809074,2.1313062047272817,11.891334402006205,2.450136423110962
1.9246041681586057,0.6669818338134554,20.2330601115458,2.776353597640991
2.144409573980327,1.5015196979958763,30.694256836412606,3.072690486907959
1.7074550472870236,0.14764944533086677,19.58196722083472,3.316282033920288
0.18844612818901485,1.3164088629956447,22.049162298331236,3.73720383644104
-1.259693141949902,1.6065487583998062,32.618021481058214,4.035383939743042
0.29729991930406996,0.8963812171575762,15.865829069800743,4.290298223495483
0.04507124173567867,1.6002067571012981,21.04353326267475,4.536894083023071
0.8333990224006875,-0.04978656134907489,6.178757896719278,4.793058633804321
0.8573826834782503,-0.20046222670452796,11.466082190958002,5.0538012981414795
0.9083320607279699,-0.35436664033231224,18.661558460095407,5.313141345977783
0.6544347891919449,0.3156055425692079,30.184430555639928,5.55012059211731
1.0434784974485103,-0.6689886433118026,16.780348688042515,5.819638729095459
1.0842360244996305,-0.61357042719471,20.4804885342867,6.074244737625122
0.13121745923807904,0.9200705285462689,5.309038290451038,6.484809160232544
5.12,-0.1796222699593386,34.677722288441,6.805483102798462
0.24807451030272443,0.9098747859054983,12.32937289352367,7.104979515075684
0.25290516017050013,0.9188227861420932,12.36352902878982,7.404171466827393
-0.3308408126037117,0.9030067056129356,17.588878903354917,7.690073490142822
0.35457037903281297,0.9390584040099661,17.83944651958712,8.030082702636719
1.1295046529795139,0.05633738486099027,5.030817116387578,8.329255104064941
0.8632132754700717,-1.0971062277803183,7.22458683744287,8.604642391204834
1.293393278158403,-1.2018452904544268,22.830427637096193,8.882540464401245
0.5436131155650203,-0.8973511590733709,22.7364097171818,9.196341514587402
-1.1807880293608197,0.9014421216609847,9.850821362330489,9.497761011123657
0.722309992110481,-1.499021495682476,34.499658722207855,9.981213569641113
-0.36958447123781824,2.3014859823460787,35.43867720324763,10.311246395111084
1.291653940189291,0.3581485583312576,30.668235548818906,10.675076007843018
1.2812263532818227,-0.11561492420298691,16.12884997991038,11.029083490371704
1.0148062470029906,-0.9545222690452251,2.3896673414104104,11.366029262542725
2.4125090009139107,0.2547609035525378,34.71089170535934,11.719332456588745
-0.033212088506093806,1.0547885836036253,1.917325876583595,12.078726291656494
-1.736560486995093,0.6696079892796156,29.146549703996964,12.456156253814697
-5.12,-1.389247193434422,48.529617534381956,12.845825433731079
-1.4205991888248701,2.2298874577437298,34.511294414461915,13.218175172805786
1.0023657509091768,-0.02315002862210047,1.1119785007609106,13.607288837432861
2.3367278464484045,-1.6092450793820867,40.96880512546952,14.076486587524414
0.886971239496952,-0.9220283194986898,5.230663405949383,14.391345500946045
1.1853280577144742,-2.4452570545427945,32.84599782137764,14.728476285934448
-0.21707151595591156,1.2373646259038944,18.730892357026256,15.085565090179443
5.12,-2.364060367287564,51.082213097964875,15.425673961639404
-0.035921456202906654,0.9526387323199526,1.6019469665421138,15.740090370178223
5.12,5.12,57.849427451571785,16.06086039543152
-5.12,5.12,57.849427451571785,16.403276205062866
1.3223211420468486,-5.12,45.06254383821885,16.74019980430603
3.170507035983527,-0.6885770879836688,29.500881536935662,17.091224908828735
-0.8570171811973717,-3.175380553866454,20.070210462907298,17.463051319122314
-1.1721546987779838,-2.6119056694662586,31.125795491905315,17.8499972820282
-0.3830018229020222,-3.62134024024102,47.910073007697584,18.322530508041382
-1.5036278450203109,-3.333972559156523,48.408414305656336,18.704790353775024
-0.43210218948608325,-2.797543502998497,34.1736647057475,19.078277349472046
0.9689421723573188,0.06216279097861399,1.88562919019191,19.50178623199463
-5.12,1.3623906566994473,47.27007680510594,19.9055392742157
1.9946216148152534,2.982123832005274,12.940299171307077,20.35047960281372
1.5061042502242978,2.822694700270606,35.818226771247716,20.81377387046814
2.4352734664381233,3.13657515271463,38.41445953153965,21.24518370628357
2.1142897655164203,2.568903494197243,32.616329018270676,21.65426516532898
1.8172096850434345,3.35648873149614,36.67246805913662,22.07779026031494
0.03750091010787493,1.009595392172165,1.3151720109518514,22.607033252716064
-1.5199835799885575,-1.1418046851808068,27.248882122052834,23.06521511077881
3.0651340672437604,5.12,39.14556302690808,23.533547401428223
-1.026597291332,1.0443592447612353,2.6698107162426687,24.017822265625
-1.2131261434412361,1.1316001701687295,13.68417845888294,24.502904653549194
-2.4666745129642766,-5.12,54.79077537407156,25.013041019439697
-2.2640578649984526,-0.37239882963063486,33.10133415065826,25.514411211013794
-0.9883749971951499,0.9137647315053368,3.2708623974748896,26.144614458084106
-2.4744766808096577,5.12,54.91943485253567,26.639073610305786
5.12,-5.12,57.849427451571785,27.147836923599243
-3.1858880936036273,0.7893524306909674,24.405285387893144,27.664630651474
-2.6902674358182237,1.3332758037698484,37.67764935500239,28.327404260635376
-3.2984855563638558,0.12241671741049931,26.7096225940271,28.897085428237915
-3.895215703103437,0.7494432483782987,27.85950261168455,29.493772983551025
4.143593916896859,-1.144069378985796,26.104459234208484,30.1061429977417
3.704306484295137,-1.8807539453863642,32.7688184743125,30.719563722610474
3.9277659296882694,-0.02645298503945881,16.578240337980954,31.339416980743408
3.655898426761291,0.39453229969239256,46.978809817824725,31.970884561538696
4.110476832908401,-0.40967125902318724,37.810043402418444,32.53504943847656
1.194573103660467,-0.9055852573289798,10.543066463315824,33.099924087524414
1.0133922539229347,-1.0456510276550546,2.56428746428727,33.6902642250061
-1.8609033643600577,3.4647758154349484,38.805846611835676,34.31627917289734
-2.0007873282845345,-1.878444897512066,10.309375244788715,35.037946939468384
-2.3091642712150895,-2.16363017090593,28.481599404253917,35.654078006744385
-1.5874608405228683,-1.8304774820528271,29.554561536221414,36.275612592697144
-2.178586232734006,-1.559803094286392,32.143536511663264,36.92484974861145
4.358101301408769,0.18347190553498738,41.24916523246331,37.568320512771606
-1.879796363978207,-2.133390713440864,14.115442289534478,38.235833168029785
-5.12,3.004287926862717,37.95408876721258,38.89790177345276
-0.01287517599988508,0.9965317571036882,1.028319467197793,39.56714940071106
1.07326891692687,-3.747307937090028,26.404445692930878,40.207555055618286
1.9775968706673277,-0.32794073681266145,18.82109584393998,40.88183808326721
2.5783876856696892,-5.12,54.38421700188921,41.550400495529175
5.12,-3.682976962673055,56.576844838855706,42.25439763069153
-0.16361963912714383,0.40610874774797967,23.336583319541592,43.05397367477417
3.2925658066801615,1.9527219706298249,27.7348093889688,43.75702953338623
1.0210903761360468,0.02154425653002967,1.2222427895925563,44.47996211051941
0.14329891326225042,-5.12,32.73207577112199,45.268085956573486
0.6063792081229238,2.070906489685737,23.4806170863273,45.96467733383179
1.2012016714967766,1.6141879013214409,28.56497012376181,46.73542523384094
-0.9563820878642204,1.0059987335009382,2.3070006022245444,47.45119047164917
5.12,-1.1705627142935509,35.508407133226235,48.17756223678589
0.9628620875510672,0.00047509656004063316,1.1981631156073806,48.98093891143799
-3.8121183252648403,-5.12,49.65229237161938,49.80718111991882
-3.7896651362958558,5.12,50.81976128233816,50.7459511756897
3.58769277620645,-0.2065785382070402,38.7397496935868,51.56254267692566
0.3633026859096695,3.204410361269953,34.107513944838615,52.38630270957947
0.99349653089799,0.0053254273874312474,1.0010088278486293,53.24624466896057
0.012793989357745339,0.968491270080575,1.1657636207497646,54.07455110549927
3.5519400776997445,4.166696266309457,54.45143755280051,54.88833785057068
5.12,1.1598406908579024,34.903227430286265,55.7156400680542
0.0022456997961555203,1.0051274653733415,1.016470896698804,56.549524545669556
-0.5558415235555385,-1.469654586823058,41.678392712202,57.42378091812134
0.00035443894444142643,0.9948314076694507,0.9949871903146867,58.30840229988098
3.8166298642846828,-2.964414036587323,29.538090148398013,59.20529294013977
-2.6115613461178304,0.3935341429110748,42.462117209055236,60.22741889953613
-1.4789556227057,-0.3535181253557518,38.28022932318038,61.15019202232361
0.995183215073796,0.0019056086055062593,0.9956894795408981,62.16817545890808
0.995322977341,0.0013437426472284741,0.9953436032390321,63.148492097854614
-3.65567814272292,1.402029247464582,49.079664267758744,64.13613891601562
-3.881980198608547,-1.8784840673217311,24.00002749899042,65.16261649131775
1.0098160410821073,-0.00399298001926951,1.0419050329395212,66.14083814620972
-3.325071048385449,-0.6521156611952827,41.795027404137386,67.2254478931427
0.0001165859607601405,0.9954635679847108,0.9950123110766746,68.36368060112
0.9927080907486117,0.0020138773972870894,0.9967678464697833,69.39456748962402
3.348110644907365e-05,0.995863679105427,0.9951217106175037,70.48054027557373
-0.8290991801804362,3.2347777436744023,25.428346765218624,71.66516208648682
0.00010287778238637912,0.9960587502097606,0.9952011570430255,72.76566076278687
2.123061826937926,5.12,36.27545312066367,73.91965556144714
0.9930648881809585,0.001541281578108844,0.9961413821332279,75.07129240036011
-5.12,3.933729458559955,45.253391525906075,76.2470703125
0.9933304155026592,0.0012341263044017836,0.9957868553119482,77.43630290031433
-3.4039808988565117,-2.2865560635139026,47.32681205471562,78.53457999229431
0.2800733951473937,5.12,40.88149764873857,79.69179058074951
0.0010642935626909988,1.001979292690459,1.0049605181789811,80.81081819534302
-0.002391156797176386,0.9926685952695582,0.9971331006635875,81.99804663658142
0.6001284922318098,-4.298357942264823,49.91334044312886,83.17177104949951
1.3726281659764767,-3.238721034920989,38.630245503868395,84.3364245891571
-0.000215641638625641,0.993262876696348,0.995538425955786,85.5843997001648
0.9937166081409066,0.0018647079537856825,0.9959547531191042,86.72943019866943
-5.12,-3.7811908935848555,51.274857620432215,87.93116044998169
0.9938042376069891,0.0010043116785585227,0.9954233948888049,89.177325963974
0.001352878146243519,1.0024279767830784,1.0063885772471544,90.45800614356995
2.880811053261284,1.3083386825213097,26.270339725847627,91.88742661476135
-0.006043598763528557,0.9940506353741982,1.002367954943999,93.3154730796814
0.9921756699869615,-0.0038760743457597613,0.9994749844328688,94.76947569847107
0.0025455411473682688,0.9928864046307657,0.9970959385032216,96.15138626098633
0.9943062147145634,0.004573746400191148,0.9991933688034145,97.58042693138123
0.9946882104276087,0.003327917507951028,0.9971706778337239,99.02175378799438
0.9918988908621227,-0.005152985287842249,1.0020825531802569,100.57171201705933
0.9948138628694867,0.00424512845008973,0.9985382490754162,101.96721029281616
-5.12,0.3549366932316458,45.176620848703166,103.36453700065613
-4.0740854243469355,-1.4098036859290266,38.08637569191242,104.76705956459045
0.9986714829491437,-0.00019919695254078107,0.9977009895730031,106.23374366760254
0.994208103826419,0.0042638066371001315,0.9986773129042099,107.78106594085693
0.0018321750845506912,0.9940952543816097,0.9957728302877324,109.26838493347168
3.267229131871628,-1.2984498717516737,36.43857781024844,110.78335762023926
5.12,3.929696773823287,45.32708841137564,112.53639245033264
0.0013876235685472693,0.9953105225840035,0.9953656122902874,114.0855233669281
0.9988141712118868,-0.0009719695957270957,0.9980947434579637,115.81862807273865
-0.006406480258184466,0.9958645892188107,1.003263325562088,117.75674200057983
1.695618843996674,-4.131174455435287,36.50100272857482,119.48450255393982
0.0019597855881512416,1.0027788976248049,1.007851760920122,121.11120247840881
0.002522116089473947,0.9925093914394223,0.9974103228166449,122.79324626922607
0.991511186525539,-0.00500277204947519,1.002280022574384,124.54049468040466
0.9938922419974396,0.004891199364677412,0.9999304663543747,126.24231314659119
