-4.7644174776682044,0.39035965224994573,3.3967167555563043,2.9430797065495726,47.59294013370216,0.6235342025756836
0.2788525849959429,-0.18674721738427458,0.6867306585172299,-0.45205093354557757,5.923932602843804,1.1089160442352295
0.03810425984385546,-0.1162646046760214,0.34987666248907345,-0.27134690181665455,3.2155856581863507,1.5486135482788086
0.13251758499708188,-0.10842928589211986,0.3377706908602738,-0.2368340627955572,3.1911183091591107,1.9633996486663818
0.16632861428252887,-0.12607458584349107,0.3018268682020171,-0.2559479665868132,3.353290665637582,2.25216007232666
5.12,5.12,5.12,-5.12,105.94172549031437,2.6613340377807617
0.09842948416200414,-0.005711304753670987,0.5904695875923691,-0.18846989349610777,3.0454594093944203,3.0297133922576904
0.07358353971342702,-0.00262564903806517,0.6757906167977126,-0.15481162856456532,2.4777023291136464,3.50614595413208
0.032879678391773304,0.011562170682370976,0.8137596784698253,-0.07639491661577669,1.4161801193790762,4.0416553020477295
-0.006750233950598705,0.04330497260606325,1.0031270392213507,0.044650438680210236,1.0871561058646355,4.429816246032715
-0.050699734466365776,3.175433921291366,5.12,0.6247430174283046,39.26868557947632,4.939074993133545
-0.13562557216490134,0.026940616021877695,0.960917134259148,0.17869512621562045,1.9271643548787019,5.390088796615601
-0.1731116907954977,0.015877333915133462,1.0601256591583885,0.2565370103207849,2.8719157456986735,6.029911994934082
-0.16336354467715886,0.005466384963829007,1.0745492501043126,0.23268283245853727,2.7173589429580103,6.489572525024414
-0.16043954266472582,-0.00617860484635635,1.101261490658933,0.22393789751900428,2.7886096791984016,6.796797752380371
0.2542734445157784,-5.12,-0.49666406617629555,5.12,56.30882088300601,7.238786697387695
-0.1023605486326149,-0.034692752607413446,1.0991807660748059,0.13366376750713282,1.9815810305405308,7.717502117156982
-0.11758291712082425,-0.05163585647891278,1.168281060840079,0.17317568762544777,2.768888481286838,8.256097316741943
-0.1163197411162118,-0.05847291812191635,1.1664784501905459,0.16030599172553828,2.6902256471376775,8.747177362442017
-0.12034456894886958,-0.06509185801788142,1.1679345287329976,0.15869389713227022,2.727141539328804,9.065455913543701
5.12,5.12,5.12,5.12,105.94172549031437,9.510686159133911
-0.08430646742626369,-0.06122015779366663,1.1604322521913897,0.13501477619201552,2.391034560091447,10.022457838058472
-0.10892348684342323,-0.06529637538053201,1.1665896784432208,0.20236330799758662,2.9309098037383086,10.55506157875061
-5.12,-5.12,-5.12,5.12,105.94172549031437,11.006874799728394
-5.12,-5.12,-0.3183137092708943,-5.12,80.97378641405592,11.433027505874634
-5.12,5.12,5.12,-5.12,105.94172549031437,11.926960945129395
5.12,-5.12,-5.12,-5.12,105.94172549031437,12.402443647384644
-1.950341262454963,-5.12,-5.12,-0.34036831051434735,58.47660671466239,12.876245498657227
-5.12,0.9105744662130872,-0.2659124672132096,-2.930046880608685,37.31906697908929,13.338559627532959
-5.12,5.12,0.9601597255915895,-0.7889613314575996,55.30403365135185,13.808017492294312
-5.12,-0.06714946308082581,-2.0105974079206113,-0.919048081513024,31.59359069323233,14.396196126937866
-0.23607791762647956,-0.03967243437528367,0.9417598865422985,-0.1041287470601846,2.171316177706114,14.911080360412598
-0.17758199322393153,-0.06140257387885484,1.0244403342947388,-0.17833567069932776,2.327164296701394,15.451345443725586
-0.14459107352680256,-0.07670285938392585,1.0819945553338313,-0.21050945473314542,2.624994138182947,16.085392951965332
-0.14285465356359506,-0.08182475768841257,1.1062264698637607,-0.20162994487733776,2.7125971831680484,16.66536784172058
-0.29619821917841893,-0.06377865967769836,1.0298389849853535,-0.05397550662108053,2.595202309682179,17.230971813201904
-0.11000567381078952,-0.09211944009215856,1.153145084930312,-0.19076692814733143,2.8437902168509748,17.901366710662842
-0.34887355629795636,-0.06344859458636076,0.9898922687511336,0.07702354484427776,2.8888736939917736,18.655887842178345
-0.06304963664510499,-0.092207417141136,1.1692520694133854,-0.1829006449395072,2.7586276250757207,19.248310089111328
-0.3279819291714272,-0.06770136256784909,1.001990475550497,0.10627478300296467,2.902014401793089,19.66858148574829
-5.12,-5.12,-5.12,-5.12,105.94172549031437,20.20818519592285
-0.02817723198440536,-0.04642470069750981,1.1955561687683067,-0.08072687458339178,2.28714868017944,20.73981547355652
-5.12,5.12,5.12,5.12,105.94172549031437,21.259271383285522
5.12,-5.12,5.12,5.12,105.94172549031437,21.78426957130432
0.5302700018074757,5.12,0.9384382771529092,0.20516390835680198,30.467222718421745,22.62482786178589
0.049227666229406886,-0.0783210272714312,1.2146547321583983,-0.12207803515849402,2.724733143621706,23.080776691436768
-0.25499057222807764,-1.946796589257608,-2.0286859770742836,0.30670070570612395,10.516347979746463,23.635074853897095
-0.166374829675334,-0.12115362225737414,1.0032166574432848,0.346297794564542,3.512162912302885,24.1709988117218
0.10858168222190656,-0.05712426689479688,1.261623896670196,-0.07202997687731472,3.0731447002151637,24.755545616149902
-0.187594202142515,-0.10331532119720954,0.932628031530915,0.24892454052331114,2.880397961546629,25.42615818977356
0.07956562337771977,-0.039671282299358346,1.2589948259090704,-0.04663615611879823,2.8475456026734554,25.8898286819458
-0.3073997150655332,5.12,0.1373322128841039,-5.12,54.78685347298779,26.56103539466858
-0.23757715257247547,-0.0497908978608379,0.8631101583376006,0.1596264656779347,2.6097588751449186,27.23726987838745
-0.236388505018704,-0.03518306255475512,0.9002324170224458,0.16537433616603803,2.516909908400305,27.87514591217041
5.12,-5.12,5.12,-1.216813313476591,81.72991842898465,28.574779987335205
0.03951722820758086,-0.0034389601716648954,1.177498242606208,-0.12953678729884466,2.309140780794936,29.234373092651367
0.04442663255562618,0.013214345979966957,1.2283227670659196,-0.13121349991174736,2.7555439867668885,30.033141613006592
0.018138275460378495,0.030257852219389036,1.2379712729959422,-0.09882644624058923,2.6792529337469695,30.730772256851196
-0.0041321975088264296,0.05266792387882102,1.245882882831462,-0.07808759447467573,2.707809021076179,31.455004453659058
-0.028736310246863184,0.07462812120465134,1.2513924709231166,-0.04524589057254946,2.747504018454149,32.033464670181274
-0.08637252071432489,0.10602338370646791,1.224845937981173,0.01065872756230224,2.7213957319887343,32.55687594413757
-0.8798561461908951,0.9309016814697326,-1.4813178476793265,-1.0356776357544302,7.290220517502483,33.19798183441162
0.9732011854467171,-0.12302863279577902,-1.1365444168630088,0.2823212221966438,4.179712320115975,33.859917402267456
-0.4603340313180606,-1.1876202382881762,-0.7916578838767974,-0.023431349536826573,5.588790185118208,34.52967047691345
-5.12,-5.12,1.4217831067784843,5.12,83.35941026176049,35.16312074661255
0.6859679988443732,-1.321589288347179,-2.501308572667291,-1.4150128691716475,17.16305774069174,35.8992133140564
-1.5692570239455246,1.653458086771657,-0.26155486596068833,-1.5913307683004372,14.186466149595708,36.569634675979614
5.12,5.12,-5.12,5.12,105.94172549031437,37.48696970939636
-0.09961108065743574,-0.0773436265592018,0.38754510811534804,0.17145475757685524,2.7876827068538854,38.16558647155762
-0.10014509402341609,-0.07801299029399278,0.38915736607414786,0.17516592782329,2.8215743538759064,38.86136507987976
1.5669961439800542,2.828966123377045,-1.8211846129736777,0.8528205795720103,17.90466106620604,39.61175990104675
1.0687504065581956,0.20738570496448805,-0.32985626116601985,0.6767413920509453,5.504489189993365,40.55870819091797
-0.1082663866963598,-0.058881617674224174,0.39293094888377667,0.15909075121654848,2.726621204396572,41.30392360687256
0.2188096564723363,0.7335017135093009,-0.6573279538111834,-0.34666163714706233,6.167523938947556,42.033538579940796
0.32688423310928005,-0.906637812896192,-1.3808500692926784,1.4641564020701683,10.318393729611918,42.8373441696167
-2.007315277412481,-1.8376836879812624,-2.1195703671168853,-1.5715828710102802,17.01615497675037,43.65787410736084
-0.12482087221703964,-0.0825524733416998,0.4825356586245997,0.08583699105579523,2.822165933537512,44.500218868255615
0.18824865349658104,0.6191071111544666,-1.8776571831686373,-0.1594822385703072,7.066842520156383,45.40708255767822
0.4998142012810103,0.6508296626893859,0.9173566044708856,0.1611384983602191,5.7265034119645115,46.530004024505615
-0.1615629904968161,-0.10822648474032892,0.4387116229612458,0.06116513528943557,2.928656437216804,47.608829975128174
-0.16484732236500133,-0.10591854111001098,0.4510689735003153,0.0725453739385502,3.0058564351568524,48.62520122528076
-0.15787860354274308,-0.10801764525347135,0.4599976411187159,0.06740930959978275,2.9842514421809776,49.702181339263916
-0.13118561720968014,-0.07781889209154347,0.5084481905907481,0.08493517088969682,2.8647171621470315,50.877657890319824
-0.17139284835836666,-0.10934575130690938,0.471520378112106,0.08316928437435056,3.140879373138042,51.986125469207764
-0.13468580308494982,-0.11270532956342283,0.4953442976496376,0.042400670039906885,2.8904979251518306,53.04885005950928
-0.14211866247609528,-0.11227821249536785,0.4962392296995093,0.05440228916051559,2.9511706204915678,54.10503125190735
-0.13438935611475955,-0.11620405675402168,0.5120309740689626,0.046688986121814935,2.926513098655154,55.18690896034241
-0.05531857270857721,-0.27086284786310255,1.1676322190927735,-0.06204890978538202,3.2144537632078967,56.11790990829468
-2.1868983041328485,0.5509439270210486,-5.12,0.13594249085096966,34.49615046594767,57.159292221069336
-5.12,-5.12,5.12,-5.12,105.94172549031437,58.18231534957886
-0.9544765721617265,-5.12,0.6872491683196822,-0.813582374234441,30.566495044253006,59.51657557487488
-0.13214685035032936,-0.09411279658413285,0.485406043559359,0.048857521272418936,2.8020216210408604,60.5129668712616
-5.12,2.3001163221670353,-5.12,-5.12,86.05654122723753,61.74566149711609
-0.1357516405706951,-0.09691933004782616,0.48881930533537954,0.050097268623757074,2.8379377844543656,62.952603816986084
-5.12,5.12,-5.12,5.12,105.94172549031437,64.04524803161621
-0.14278782427391246,-0.09204063931022333,0.4897194249721686,0.06000080952425346,2.879206168035406,64.96930480003357
5.12,4.749470004482407,0.6346770130945147,0.45386872808819234,54.27615762855289,66.01658868789673
-0.08812483230098866,-0.08783773904119041,0.4965363999018333,-0.008082716734255868,2.5610359146603097,67.15878367424011
-0.12194381556615852,-0.03794425597705331,0.5079898062795793,0.055766752926598606,2.6447075132463818,68.06890082359314
5.12,-5.12,1.4627774885451679,-5.12,83.56878755578212,69.1534116268158
-0.10206820784075532,-0.09473295500167644,0.5097033503743083,0.019188768080328877,2.655626149914485,70.32135128974915
5.12,0.2846048796795708,1.335117143562221,2.926995024717379,39.745036337068875,71.28887128829956
1.4631730894161725,-0.2055900933709527,-3.591296869042086,0.9834301275183632,20.590959033629144,72.47701334953308
-0.13196369150626808,-0.09472294978170925,0.5144894315849493,0.08238151090902868,2.9211727315391256,73.58946895599365
-0.38984097516603633,-0.2261945196608961,5.12,-1.4330936251460487,33.27611929206451,74.76440501213074
-0.1504186745892664,-0.07861393296374342,0.5455326445304003,0.09872183133198931,3.0156771022797138,75.93463063240051
-0.17604116578093,-0.09732660792215864,0.5446129359794369,0.12073667026357615,3.3198929127529198,76.99494457244873
-1.578153768951696,0.3130006409190971,-3.0768956634825093,-0.7908489092795703,16.80930272408332,78.15088748931885
-0.16243296853815803,-0.07896932687865643,0.5572672166194357,0.11953268221825475,3.1601742843450804,79.1929919719696
5.12,5.12,-5.12,-5.12,105.94172549031437,80.56540775299072
-0.14617425232808579,-0.09405989775726731,0.5930854531399303,0.1108909375502245,3.023663633029971,81.66989517211914
-0.19513339159842058,-3.9379202658273957,-0.8586493351679056,0.624220988375007,19.48908471294204,82.88853240013123
-0.10405388227312695,-0.11521846257478874,0.6035976677166319,0.08554875844286958,2.789306982567872,84.03007793426514
1.1153289540550047,-1.9236864126716346,-0.2929151256690128,0.39826577086241866,8.621923482500534,85.29919028282166
-0.03558771658736859,-0.09547599611791302,0.6397426591450879,0.01338146020102382,2.2615330089854044,86.45039248466492
-3.439191984887091,-2.345046201744073,0.24750556258411027,0.009912880951366887,21.86512617307481,87.81551718711853
0.07575349324272906,-0.09447643192922861,0.680223499014633,-0.10281852497631228,2.396194506395617,89.0624430179596
0.04825791703192284,-0.1074497061693167,0.6681442555504953,-0.03399547360070798,2.241101098289146,90.27103805541992
0.005835547060436319,-0.10036208976554395,0.6638718578731071,-0.0032615771560333684,2.1591773278947692,91.53793430328369
0.023537648590195914,-0.10711584474458569,0.7281500508145404,0.010872855308904583,1.9105163317806215,92.9104905128479
0.20714751964229983,2.5368445415119973,2.8356455238674396,-1.5860285450033689,22.0870829181695,94.21575927734375
-0.6162789180832196,3.2456547024272515,-1.7944058720927787,-0.7519401463788515,19.129260094174295,95.5265645980835
3.1766244711288865,0.4259766805746006,-1.8442103512267458,0.9969255745603594,17.558488327065483,96.90522742271423
-0.22997399520581663,5.12,-5.12,-1.03744427428333,55.00209447125638,98.28520727157593
-0.7132461497355118,0.07275701631208431,-0.7991101456975827,-0.12544069303856276,3.4910533967781845,99.56827878952026
-1.750557851333471,0.7498261260328647,2.1549488151556933,-3.137901627360357,20.90463399528792,100.87990498542786
-1.4888593415069153,5.12,0.1372981743685413,5.12,57.5535549526447,102.25290489196777
-0.2513167152304847,-0.4386814537445103,-1.3479227323176883,-0.6872021587263024,8.44129991736155,103.62152647972107
-1.551054576435404,0.7472843739054769,-2.057896040925611,0.8928257903624788,11.246058078651783,105.38301062583923
0.13878055352102692,-0.2732414092940436,-0.4002584824713722,0.20640644013074994,4.338410369333524,106.96365880966187
-0.08584785736037226,-0.083348353900071,0.5056301486006589,0.14523278891923042,2.9546986505449073,108.36696124076843
-2.1768384735050983,-1.1346394693618134,-0.995886407416747,-0.06237126743825794,7.9911802299807375,109.71136617660522
-0.4693028829375221,-5.12,5.12,2.9965290805378677,64.15198934472768,111.20725274085999
-0.14411415196931365,-0.09051360716297197,0.4559333461240236,0.14355731524176019,3.139424668284467,112.6000828742981
2.466202648469938,-0.8792770672192392,0.8301251275489854,1.1769828973118797,12.256068664041816,114.03903841972351
-0.17423886316743697,-0.08734205134740591,0.46307948191913884,0.15819909469155125,3.393919914809317,115.4222309589386
1.9099451599935549,-1.691409559976504,-1.9382736786605692,0.41079478477611,13.871410700304583,117.02563953399658
-1.814304250080922,-0.5010082951636585,-0.49277220215797257,-0.928050446471322,9.353084332815357,118.57434749603271
1.0474907848657482,0.6219771480322605,-1.482792131353163,1.1319007720142542,9.046931163127361,120.10508728027344
-0.07432850694103887,-0.12826725724068666,0.48586554196850695,0.11759025047576,2.943322912993542,121.57259774208069
-3.556807541235054,-3.784980343618642,-1.481088475359352,-0.06275755989746479,33.9631576780125,123.03800010681152
-0.08615109018389688,-0.09788493390622044,0.4792944773989545,0.13531695426000478,2.9229754747101926,124.4964075088501
3.349766593320486,0.36800612309715763,-0.2923454794766869,0.8850617570756265,16.999693110585838,126.2080078125
-1.8899007904996474,0.6421252535518072,-1.3026242372003556,-0.24222093035212033,9.872311453328841,127.68787097930908
-0.049817733355342675,-0.12003472044306118,0.4806039927679704,0.05747447887086654,2.628027093539531,129.40391397476196
-1.8155069418304062,-0.774209801688742,-3.1193184893127652,1.6280706107165637,19.686070650217495,130.90935611724854
-0.10828426138281433,-0.10302756183612516,0.5253980567161936,0.16647394145042504,3.2373125461013865,132.46679997444153
0.5807789285457128,0.0022422565448456666,3.8557444522417983,0.7858471261559323,18.85573693747737,134.0942406654358
-0.08804291725045843,-0.09945924200695355,0.4724221709741938,0.09593041989969109,2.7494113992039853,135.66486191749573
-0.9564674734136336,0.2465182984430756,3.265666145723359,-0.9822657963010251,14.724799114837174,137.53328037261963
-0.08275371767837925,-0.10645327818393735,0.4715559250972614,-0.043477772892797084,2.611223687916923,139.18216156959534
-0.4013061018793387,0.3636231196279063,-0.05754637514251737,-0.1470921457528327,4.2490186968215236,140.8040361404419
-1.2176637904367489,0.7892987248174892,-0.6107253267566799,-5.12,32.28551554004441,142.49976420402527
-0.07543492218609149,-0.12176761141916792,0.4898629550854823,0.08179407397491811,2.7832418344223866,144.26286721229553
0.839582033440121,-5.12,-5.12,5.12,80.62758450016996,145.99180722236633
-0.07294914542199393,-0.11689738708551811,0.49622347315153625,0.08089987122020137,2.758962267798702,147.83441710472107
-0.244225289225537,0.1252487583459354,-1.2378472426928555,0.37554531668245517,5.63959855133464,149.4796416759491
-0.07623777008199628,-0.1222231437617225,0.49469713684661887,0.08521036041916297,2.805328631529262,151.26747512817383
1.6655929799299534,1.3311404974532266,-1.9093746631584567,-1.286150384122974,14.222856565638683,153.092711687088
0.28589698081715476,-0.028033459183641085,0.9428358781124517,0.12576808408334283,2.5865184913830435,154.8328731060028
2.4867963901824757,0.09969524934382346,2.499421050230896,1.8599277163712147,20.449871257770614,157.16637516021729
-1.9507930143239163,0.5774926304964056,1.4498777956835918,-0.7218197787398459,11.820420199139427,159.17148208618164
-1.331956806995835,-1.2441006020153536,-1.1303579721777646,0.5452640998900371,9.62927360248741,161.20805287361145
1.9934267652911455,0.14077028146487702,-0.8785405953764496,0.08313413325523555,5.550165267944796,163.0090205669403
-0.27357933475986584,0.13969893150976986,-2.9719145108709193,0.7179261883213552,12.166481064611187,164.96120858192444
-0.08469024517049384,0.6675796715753783,0.9418730015176004,-0.09125494216151786,3.207458977783097,166.9746699333191
0.08665954335678183,-0.12399547729711191,0.4154256733930364,-0.04117450744775475,2.5255943574758555,168.96476244926453
0.010099134015447042,0.12012882330141572,0.9491823315896406,-0.005482153187967853,1.2402451588201182,170.88191676139832
1.3712735790254555,-0.9820321377354277,3.1263375697392233,-0.5342827051459365,16.87669809085525,172.84379625320435
1.6502847292219984,-0.6875879038768273,-0.9074236855009836,0.7348994812958889,8.787414941059895,174.7270474433899
1.4900059198612148,1.0764257878764587,-1.1516378411798076,0.0015078786176108139,7.236823501392385,176.82137250900269
