-4.142782306057605,4.19896755991651,-3.2114256176736964,2.960251977956406,72.39014983267721,0.4743833541870117
0.6760839070647933,1.5688036804361607,1.2553690496909757,-2.714173781255779,67.98941230227905,0.866246223449707
0.7985434364331301,3.7118359322871326,-0.6786213071699931,-5.12,77.50865433757002,1.2284715175628662
-1.6103553392804169,-1.3639120247350527,5.12,-0.9373067645390316,69.27518482689227,1.5598328113555908
-5.12,5.12,5.12,5.12,115.69885490314357,1.957484245300293
-0.2209341328938743,-2.6934793696395163,5.12,5.12,86.81406169584656,2.421271324157715
-1.784093979953087,-3.6994302761957725,0.49625723299821267,-0.7776554234176105,66.98647300888524,2.787221908569336
1.516963770109239,5.12,4.688458790460889,-1.0322159688334667,88.19153561391441,3.1329329013824463
-0.7826424093962201,5.12,1.753895881249254,-5.12,79.25671228595765,3.484440326690674
0.35581620309310225,5.12,1.4761208937707773,1.6933389724738097,83.6402044639944,3.8465025424957275
1.0231497888417582,1.4833625814359435,0.26443155348228853,0.5557313762826963,53.97563218089094,4.2483601570129395
-0.2092455314874231,-0.7864040180876035,2.433832689953716,1.7216273049833664,55.670984669117644,4.7354278564453125
-1.2291950122883422,-1.3737641401621055,1.3854184238105463,4.533127562972864,88.88185602430516,5.1483314037323
-1.1579524456510195,-3.2602924916563687,2.598944534822115,1.5459537596966273,74.00966406167733,5.6506993770599365
-2.1378342869465787,5.12,1.2387058397672561,1.8903811469148026,53.695074472936305,6.117244243621826
1.6901724132525473,-1.567844819768455,-0.09071773126571614,-2.698590701727955,60.136941356144504,6.559217929840088
2.128495714043355,-5.12,-3.239795090686294,-2.1494567461424543,65.11139298984013,7.047107696533203
1.6751242931047088,5.12,4.9261894490358005,-2.207822227862382,83.84258012456071,7.699249505996704
1.9395749329452654,1.6495165354373853,-0.45298121174783734,-0.11398875080989423,45.339341070252736,8.442871332168579
-1.7069556217324853,2.494013456113695,0.5591943501127847,-0.46717347017837785,81.43371086424797,9.152352333068848
0.6118881802306237,2.9992147398510935,-0.4523047898570409,-0.7431977301139518,57.737295294821486,9.775134563446045
-2.613199421222894,-0.1348113947023375,-1.825239517397406,-3.655572332049572,65.53288250210865,10.286986827850342
4.067561598754611,-5.12,-1.2288937050166027,3.1345998851671366,69.7390084414193,10.813818216323853
1.2625240205647446,5.12,3.084178796544344,-3.898095670338667,69.35925143224732,11.424425601959229
4.861993515228124,5.12,-0.17447473201219488,-2.6791432028557636,83.03885042132255,11.859708547592163
1.9911983541122344,2.1530671982120557,0.040224074809721344,-0.6876910533235634,27.502955721181525,12.305525541305542
2.334533287018571,4.1012196914006696,0.17475052319164686,-0.7579393715333316,54.84281779092021,12.824971199035645
1.6098567934163839,-2.582179110719108,-0.04983976143995417,-0.6933610348113621,60.120090639162115,13.54001235961914
1.4721477763632116,2.582888622539297,-0.07884373687814339,2.4869601591249637,74.71979530556848,14.103020668029785
1.6045497591327047,1.243403155738946,0.025152248316860693,-1.0123198542907925,32.805102034441994,14.613171577453613
2.292216602574867,0.8473985493473206,0.07149440514750527,-0.842287734511542,29.076646905200704,15.187874794006348
2.1391702928757583,1.732120070238012,0.19571993716112068,-1.6056920260997907,49.4296301907006,15.782090425491333
2.41910970869701,1.342042695558189,-0.13853063010881517,-0.5410976755928179,65.39066504079608,16.227574825286865
0.6172770401930494,-5.12,-1.0289920126438128,-0.8492790584442735,52.81588766393125,16.925902843475342
0.7217094800538737,-5.12,-0.5307963180209772,-0.9588903144514855,62.56011083954625,17.518783807754517
1.1393755583019853,-5.12,0.6055710142085964,-0.800149959712928,59.605804735909004,18.065783500671387
0.6905354485275863,5.12,-0.637752203961333,-0.7758451258642038,68.92581373011826,18.545061588287354
1.6998059117598903,-5.12,0.7538008796958557,-0.664174888137679,70.82133926497465,19.151601552963257
5.12,-1.1416552419873374,0.5609668419694378,-0.9697333832177186,54.644906016109886,19.70184826850891
5.12,-5.12,-0.3394798526495446,-5.12,102.22003295589461,20.341203689575195
2.7097595355426662,5.12,0.568663304846523,0.004715988038088703,68.18054155186093,21.049564361572266
0.9948373384631841,0.041349999768200085,0.32590166930840425,-0.5348641294687395,36.07591143732939,21.68963623046875
0.871526641800882,-0.0017980033877158519,0.24630241093003402,-0.5563810448278739,33.362100642404386,22.280773878097534
0.7588739957832402,-0.05534921705584939,0.14372542117601483,-0.5760262973180108,33.66123613868307,22.96386170387268
0.6645095763914135,-0.1162571112971813,-0.028343817760899448,-0.5983104052924215,36.79241099068841,23.46952223777771
1.56741747626256,1.2649780313009682,-4.454541779614301,-0.7922265583376067,81.55611653919492,24.019774913787842
0.695297438385559,-0.06569974783202248,0.23199809312164899,-0.5808158132147492,42.69829288104404,24.553032159805298
0.6780178760846489,-0.08625045079381,0.0993763979193174,-0.6004396014924263,36.60130309522164,25.15829610824585
0.6336338615211101,-0.13244044133614175,-0.048264829030174816,-0.6203031941187787,38.48344963394616,25.747385501861572
1.9987248292858188,0.7963693183757243,0.30527184099678983,-0.7379787795529698,36.552844526322886,26.34425687789917
1.2945789519948514,1.799506514262462,-0.029229922898824867,-0.3584109095714334,41.21246875176675,26.991372108459473
1.220467672042031,0.2527044095724724,-0.09988353256051408,-1.0075320345718168,22.820199543146714,27.714083194732666
0.9760566058600295,0.7556802749059122,0.07233300472811255,-1.1573171456249436,18.139762519261303,28.25597643852234
1.3617166218767682,0.7489199706568073,-0.2562260908494416,4.904159208769806,65.20651689747153,28.868391036987305
1.4873887466917646,0.690669212635294,-0.08936294092174446,-0.3356406722892462,53.08109232242383,29.342375993728638
0.4156233308309991,-0.06821898602752796,-0.09415196730931363,-0.9386771754778751,23.03183212734214,29.95263981819153
0.2995764084873329,-0.11611768274839651,-0.2395413486245488,-0.978877247447528,26.16044967712196,30.47394299507141
0.23236435176493764,-0.1550822685198403,-0.35636068255824593,-1.0013192635967192,30.682047802515047,31.027629137039185
2.069451211446059,0.6385188820362782,0.8360825242356853,-1.5402282373247118,49.67785564092443,31.567991256713867
0.19399242133288208,-0.19484944338969346,-0.5216594742914644,-0.950879852524487,34.78878271333935,32.02575087547302
0.20195764852814513,-0.20109005922235657,-0.5309711655680491,-0.9561269993481494,35.46822097122361,32.62200975418091
1.0215618473690302,0.9683108473719608,0.002360065447411408,-1.53604722158462,24.37556099225909,33.231053590774536
0.010226140759304947,0.17161953607894276,-0.27043876169478676,-0.7319233510839043,28.344951786508357,33.89483642578125
1.8263366647778314,0.690466426037001,-0.20819184495530152,-1.558591785638554,52.05740366180096,34.46159315109253
0.00016227254538758729,-0.08463208187018001,-0.4258686322448355,-1.006024754668303,21.523327175885594,35.20609974861145
0.36177503309182946,0.9999904632511285,2.974057628789944,-1.2162879724370965,35.94518049820074,35.955159187316895
-0.6784144508572556,0.25614616515462796,0.31251919705106257,-1.2747388083031121,52.358367095598794,36.568530797958374
0.07934054872031382,-0.02531930392395587,0.0692815222722496,-1.0236904660272232,3.446180491036195,37.293410778045654
-0.06934835606955136,-0.023492857753031338,0.16958704575552375,-1.1370336695270402,11.013094036584217,38.04370093345642
-0.15656293706749125,-0.032511468065448135,0.2607429696272412,-1.2476639568899643,26.84651191290976,38.87695860862732
0.18574026428186574,2.2714801941030807,0.11027579023049228,-1.1771965896119632,31.89829285832284,39.609673261642456
-0.1723522683677361,0.031534775469559406,0.26678795482174067,-1.298720654454835,31.363189953041317,40.48921728134155
0.7337480813230801,0.35600503188454624,-0.042158759056145634,-4.818495354138934,57.25973836738743,41.37946939468384
0.04851218615302244,-2.068304704034591,0.06313547197814984,-1.0689673422283237,8.495620510036957,42.14947724342346
0.2637575032859196,-1.0438505778676674,0.17036413171110354,-1.2036539745441344,26.20899657962529,42.92456936836243
-0.14037939476600592,-0.5098499789059563,0.030891915813015203,-1.4578577027622095,45.870220304262546,43.63394093513489
-0.11404772556861165,-0.37635439307336505,0.05409217824711643,-1.2683820661678813,33.08124607303759,44.47065997123718
-0.13196292535793042,-0.9268855877418307,0.2737545469879352,-0.8980301713572354,19.50986344801209,45.414591789245605
-0.11359876304680316,-0.25396708712648763,-0.02842922589557606,-0.9803543770502694,13.964697413726816,46.22062540054321
0.09944655534217528,-0.5225432126799685,0.3824531574552319,-1.0129088729721545,40.67169387855371,47.042752742767334
-0.2882743009949218,-1.5844227811340326,0.04326792432515081,-0.9424976393229194,35.504111369308305,47.90651988983154
-0.15025673912479398,-0.4310672577116108,-0.3593101833232737,-1.1317797466317128,44.40750583831899,48.7692494392395
-0.09624970656134835,-0.21053708461518994,0.3636417505388998,-1.2701347317267584,38.929046532089544,49.73780703544617
-0.10576677739349183,-0.3453081339134707,-0.20235870198353112,-1.052589686449335,26.63631017301716,50.69971537590027
0.33664354395418883,-1.9800317275173036,0.44207718495122883,-1.2475955152280909,50.237356306496096,51.644482135772705
-0.16386848045509161,-0.19354304237478903,-0.3822246888601617,-0.8864863616608103,32.193533022802846,52.62039303779602
1.1627859741237128,5.12,0.0846830381753172,-0.9982053131090343,37.45380813921793,53.56070566177368
-0.13170948938203875,-0.010684468440819828,-0.3510603121565117,-1.0303733050103192,20.571289680661863,54.665754318237305
-0.015279696532863873,-2.319850286373921,-0.2859135271048743,-0.968119658285933,33.13363331428062,55.560869455337524
-0.13184748415056902,-0.0998656128024038,-0.5416401710436825,-1.0026487958551646,26.131586822235676,56.62186145782471
-0.13167474076335317,-0.12048377383774511,-0.5951566106424346,-0.9969128904241265,25.60982206131125,57.59030604362488
0.4133710209967125,0.4173926499403491,-0.1001968759895,-1.2701139303087974,52.38370259235191,58.70963501930237
-0.19609822797035115,-0.21542942317278957,-0.6098146486789711,-0.8024110106346649,40.10180086851435,59.7232723236084
-0.18454316264275317,-0.14600003463415323,-0.43904216785425465,-0.8852067773351839,32.72036006845582,60.74855160713196
-0.2953518577230696,-2.1631474383456935,0.2012435918393365,-0.9215614730590831,31.4514182871123,61.860838890075684
-0.17421497002760322,-0.20352472842162594,-0.4353250134320179,-0.9049841304732125,34.53306759579407,62.89180636405945
-0.060328597391883676,0.038950064279216434,-1.1643966639542902,-1.2968856211451767,21.831195533793565,63.970556020736694
0.23138699606696989,-1.8831038362808896,-0.14979802510005058,-0.7301839641836594,30.920359981526605,64.98375868797302
-0.13052665320862822,-0.32061693876670816,-0.6990749676164736,-0.9377243830990558,32.86060155753684,66.11299967765808
0.9815670324497612,1.2674592272255696,0.4172873004804716,-1.1471305862996637,37.87869296949506,67.4178581237793
0.006850154307016076,-1.9623607737054063,-0.11870716251407742,-1.4865510189457138,28.981705899345467,68.55476880073547
-0.10526231432674837,-0.394594430407639,-0.7031122835852956,-1.049396193566916,35.13824358137452,69.58366894721985
-0.09917777952004947,-0.35832648787532406,-0.6168202794541129,-1.1090820539765245,39.6044244146891,70.54836297035217
-0.13350176004174408,-0.08959248335171566,0.0937727302669975,-1.3200032268614246,22.580715800525503,71.61703991889954
1.0061625512432508,1.6147207327014268,-0.41019378811101515,-1.325830751635047,56.10211944011503,72.72627067565918
1.198923249481572,0.5940597592307233,0.35866685897175543,-1.362067688943693,61.706897682362936,73.98247766494751
-0.07839598399880021,-0.3677291518893293,-1.3990044801315258,-0.9561330379112052,39.3730590864295,75.04229974746704
-0.33367549435175725,-0.22476904160899203,0.09328698885589759,-0.9712676359653338,26.385545842606412,76.1762707233429
-0.3424896574858929,-0.21752272628616875,0.12506629036766181,-0.9898111193067622,27.575556221216836,77.36766600608826
1.4637669088591823,-0.21384470774196718,-0.18164969510318763,-0.5993279469082395,54.021432436758175,78.39120030403137
-0.36048532103903774,-0.18916668752150123,0.21259473004806217,-1.2141052507336463,39.78788304082747,79.54540610313416
-0.34605097887304037,-0.21206492700400226,0.08470952228127437,-1.0611597841719886,26.724870585585073,80.77149438858032
-0.34802578985384613,-0.20838991584437316,0.1271651789570356,-1.1112730428159994,29.97982006770141,81.90745234489441
-0.3521568780736155,-0.32626337758993795,-0.23096802195420096,-0.7268392411603317,51.66667738436107,82.98363423347473
-0.2595124904181487,-0.23862796681080756,0.24608884146620102,-1.4255394318012464,50.7801067211599,84.11483073234558
-0.23158974517094144,-0.404878896114627,-0.46054515550547404,-0.6418159440487594,63.93414935223305,85.2658040523529
1.7778723570071824,2.5565576372289796,0.5324700488114198,-0.4818156370957789,77.57276823249293,86.44795680046082
-0.14866020189712614,0.10840355814785507,-0.8087609116042103,-1.3782531419883326,32.4784632156464,87.59689021110535
2.8764320255009164,0.5008953853585716,0.38235986757024154,-0.9414898147215824,50.48136334665822,88.89167094230652
-0.05735950623054187,-1.204896564612767,0.6294048282661651,-0.6667440115903114,42.0105296663116,90.3113534450531
-2.301533763101648,-1.0533309593214595,0.09181156127116452,-0.49516026343761244,42.011674652881595,91.75270056724548
0.14646289980749216,0.2614748769597499,-1.1447701288501566,-0.7982725670371078,27.574496441300695,93.26540637016296
5.12,-0.12373851674051561,-1.0215072445411213,-0.8900071043525486,36.03447348564953,94.72675490379333
-0.5479038201705482,0.41187381163072256,-1.4946714069385512,-1.0839843501233029,63.28978675304393,96.14043068885803
0.35582219926256453,1.1420009189128777,3.847671497542131,-0.8785833245983943,43.912869385539864,97.30632495880127
0.6476172406113267,0.14218291902273528,-1.372410542231906,-1.3505542630563157,56.738560453458625,98.63824343681335
1.0142932546140768,0.8280679533636466,-0.28742286844491716,-0.9779798788430627,20.50833844942771,99.855539560318
2.100344714300011,2.3769941366623524,-0.5671788161201432,-0.7598294059574302,58.54738063597042,101.18425416946411
5.12,-0.05338787513476273,-1.9499942937180985,-0.7991474659857714,41.37640662903685,102.45779347419739
-4.817023410610676,0.08852237636878879,0.05969509751207358,-0.9384541608105614,32.94894361272105,103.68329286575317
-3.774926404520304,-0.09436919088752216,-1.0134449889423998,-1.0141644995285866,26.537017312244558,105.03822135925293
-3.071613154106241,0.9420285793609446,-0.018817645815497386,-1.1114776268783215,15.633576406771232,106.42290902137756
3.770890296441636,0.057908476724979785,0.11520405532364997,-1.0123149793283162,27.14416839965947,107.91517949104309
-5.12,1.01053785799059,1.0634252278982004,-1.525624950176749,54.080488975048404,109.24569296836853
-5.12,0.8587507281013664,0.39140187880991206,-1.280780101427076,64.8251124642695,110.5221483707428
-1.1825734504769945,-0.1958168673322742,0.35913880889823613,-1.1065905188654224,33.83291522726313,111.7597107887268
-1.1590270703798882,-0.2060664670848249,0.34689204186867517,-1.1014774448853721,32.26761059079729,113.00604701042175
-1.1503211944036464,-0.20972793738700357,0.3468999505059598,-1.1015289841046005,32.02180042025808,114.22293996810913
-1.1437154559204812,-0.21250345803214898,0.3484729826049513,-1.102291999831154,31.958112717912158,115.47807216644287
-1.1374579049910771,-0.21521280856204505,0.350141443638341,-1.1031685708426817,31.928320320120243,116.69692325592041
-1.13131463039368,-0.21793005283261735,0.35165170512879307,-1.1040455821882649,31.90684244444877,117.93017792701721
-1.1251136250340013,-0.22080898178276787,0.3529428470747238,-1.1048695816276322,31.88992550864274,119.18348002433777
-1.1189106394191528,-0.2237375529578749,0.35402680179166435,-1.1057019927313592,31.877121857957917,120.44793820381165
-1.1126362209756877,-0.226839674956687,0.35477328119078955,-1.106476944383287,31.86447204089387,121.66984820365906
-1.1063011083193164,-0.23009576752135175,0.3552468405616276,-1.1071954681417226,31.85544983922344,123.06446862220764
-1.0998719299107025,-0.23351830934643658,0.3554010529866165,-1.1078542119651216,31.847870162471903,124.37365818023682
-1.0933417099211526,-0.2371344909341877,0.355191243265244,-1.1085523388257332,31.846041409679827,125.8351480960846
-3.453229334411205,0.47898294875460934,-0.31034103863620377,-1.0177403395388263,66.53378329760646,127.52783465385437
-2.841151232662183,1.2925394829159345,0.21287634545754042,-1.2997707856780751,49.46445708886783,129.14216947555542
3.359414161539923,1.0210235714893852,-0.30732749540684967,-1.2153505153281623,51.6973063471346,130.50104808807373
0.47076478708374303,-0.9458331626247016,-0.13811421275687152,-0.7727448362364386,34.24845473907798,131.90338349342346
0.42841230062658475,-0.9245012985945689,-0.1075682030198557,-0.791225552640018,31.422365661213767,133.264395236969
0.43995704585320894,-0.932860594239239,-0.12057930336078204,-0.7925467613173485,31.97361308990418,134.8369529247284
-2.810531112915053,0.9569408526523855,-0.10885916154867825,-0.5498298079800152,37.5437264026891,136.4039990901947
3.15766677261304,-2.09072856551046,-0.1993002641865944,-1.0021605096642165,28.35488991493105,137.9722456932068
0.9341865333810802,-1.124500373777019,-0.36038759539374254,-0.7709571335968439,31.691113316313615,139.62733674049377
0.9383599754406315,-1.1275693835815406,-0.36550751026857764,-0.7733891212104735,31.841030325690564,141.12383151054382
0.939213702987546,-1.129155388044456,-0.36877269932200907,-0.7768532935533639,31.8428908662353,142.810320854187
0.2812749129106411,-0.14866253872614177,-0.991919248236008,-1.3723966711912738,35.94275175536279,144.37136578559875
0.9402400292601678,-1.1277844048887844,-0.3548348017500951,-0.7662407571353249,31.72159011419078,146.18950819969177
-3.06817730912146,-2.0754697491611807,-0.10605667170478927,-1.062034979939634,19.756767626065617,148.05735683441162
-3.3445166944658804,-1.5872358115096028,-0.4124441471878306,-1.0802758532312131,68.94283436331254,149.7419035434723
-2.754562732513646,-2.377486134663669,0.2247363317774571,-1.1028671330614266,51.83720917953466,151.33869695663452
0.9088189469314321,-1.0959941735539545,-0.2571753696916259,-0.7584753611360995,25.9481789367821,152.97069311141968
0.9980548605307842,-1.1395723140151106,-0.3175296787742088,-0.7349584563715013,31.602076960936863,154.54925322532654
1.0002723200300316,-1.1419743740395774,-0.32200388986587125,-0.7384392072005026,31.772601746657827,156.20025062561035
-4.529162148932346,-0.24280607321530123,-1.0389725249598722,-0.9481641470198454,52.755517931777725,157.9698543548584
0.9861528811073672,-1.1389936017905296,-0.30745226360632927,-0.7529075861575762,29.89545429067253,160.08481979370117
-3.4199825243263424,-0.17353312539837695,-1.6315534790869686,-1.023934724614021,56.46436933862694,161.79280614852905
1.0635847220614139,-0.981406872794425,0.02225937688199675,-1.293220364295916,17.4029543419672,163.60854959487915
-3.2702677630106334,-2.4157092019468793,-0.4679481030622048,-0.8695598369124449,70.37806616450317,165.4752950668335
-3.1311364233022405,-1.858525862192494,0.3822426855711649,-1.1274084523177121,42.00160932460752,167.31983470916748
-0.16296466557746303,0.07938498628603341,0.04310998335160399,-0.9161462492002217,8.613106066919745,169.1299934387207
3.613205712991806,0.042521898532014824,0.04343692392929288,-0.8205980901068646,37.74066960771122,171.0972809791565
4.418646348978364,0.038123226027455104,-0.07326218039574162,-1.4373041417579207,60.879366646115,173.07775163650513
-0.23525979771039562,0.03200113628568513,-1.0034280535967186,-0.8586639315252906,14.77016212660867,175.17577648162842
-0.8088599584656286,0.8609590994395582,-0.09023608454311116,-1.1584862856350235,18.836980886262765,177.3458547592163
4.316582357342207,-1.0736430747373786,-0.18699299210842923,-1.1667906242407535,47.44653899572024,179.71683430671692
-0.6495817758501845,1.3536740843606117,-0.06772708061847066,-0.9381988166998676,36.73765527075716,181.76321625709534
-2.4214257509418866,-0.8914988720293664,-0.009421948139249459,-1.23634685605602,38.38848354168546,183.8894362449646
-0.028690439890029396,-2.1526650503103473,-0.08908152653681256,-1.2652958475926823,23.149703171340434,186.41711521148682
