-1.9395350122062913,-0.6585788641804431,-1.6353717286963483,-2.386367833675092,62.86443901306736,0.5367257595062256
-2.0594151202942466,-0.9069842456538018,1.585984025898183,0.4012558207099053,46.8007740861476,0.9376552104949951
-5.12,-0.9531108386395468,1.2193140537187386,3.9558357002245357,55.865766499443,1.3572819232940674
0.2745303990724164,-0.8742273058419361,1.8089848551401575,-2.5993113637226952,49.860686521307535,1.786454439163208
-2.454327698092647,-0.8500183334364726,3.061992884218129,3.0479190601223403,50.323051601582435,2.179563522338867
-0.9354503958874965,-0.9373200759020319,-0.37022509661595304,3.609500220613568,51.07686818957012,2.590834617614746
-1.0636219934931788,-0.9686958946105753,2.992291742087004,-1.073348140261431,14.211794896903632,3.0776009559631348
-1.0586928971157663,-0.9685878691112881,3.057073255666354,-1.206809070715397,21.68306996011805,3.471672773361206
3.156636840487219,-0.9996876097307332,3.3921121334975473,-1.0758599157005992,46.99581104938298,3.9172821044921875
-1.2674943686855098,-1.0008172771237387,3.9223773583877355,-4.879082886562003,56.8116273496612,4.49221134185791
-2.8394381753232616,-0.967468034134173,2.7700262118457584,-0.7133430128662503,43.088007272508094,4.8586180210113525
0.7576434393470688,-1.0955261340092157,2.3157319556854885,-4.048236650877337,49.26221574358039,5.235413074493408
0.6949660341087327,1.369597889646542,5.12,-4.62229315512387,100.05580389703725,5.611329793930054
-0.4747615860158767,-0.9975140770903161,3.6172181767205993,-0.6983122067853307,65.26715678734394,5.978181600570679
5.038099350351236,-0.9712269288356188,3.0278796864001647,-2.795733275727878,51.07695328665773,6.377609491348267
-0.04723477264900655,-0.9769124643866665,2.9663550430467085,-1.5310388985232612,32.67519229662449,6.771390199661255
-3.5207865557855524,-0.9289798085034917,3.091098962926078,-1.7729231614462448,57.00972089529674,7.190995693206787
-1.135573535725281,-0.9848149120040057,2.8717708908740933,-1.8405838357480535,25.038280058336916,7.602747678756714
-1.251786367581662,-1.0513765216231663,3.0042336156790155,4.495616758384306,62.536852229676796,7.976327419281006
-1.1251884598694954,-0.916128748988017,2.937225885984607,-0.46938037414210054,35.83027184124951,8.311581373214722
-1.1369966158700993,1.411512939078614,3.0015437795911533,-3.4119021130196696,64.41798937007049,8.811034917831421
-1.064728155812717,-1.0960279806696898,2.969306562413844,-2.2999570084826217,32.29584789879058,9.148768901824951
-0.6395738876386039,-0.8476565767230362,2.9574472234661906,-3.6383973550969846,60.55555869964995,9.513645887374878
-1.2526561118802677,-3.4414499193087713,2.933143959058339,-1.3066341275003546,67.5743425922922,10.138947486877441
-1.1965114100891765,-1.0849646205766215,2.9524862903050915,-1.2549127945695346,31.745294361786915,10.610883474349976
-1.2629801120235724,-1.0017722995505558,3.003296598269313,-0.8286908360371834,28.37731920470261,11.13450837135315
-0.5530957206254934,-1.0200459884773805,2.7120496040022637,-0.37475288432968945,57.79198186146812,11.586673021316528
-1.2111457722118395,-0.9033367174545353,2.9930098388461,-1.4508184257984764,42.25312758223307,12.114103317260742
-1.2296977525364836,-0.9852152601322386,3.0026305798543538,-3.0101404495687523,29.35214376121756,12.652331829071045
-0.38365549325579895,-1.0410723829292978,3.151145595707212,-1.9368204311094241,37.64629858516521,13.280975818634033
-2.4865723990032302,-1.0857480185803885,2.844971305392603,-4.938365988144509,66.34541857538717,13.780035972595215
-0.3208822760951344,-1.1788146390214398,3.0492765001942823,-1.267373002726503,43.94461003375969,14.283375024795532
-0.2487609160117712,-0.8809738219364469,1.218304983659773,-1.4056145964406874,43.20285824521076,14.764390707015991
-0.7012377550243603,-0.7284836953541811,1.3829087863998302,1.299793325299829,59.47962032864211,15.303192615509033
-1.2168588241074656,-1.0405939982391255,1.3812495109588978,-2.35054268023021,51.50130225556261,15.859107732772827
-3.0506207156157403,-0.8373724649987331,1.3389827605238782,-3.607441735787442,63.20818366910157,16.406753063201904
0.49906351195847165,-0.9792708555492755,1.4022338324131116,1.8957210345721514,47.095213099905266,16.965147972106934
2.830611929757981,-0.9311122928308508,1.3058657266960925,-2.6920625225833166,50.901776437611176,17.562047958374023
0.17076330719176536,-0.9809620102602139,0.851648231679837,0.8217219766549784,17.371224637008304,18.12705135345459
0.5580613821845644,-0.9700569039594171,0.7608900957720133,0.5686925336213378,50.072411851098195,18.729485034942627
4.9716621477395035,-1.2855596900539674,0.5458854438967897,3.071005303072867,69.03905630378537,19.404002904891968
-0.4208960591875046,-5.030264703522146,-5.12,5.12,102.30045251320414,19.94709610939026
0.07449353204900522,-1.008065051121397,1.0759182712284643,0.42508098611059,23.47705878596235,20.455732822418213
1.4348547554807851,-2.51967097079816,-5.12,5.12,105.35461238153404,20.944289922714233
0.288134446168538,4.28522073003623,5.12,-5.12,100.86372778353353,21.394078254699707
-1.5987616920648575,-5.12,0.17141357492937548,0.7720282966062406,64.12264011923655,21.862358331680298
5.12,5.12,-5.12,-5.12,115.69885490314357,22.307072401046753
-5.12,5.12,1.3727555206291102,5.12,105.62924728785336,22.71173930168152
-5.12,-5.12,-5.12,-5.12,115.69885490314357,23.176628828048706
5.12,5.12,5.12,5.12,115.69885490314357,23.680606842041016
-5.12,-5.12,5.12,5.12,115.69885490314357,24.301687240600586
5.12,-5.12,-2.4675503759029946,-5.12,112.65581551530929,24.842366695404053
-5.12,5.12,-0.35712505054074306,-5.12,103.13570272853495,25.36165714263916
-5.12,-5.12,-0.7100637341938771,3.084754039320514,81.73706858756903,25.84518265724182
5.12,5.12,-5.12,5.12,115.69885490314357,26.228266954421997
0.01417615867914268,1.818764027715007,0.5121736113365323,-0.8403917198040549,34.720656874647595,26.61970329284668
4.602135792430684,-5.058465942705419,0.011876741993785522,4.820721601669532,94.41403698183609,27.003933906555176
1.049374947771037,5.063456000163778,-0.2658571536950607,-1.7453564367421355,52.40486270246571,27.414079904556274
5.12,-5.12,5.12,-3.2351956715512524,106.31178962869681,27.797736883163452
1.270300264358422,2.543776993415567,0.7585756938692203,2.6477496419284146,72.01970415337932,28.18649196624756
-4.599213924882277,-0.4363364179813347,0.19418902118994108,-0.14728621732253977,69.28201729619548,28.607850551605225
-4.905784279751518,4.269487222496649,4.975403905786947,3.0155264844610583,89.23296862050603,29.133548259735107
5.086709594217823,4.765272347792105,-0.9320081581456359,3.898654485944413,77.99875658294741,29.58093786239624
5.0124372193520115,4.455979311642182,0.40734668044881683,-5.0858566800372556,110.43547292977746,30.018864631652832
4.922795884804697,-1.9595374021509082,-5.013202759090201,-0.2238042102402087,63.126973548493154,30.456700325012207
0.9458266014956136,-0.6396416897159245,-1.2695322640394897,-0.8328856035111007,36.82298936390538,30.938310623168945
1.4760437968874571,0.03382723317447134,-1.7827388146568732,-1.2532215187103644,45.20036112968414,31.426900148391724
-0.5428985373147031,1.3028323172920997,-5.0670837926680665,-1.903235336982422,66.85487198261222,31.894514322280884
5.068792412113626,-4.808552411865844,-3.9112971423011196,0.9633561384225926,74.14150515232598,32.387298822402954
-1.4121309313092758,3.025687632588588,0.9025784621650788,-0.5798824367552697,51.5263329281285,32.90353870391846
-4.748875380942799,-5.02350834291373,5.095273385450958,-4.400818235524656,123.15515899566878,33.50551223754883
-4.749458940056526,5.079802257719492,5.074837121538033,-2.6108714422430688,110.95273152507008,34.09966468811035
0.5857545502183061,-1.6472577225357252,-1.4756356781849997,-0.7350662582036742,71.19393935580104,34.73168587684631
-4.801862230824435,4.844138972422544,-5.119196801961692,-4.839728244091799,114.70748213918094,35.34155511856079
4.813974642499688,-5.119380878359992,3.877227210987308,5.017874280674316,101.2595087306237,35.94365191459656
-5.067392830188614,-4.328298395146597,-5.034522224809167,1.122740388625358,89.68995240336005,36.54652380943298
0.3227588288171148,1.9130204102727886,0.9527728221847953,-0.7710467226173092,30.255148600359128,37.15919542312622
0.024971552703727085,1.8288972918788469,1.8238285298453851,-0.15002922830565346,21.709912590479586,37.82554745674133
-1.27130316979716,1.880287079354309,0.49208791270952723,-0.18348628141791323,45.38907143713972,38.40820264816284
0.5839547872935169,2.117520889034604,2.3156500186145648,-0.028282726453668694,45.59957962124969,39.0168993473053
4.858854329500285,1.2301674327536798,-1.7845615718023562,-0.953975483625098,49.91568283492733,39.615509271621704
3.123094864766812,-2.196078834889226,-5.090235616120311,-4.7687526441260335,83.1383815080392,40.31497097015381
-4.93763223645541,0.6620684947784659,0.33841931370530265,-0.7683798148096175,65.65146961879445,40.940714836120605
5.00246153592428,2.316212051585028,-5.020725664072912,0.25829762904524234,80.31210452557681,41.57717943191528
-0.17608272588122453,1.4969368782364656,5.107667280611445,4.740509941333781,89.1496837259907,42.24389600753784
1.6006834246842132,1.4328182471103093,0.150893756074014,-1.3954914744168176,65.86053008295994,42.938502073287964
5.055065966754385,4.997893938124434,4.825175962093726,-1.3774739437742296,98.93623626873115,43.614792346954346
0.4680051903289746,-4.871518132143057,-1.1811764082995082,-0.9450682411735247,55.52191702012126,44.332250118255615
-0.24545853210312796,4.894274548376626,1.1643243564374748,0.4704104103484603,62.13303282335659,45.03088426589966
4.261040106940194,-5.104672120698898,-4.881880537046295,0.41642057636387797,102.28171067023027,45.710652351379395
-4.90118112324017,-1.8051644251321073,-2.2723984725075588,5.015775096369382,77.52310235734674,46.434842109680176
0.0007702072557744799,-0.978618296252586,-1.2316680382911964,0.24274030470750407,21.018580154056533,47.243102073669434
0.331237789858732,-0.6856002788836353,-1.0061808871708102,-0.10629407380291589,32.58192928794908,47.98158645629883
-0.1687776922315436,-0.360975362089083,-1.2136474685248992,0.36224657042252506,47.51767343537892,48.708770990371704
1.1144405985319032,0.6617974904756885,-0.0008219918180589758,-1.9295137306367023,24.106153544287977,49.43547463417053
1.2580738551536532,-0.7854905716626117,-0.4429202477217178,-1.4829413311264426,62.19696852388034,50.187922954559326
-5.0949203440145245,-0.633658338606562,-0.8813276061554189,-0.3315899485514322,63.20722841641386,50.92502021789551
0.8249615980872713,5.100092538835994,-3.574184355833105,-0.33007742594955314,80.70575818260828,51.67889928817749
0.5061728328303294,-0.38901656236240534,-1.241800832860387,-4.958496540909017,74.01753170321129,52.42871284484863
-5.095626262299709,-4.048973581227189,-5.001154020170547,5.11766220054703,98.39349615027447,53.34908390045166
5.082198404050417,0.5061756654044709,-0.29247010926384664,0.4270894235736815,79.25549838277949,54.138941526412964
0.2002864990495299,-4.843673105328715,0.506582125876796,-0.6778198858936708,69.96540254151765,54.97512984275818
-1.0799892593241625,1.3635434360844592,0.8252979266948754,0.22188613728423512,35.22292932153816,55.83642888069153
-0.7920811412749886,0.6940662427262794,-0.19585414634105103,5.0715051137338,55.3523919258795,56.63950562477112
-1.421414543432399,0.4361677878748198,-0.2619746712675859,0.7242422522343919,63.178828600041015,57.46135497093201
-0.7205825311195762,0.7984044502284,5.047426929634779,1.027992835384305,47.12815140331241,58.324031352996826
-5.062214927594126,4.95954949996601,-4.934331611175343,4.488536700443137,116.60663868119346,59.18809366226196
-4.820860989756487,0.8674288452972281,4.848177359340279,5.084352009801479,87.9022007078464,60.07322311401367
4.9545018225692035,-0.7533559315352738,4.746715434464565,4.944311072002448,93.09945600065845,61.0021071434021
-1.5538365786426467,-0.15598299585107966,-5.080376103986161,-0.998033868599288,54.35781119711076,61.91658639907837
1.1443439119540288,-4.950704080544865,-4.9001783050426955,-4.947364804127625,81.06657755464518,62.85490393638611
5.089226993690615,-2.0035671907187687,-5.075785698492374,4.708806881391287,93.05617721743796,63.86804008483887
-0.9047136625258689,1.1997297673236549,4.856494840212322,0.3823529146659146,55.80967543124851,64.75950622558594
0.8088355548404227,5.093631753500881,3.6381095338096996,5.098245659528907,92.20614943433583,65.7543511390686
4.938403839030593,-0.08674724878875484,-4.924789682499322,-4.653624500915872,89.28177992451745,66.72881317138672
-5.103047341139428,-0.3743942019459361,4.798916986129291,-0.7501970561066775,85.80385117048884,67.65052509307861
-1.1863200494828767,-1.2406577661595897,-5.09477915666652,-1.1686542987929194,52.6171829265606,68.55552101135254
-4.941067939577533,-0.7055300492382752,-5.011359936391698,-4.97968276357542,88.36538435311232,69.58902597427368
-2.087196435645583,1.7965853613499068,0.3753696183648989,-0.03283151053335498,33.60379661995891,70.55953931808472
-0.7252559553044033,-0.9928071441002091,-0.790021865949817,0.9695935778438391,22.328292707141834,71.62217092514038
-0.5762613934866927,-0.592855170173527,-0.8938840910122723,1.5089967701092926,63.10490419972696,72.71399235725403
-1.1088727492940142,-5.0125985647807845,0.5483082234961083,-4.938890040587563,73.60125789216474,73.89994716644287
-1.3339428869408714,1.508704597189893,0.028543916152164783,-1.7764263980020014,50.73787264240756,75.02611041069031
5.026312749782316,1.1635176112870997,5.10988433321084,-4.945216230803718,85.02650325534182,76.08257484436035
1.3530080559519577,1.375718528718819,1.7370188383562786,1.0541966033306505,52.37335500009671,77.09764766693115
-4.922851739268365,-4.825637707586338,0.07569990783963032,-0.8712680945233515,59.069192095320545,78.25874590873718
-0.23989069943060848,-5.066926016810215,0.9285737796073077,4.991617630451304,62.750322698497,79.2910385131836
-0.8890843931054357,-4.941365089477,5.058892726878157,1.6847038383528687,71.30625029606513,80.40396022796631
-1.0817237665806951,-2.295815535708135,-1.2150756830644323,-0.5279368731242684,49.994271817053466,81.54226446151733
-0.2531977367178344,5.020017295211534,4.666902141742368,0.5346298258581887,92.36177918682223,82.63264584541321
0.49305353744416625,0.12619293503383666,0.24796473093341742,4.910124319003164,58.82710313006479,83.70214033126831
-4.712214932573448,-5.080320662284113,0.6628788065324382,5.104733968552501,105.40376147541733,84.95132255554199
-0.3301598213123986,4.812088138029975,-5.1099709807465885,-5.113621968122181,101.28516897686289,86.2983124256134
0.363744007570614,-0.9210586582705993,-5.037196833403333,-0.5223021164547967,64.55946224721107,87.63301968574524
-5.076771334060907,0.20110342383636493,-0.7930688527926408,-0.7497304738110255,52.46570338561629,88.90867781639099
1.018685395593712,0.09417632241223117,-1.0049411116492282,-5.065977801272627,30.341526769464924,90.2242591381073
0.7105497039739204,0.9772114586945602,-0.47882228839931074,-4.860684469735224,61.375395039754025,91.55549240112305
4.977936758369222,-5.0280167632571,5.05759952715425,-4.549488239167814,116.75666261048227,92.74026322364807
0.5684128495345533,-1.9222819910019298,-0.9003180015274905,-0.4158915168860915,45.79474254845525,94.17219924926758
-4.955431375393504,-4.242753703971841,-0.9120751218884777,-5.098788177234666,82.67406439354649,95.44271564483643
-1.448759005486084,-2.071746184238031,-0.5859082357439993,-1.532667499632641,67.93688170034189,96.6938943862915
-0.482127337906177,1.219905656178236,-0.2516617199247513,5.0836275254244585,67.13800639191541,97.96997666358948
-4.831104349429762,4.730348528728661,5.039609100506548,-4.559000341093427,127.88008093955497,99.23747420310974
-0.08707401806170534,1.7117705891515378,-0.11057171039709335,-1.860031743332533,26.190359635435776,100.73063969612122
5.028557691304214,-4.856598665388264,-4.87163877913662,4.569303240046852,119.58341766852377,102.0857264995575
1.6506526189314625,1.3153822818343786,-0.0093116598437053,-1.518090109170068,56.550292513294394,103.55930995941162
4.354348897224928,-4.889936726966777,5.096093939704345,4.846505497590107,116.79392726117577,104.9755163192749
-5.044135786005287,0.22817376731403538,0.005007508745726419,-0.7285040621417265,46.39255597083407,106.3381040096283
-0.8690543574296159,-5.081755562621444,-4.971545109594074,-1.8983783551623872,61.51770195362254,107.75857329368591
-4.968906074334253,0.3218631618707164,-4.705561649842414,-0.8642547357738746,78.41461622740671,109.12552976608276
4.86763811374514,-4.33269555466475,-4.87521232759024,-4.970438446351789,112.25932769362069,110.5410304069519
-0.412298348606976,4.999620270686983,-0.48433678924309476,0.6069303950829399,82.06718526484082,111.94500064849854
-0.7311951658666667,-0.04957361612173106,-0.7647560135614988,-4.993657915414486,46.800679176967826,113.42835092544556
1.2475762415853753,-2.5264194639043214,0.11321755603679673,-0.3223045263073878,54.579852594410994,114.93057918548584
4.733683697209867,4.7412515182688955,5.112847335581075,-4.153633826453309,116.5724144458946,116.54335021972656
1.013133844426906,0.5423046927883695,-4.966693379967275,0.6995139686913259,59.49810717926919,118.0449059009552
-4.643039655522588,4.9126518465554865,4.502769025057428,5.0813165610747655,130.75678837831782,119.49008297920227
5.067024069904503,1.1108565566495248,0.5660972616057229,0.3657110407019797,66.3624450021103,121.01130819320679
-0.7093614211932531,-0.16130830619184877,-1.2211813561626106,-5.118959013397972,56.326144992278344,122.61032032966614
-4.934406355371039,-4.767118363266714,5.023535525916063,0.532511280378511,102.25831111659193,124.34306049346924
4.95450642250021,4.984787433233113,-5.050984635938911,1.3515602383227927,93.65142157030819,125.85615849494934
-2.3242789943250246,-1.4982079670915875,-0.6822132803682663,0.560306411995203,76.34733464206978,127.38769054412842
0.16161157547342064,-1.6183254168684136,5.070824398678616,5.089286347413988,78.85468374388269,128.968825340271
5.045784251803263,-0.17004379959646165,0.6387288728987564,5.095452883724239,75.6370673884877,130.58183884620667
1.1781762595237613,0.6581912909002225,5.0761730860369445,0.2909963661859134,62.43733127376801,132.15102887153625
0.32662241985222895,2.0732312174277157,-4.563902684876797,5.026512627755545,85.51367460452256,133.757315158844
-5.11368770606919,0.5918114926894109,0.40573300497765885,-5.093895077695862,93.42576939675939,135.27455067634583
-4.619510727030231,-4.782402987788584,-4.929683004689116,-4.680272615856417,130.90929207176757,136.868834733963
0.2920139540453599,-4.982231181990496,0.36932204240183975,-0.5171909834274224,74.73938287194929,138.43644285202026
-1.5055110927325002,1.9106751337191898,-0.1028170960295709,0.03770448201880683,29.75174855051636,140.05474543571472
0.37011518108690566,1.7633703095480344,-0.21681094009148083,-1.9191425624825906,42.180991800262575,141.7441110610962
-0.34740285769647805,0.697776870627786,-5.117186887906191,-5.110847299369071,86.80108605507283,143.32531189918518
-1.8922464051898902,1.7435735901006657,0.04393423190453216,0.1544060310316775,23.982693457295756,144.97178554534912
-2.8767436187547135,1.5793204729059225,0.5468894785607894,0.17615592188072338,57.82953901697555,146.7562961578369
1.5679417038198542,1.2568918950936778,0.5111007609718845,-0.884048813838958,57.13068887092382,148.41327929496765
-5.116440221572473,-3.285026290317979,-5.070512808488748,5.007106653503672,103.46812169160162,150.13916730880737
5.084039210619248,0.939930352392266,-0.9032571820983764,-4.41271488662068,69.4093918579241,151.80141925811768
-0.5420664264904715,-0.8236142695726558,0.5332056492120945,4.9913473059483175,71.1585195994383,153.49421906471252
-5.049339187413244,0.8257568055060833,0.4474278010697388,0.36514108995462635,68.48483336829067,155.18851161003113
0.9362930350796956,1.044825805751942,0.03297952777049762,-5.118357206557176,32.205451048459544,156.96225333213806
-0.06405607849165218,4.584083949571428,0.4016046410902234,-5.0182476409215315,84.01233683738707,158.71504664421082
