-1.7004989534368993,-0.03047865954238027,-1.9299582129825632,1.7761902359782065,-4.249573891495034,-2.147057463550154,2.6770562718454087,4.497400319560463,769.1113900038722,0.5834779739379883
5.12,-5.12,-4.087967551375772,5.12,4.881740326019345,-5.12,-0.34543588506465106,-5.12,504.9333412700572,0.9697244167327881
5.12,-5.12,-0.9993917593461994,5.12,5.12,-5.12,0.2555445690815672,0.258239318393497,476.37684621747167,1.3741402626037598
-3.451479997829729,-5.12,5.12,-2.785437991551818,-2.279877192461402,-5.12,-0.0317873967906559,-1.3875761928909935,756.7762045908685,1.7235710620880127
2.0855662224182776,-5.12,-5.12,4.705041718328888,-5.12,5.12,0.2880708933407963,-0.34679889539729025,662.7745246520012,2.069704532623291
2.4953537919544715,-5.12,-5.12,0.3469640652604742,3.2094845609555245,1.0285554332762992,0.22451113942592915,-1.9917234631196261,646.1515620923722,2.482616662979126
-1.3762951170219573,-5.12,-2.221060259974525,-5.12,5.12,3.1868608650733288,-0.1468240966645702,0.17495427244012518,585.7437679644553,2.8961658477783203
4.341347596315283,-5.12,-2.599478220851727,-5.1112952821605235,5.12,-4.936666168765095,0.11497818061541931,1.047652065556977,579.9485519260702,3.481119155883789
-2.0067723948971734,-5.12,-2.4650273243185943,5.12,-2.431780678699604,1.5432204587846643,-0.09345677441032585,0.5696492550737755,917.6686850297024,3.9784095287323
5.12,-4.940789312215061,0.11961920468212828,3.0156614639589607,3.6765931966658316,-5.12,3.617074720982827,5.12,572.9849080841097,4.571348667144775
-1.5163114425545312,-4.9122001992570095,0.20122462968002797,-0.1682765224973215,0.8373717014418602,-1.2544945394221312,-2.128314481580154,-4.024725999444771,567.1442099743321,5.385228157043457
3.275167239942319,-4.97000622263071,-1.1351846222248283,5.12,1.9095772864347227,-1.6439543944434174,2.099552501638266,4.032587248825457,467.06696656566845,6.1384501457214355
-2.0274229848227625,-4.916882551529304,0.8659122814889626,4.320843682832959,2.318594050323383,2.5862558675489256,-3.890466775512427,-2.969863724877733,627.0297187224887,7.04403829574585
5.12,-4.9300157334760275,-4.517891156532686,4.687193472779119,3.4866083697939,4.856302321703294,-1.3577002119677655,5.12,958.5662305562007,7.733103513717651
-2.08466139402484,-4.907342119377934,-0.9537971440170505,-2.902505985270707,1.7415370258901124,3.423712047049448,0.7111334883326039,-0.7551519167281926,621.2387183734236,8.48615050315857
2.5704333751678607,-4.8491491069266806,0.874116293023496,4.231055166165331,1.5055791120315938,0.9007761349332188,-3.580480876651248,-4.420236003943576,1027.990685967433,8.952808618545532
2.2086604592175885,-4.946267436657153,-2.54493050393969,1.263951556939583,1.7319349266276571,1.9393229344649594,0.621105536999881,-3.1504723960260916,771.6355121649023,9.629369974136353
3.9280273291982253,-4.826439251478819,1.4750239121556703,4.733370983695129,1.2860565943532842,3.9485979746864954,-0.059164474087243235,-1.4791832326474879,789.3990103270135,10.20618486404419
3.363878902669632,-4.995623305969272,-0.46812030873843824,-2.3814758242297147,2.665110657894001,2.0702960695931107,-0.34195663482241834,-3.1090439644476446,938.1272921224386,10.87816309928894
-2.460250520604408,-4.889791494510374,3.1757895102316587,-2.9573561738736114,1.8800735098487236,-0.06655842575163629,-2.8422132715913495,-1.6492084043274828,581.79080146608,11.704166173934937
2.9882601114062632,-4.906551671887444,-5.12,4.624077958658259,1.9092135386323,1.082380982406839,1.687317756693914,3.395719874300995,661.635999307887,12.29386019706726
-3.3295424505768807,-4.996768149906135,-2.570910814409023,-0.21272084923208734,1.8601759817390464,-1.958895057577616,-3.9062221835241364,-4.296743334001397,683.9994660549585,12.982239246368408
2.4468046803740062,-5.12,2.708777077561882,-2.004198646779991,1.9829473744605277,-3.6459775578567903,-0.3010036006485999,-1.8585251667557356,741.394845617408,13.657246828079224
5.12,-5.0682640413134745,2.4376833343598436,1.8221080333464421,4.988132737250429,-4.7143875279431064,1.5153207606751984,2.444428647855797,917.3336705020174,14.565031290054321
1.1821136523311262,-4.922802174652854,-1.4086516809896854,-0.09366806810206274,1.896178180320339,3.2201308097073857,-0.10111810280180489,0.5878503203428727,619.44503806326,15.310203552246094
3.7072740541216307,-4.93200039118439,4.652518785994535,2.0354437603943936,1.9123482835475532,0.17516104134563104,1.216455426115889,-2.909583603683659,537.2282446993001,15.9951331615448
-2.1125710890574187,-5.12,-0.5042656063391417,2.799967443605196,4.7826092363031405,-2.4332666408571475,-3.356506951173157,2.9871420994571816,841.2819746847969,16.723331451416016
-3.9357183163075646,-5.032790847590955,0.7619667547066475,0.06438206888675069,1.8659078904632143,-3.5369267302943306,-0.6466426734498709,2.3683883511829356,733.0902247562829,17.341814517974854
2.142761099514697,3.0063593339862065,-2.577112271969154,-3.121750518308489,3.3987905604311957,-1.398579820302237,-2.714877223839939,4.43772209676115,999.7801713451762,18.182374715805054
3.6585784780134736,-4.896330858074291,-3.059130682078934,5.12,1.8832468102263809,-4.693294555849707,-0.32630038827221597,-2.5206890741553383,819.5848787240661,19.0333468914032
-1.722190083127531,-4.953310348874422,-2.2903766917001467,2.6539745957705625,1.9558890345417232,3.168916223464458,4.805007954369105,-2.067499999109433,614.5424442746975,19.737287521362305
1.7499777674876187,-3.547519945856588,-4.508986246771529,0.8500013332215408,1.9111934826351105,0.95227709822443,0.17522581694880124,3.6186347362182785,838.8750749577613,20.49703860282898
3.690424092358792,-5.057550462763909,4.851999609061418,2.356944376466145,1.9764162799190288,2.061757798542332,0.47529058805825564,-1.3061423900410385,765.7525772972344,21.180198907852173
0.17813177310799677,-5.12,-1.6639839079095249,-2.089678189251257,5.01062192730624,-3.7883981446107438,-0.5742416660100256,2.2879581191795646,718.0522502132505,21.95920443534851
0.9691676506221585,-5.12,-2.512196033895206,-4.58268574936591,5.103365171958836,-3.2715058278538445,-3.200829435938229,-2.0246818970742244,725.6681010984437,22.843225717544556
-2.824693391400515,-4.978923868893138,-4.524443176476509,0.6031487192070939,1.971835969226535,-3.0374829537331007,4.907688168436995,5.12,598.9911631261891,23.436294555664062
2.438998865357986,-2.073164558539517,-0.7686042747585926,2.5667820121989413,1.5297000759029027,2.1276383228518947,3.3441046793566214,-1.8326730141081868,956.4595478975422,24.221740007400513
0.4600208746468981,3.116128743236712,-1.0304654154822508,-1.04388421433962,3.5632310934138163,-3.772068361654792,-4.165893564454693,-3.9284197749636074,637.6249830395819,25.14931035041809
-1.3057530744769745,-2.313378023373862,-2.138306811492739,4.490601216349069,1.2961058749934384,1.5711967889128564,0.02043633739920292,-3.89350819238475,900.5775577183429,26.01289939880371
2.811505274689863,3.0158990892729607,3.8630265642329986,-0.4448733051501712,3.4651098639322813,-1.859390392236317,-4.5716128064545245,-5.12,837.6825404028937,26.766714811325073
-2.0674045786607333,4.689564362726496,3.6378831249233192,-3.5801521986944795,1.05848129173987,3.3168117890398863,-2.3750693576159474,4.926564896116758,921.2304568036456,27.662280797958374
2.8441400965780925,-4.91494269392036,1.7825739815766601,0.055321023709710815,1.8968925275667683,3.5268021117909365,-0.06944338016092289,-2.047302852740145,432.0988541537173,28.41104292869568
2.7579334978660937,-5.12,-1.9760395176099421,-1.8141610695696868,4.805669400187397,-1.085580536651075,-0.19103768606261085,-0.8734966900450898,423.7077344129999,29.369359970092773
3.2622207335901594,-4.833595901060985,-2.9772160696480126,-3.810786336017207,4.821831543354821,5.06214133995448,-0.207517250060123,3.394176451176711,655.3403203813934,30.258100748062134
4.914116011621467,-5.12,-2.1064156081983545,-2.6093309332755803,4.6707718512686105,0.352682289413492,-0.1468516962122557,-1.4498502791967458,868.4296974126876,31.0795419216156
2.4958089473579834,-5.12,2.7483170343253374,-2.8109035033451986,4.8713459081393795,-2.1515405486165617,-0.20266545144068804,4.66642386705819,782.625810790858,32.04084086418152
0.2894430577480467,-3.6966694895450445,4.903425785288561,-4.285917406254212,1.8851181480603314,-1.3604248174186826,0.05818447827701778,-3.2060517742326686,737.7239615698684,32.963563680648804
-0.5714953225950463,-4.887159864105746,2.1114367500670594,-4.9928764756455175,-2.6518675256053648,3.1037838628306025,-1.386689734321552,-1.9852644815171794,668.4133665042817,34.05517625808716
1.0886302487718753,-5.04647614558433,-2.3589215232539367,4.813645542201127,1.8971639104196587,-0.4958139795969956,0.04197660046472418,-3.3483884847917498,695.6137427593642,35.14663815498352
0.1448576773733965,-5.117514131828415,2.7804754706564303,-4.084295440948247,4.862299833105692,-0.7969834659660391,-0.20515997377825634,-2.058538530449091,423.4734509410203,36.020437717437744
-2.2506761141605853,-5.12,2.1715519755463024,0.04817111749197789,4.826490828333605,-0.23742676279013253,-0.3426999821540271,-1.86183521693569,583.9452658023552,37.07460379600525
2.865816114367223,-4.904588897299632,-5.113624037184254,2.1509396044356865,1.897613481688973,2.946019340741876,0.06597055375736005,-2.486400519806679,432.34185831996837,38.06642270088196
3.731108199324889,-5.12,-3.3703608894476087,0.8724691556537127,4.857831124698001,-2.075273446932669,-0.11361354087667141,-1.8600175548517854,530.5775153264362,38.915225982666016
1.6813470685659615,-5.098868577165864,-0.9481403828889476,3.041831670585638,4.869535325966289,-3.1170777369209617,-0.09827235037507176,-3.9977939242910177,333.67857388426535,39.83178973197937
1.1207423371157255,-5.099626199984589,3.483926332030493,-0.7009507231391447,4.83336134625358,-2.305722151446786,-3.1781009282667183,-3.646309221881858,869.441361773559,41.01307940483093
2.028587957953712,-5.082151860107575,-0.8128072174746572,2.36856631405335,4.825137075736939,-0.5676911119444927,-0.018294761679453764,-3.098768125855327,578.3281554781399,42.14674353599548
0.6554130375792955,-5.112155532669504,3.3750607276873508,2.3659180968162605,4.898827749993987,-3.3575192166731584,-0.0009588091936816312,-4.056999613112515,800.8098185304885,43.27308940887451
2.9260255478102506,-5.102051241690493,-4.699697845269204,2.963347848879409,4.798603648926329,1.2264779222616449,-0.1391639535922593,-2.1654331089527568,499.2861901633002,44.291160106658936
1.6630253348267967,-4.820483880657815,0.4933157658525378,1.6543709195828376,4.83507599968443,1.4875924710073596,0.06919482754871531,-1.5182911251744344,1079.8402566675331,45.36066389083862
3.731923008726878,-4.916031849055005,4.355191211072563,-0.17362286288217632,1.8964834287257828,0.08008543196715223,0.01227660850640433,-1.3059522694923968,570.0951082095618,46.234981298446655
4.9316871670070155,-4.959704144005105,1.126652869408229,-2.9034839686598835,1.8709155436209741,-3.1930742074340404,1.4173562544407527,-4.664214703606181,590.4612089350202,47.31221342086792
-2.370648773380198,-5.07963982216382,1.251978226028867,-2.5224975478435256,4.854389479144802,-4.68453353190579,-0.18533139933432086,-5.12,858.94517947788,48.61037874221802
0.8411090255892324,3.053175458298658,4.307101885728296,1.703577177833588,3.4508322948253207,4.902374362335627,-0.845061605204191,-0.7720250875111452,727.4256419361417,49.68610596656799
0.8766602769010232,-4.9124678006149445,-5.104737645864918,-2.5228776603657512,1.9113980040788476,3.8061152081474274,0.4514889913289073,-3.550236319164498,822.4442513324523,51.01818013191223
2.8502940969269694,-4.952884436175109,-3.3973021430299313,-4.433513579630221,1.8980584181931643,0.1538472985495476,1.9976604687620076,1.6312372600010692,721.7594011708823,52.245672941207886
-1.491700994935484,3.062060452594724,-1.3519456278431927,-5.0339935790760615,3.5713286973530414,-3.397182766113683,-0.8928978607659115,-1.2346555486146955,916.9407039539955,53.40649342536926
-0.13002153815327944,-5.12,2.912280384286043,3.7418621171813102,4.847467632520581,0.5124369365186272,-0.265956165987868,-1.1556219350424146,648.7933634208629,54.52416133880615
2.7733315318014347,-4.92036996991981,3.2048873450997872,-2.1346456490620365,1.90682394437545,-0.020265854421752216,-0.38744223046602055,-1.9952131408028522,451.4071684662675,55.788374185562134
1.7377412204027927,-5.12,-3.1320513017252622,-1.3607405187619657,4.879016206352936,-3.3584670898003885,0.3568273068820762,-4.245188759680229,875.2135249720473,57.00021052360535
1.858128356348824,-5.107619374258877,3.5742547345891102,2.4376977405107008,4.855332507464468,-2.471165461878531,-0.1560378416975814,-3.194432224773678,876.1180261014403,58.199655294418335
2.7960342488156495,-4.944635128700422,-2.290185806002462,-3.078216994702431,1.874905841556183,4.19709415314147,0.06727164516249662,-1.793244881309703,464.2837316056116,59.33849358558655
2.5925851612655944,-4.933615147287831,2.8824618450985175,-3.1914230240564487,1.8867404143823112,4.227895749273267,-0.26487476780936436,-2.179954014001016,635.1660957960577,60.56882166862488
2.858797253800806,-4.977703372178432,-1.5828260085202808,4.144337531084941,1.925762218112835,3.6341789824243245,0.02158666057143499,-2.2371166413496404,607.5485144934005,62.21636390686035
3.420215656685598,-4.983423190027417,-0.2807878333736866,-2.818744314783057,1.9064080880348273,-4.245928836996965,2.1602507568658202,2.0290867495981377,603.0578991355627,63.732279539108276
4.633971621932383,-5.12,-0.2727854089016679,-3.8449265164899398,4.879090116214059,-0.5695166188352001,-4.81421468743408,-0.9589249585624957,744.7448478228956,65.37526988983154
2.1869757490895134,-4.894985206893501,1.5954641381387509,-4.983044279095896,1.8649899517212836,1.6179408411647556,0.030072402023456846,3.314567551133906,687.6266884929441,66.95775580406189
1.7599303364767138,-5.1129318977160745,-1.835535601178186,-4.230019189903285,4.863113533341738,2.3675519612519675,-0.15333360519532313,-3.689514876073604,729.6909827061529,68.46397686004639
3.8801767274304018,-4.900739861534884,-5.07519490711815,1.2020094553024352,1.8651453766575798,3.9382582310837,3.050826168100964,-1.6720696129081767,417.7960255312919,69.92630314826965
-1.9910412734415495,-4.927504166874228,-0.23923864711875442,1.3748344343205314,1.8426298956861773,2.42154359491147,-4.699488683753715,-1.8955497330423237,724.4682077482202,71.30800294876099
-0.20649630103376992,-4.869567740967978,-0.44683920430554647,-0.8360491807382715,1.8977558773770822,2.0974512704279684,2.9041835753368135,-1.6457271101343913,608.161673599337,72.79887819290161
4.70142355603359,-5.12,3.8282643646210834,-3.457008602799898,4.862201568820695,-0.4564893710619913,2.7295970915905556,-1.1377386416134447,893.2665675597993,74.21324348449707
1.9290752958524742,-4.869183775989332,-3.61182478958773,2.328797734003013,1.8756317761695378,3.8917563254910883,0.7488733124423321,-1.2680500739127298,695.5290587601799,75.61453199386597
4.2945254592342925,-4.912499817400644,-2.808759397380648,1.2032504019380088,1.8503399597950514,4.592949409373953,2.147534032129146,-2.0952096527322577,644.5576607599954,77.04673027992249
4.210135957179268,-4.9246822630735245,-4.905810572775276,4.418938082164842,1.9216743048363973,0.1926047422096211,3.482635460125178,3.9615484617841483,686.533415421243,78.40384006500244
3.6886940772711254,-4.917294286438422,-2.280242881309885,2.2202710808009263,1.7844812777571688,-0.3923740809254266,3.248109043434396,-0.3262355774160932,914.4013452553654,79.90346503257751
5.12,-4.881235426273291,2.892628208901006,1.9134635417660721,1.956636514542212,2.493544466310249,0.19329634718243405,-1.998765795997012,434.88367154582954,81.20650672912598
0.09466683310078672,-4.898363639978848,4.432225993739093,0.10420653282155712,1.9498933993202971,1.5786102842168974,0.8751895450336598,-2.061444073156732,533.1270361994455,82.84717440605164
2.4321565110913967,-4.9052072854260516,4.564683644798982,-0.043530315619320525,1.9495550398004413,2.1512006215115544,-1.2531698296614882,-2.0097131905123793,617.6861790525015,84.39897584915161
4.804051331600678,-4.9561466373672385,-3.81449966980656,0.12107438261503489,1.8968502377452694,0.6788878445198607,1.6475009982752136,-2.0012167075551304,555.1169367728284,85.83956742286682
1.2137522889129286,-5.04913122114057,0.35778453294367996,-3.567828868515323,1.936797387150044,-4.700931969586508,1.8372627681603788,4.114381030458541,732.5808016649537,87.27552962303162
5.12,-4.840520785084861,-4.775824664920748,4.54262513610172,1.9232171475823394,3.3560922803834314,2.5081647573511923,-2.3312998991263068,995.3043236265833,88.71399998664856
2.0079241303856934,-4.672398039351141,1.5407506918775757,-1.3905953776347717,-1.988974233754056,5.12,-3.125730790572923,-1.7303849098158173,763.359361034148,90.41807079315186
1.5983291484387738,-4.961763702591599,-4.519376831968798,1.220860150713337,1.8976342669585904,3.9769357308571225,-0.6315297397658064,-2.2455344121633045,825.3610371315168,92.13149333000183
-2.7433142885453816,-4.284632678080876,1.7114290509475225,5.12,3.69197989435665,-1.122782719464983,-3.1420202754387265,-2.044186441382868,665.8937314964818,93.67775893211365
-1.5034190476013034,-5.12,-1.8359261919942007,3.9007381756015596,-1.6351561755874333,-3.054994834665949,-1.812655095658426,-3.921887765038937,617.651245901269,95.55289316177368
-1.0159900542546305,-4.569689326289679,4.961703658449722,5.12,-3.908564955126166,-3.4502963304316894,0.013959230224785735,-2.0503836040231285,541.7572664898433,97.3199987411499
4.695808608469956,-4.620731673435304,-0.10867831957702201,5.092101137673789,-3.2863677863278937,-4.663912428388972,-1.331006685065954,0.1860163094642795,932.1263010858908,99.05542230606079
2.53517991020934,-5.058716401335162,-0.6357909984884067,5.12,3.1936552024966014,-4.623053222976756,-1.0592457426006767,-2.0917204106913436,752.7648634093382,100.63465023040771
4.476443107694023,-4.57000318390498,-3.792581655569901,5.12,-4.347579588296847,5.093020348894664,2.114122186361236,-1.9947139560782041,823.6861501734146,102.30701684951782
2.830553383414027,-5.11140465996444,-2.4083109692499853,0.7847181759994033,4.790130122821934,-0.6610879487974364,-0.12237673518217473,1.4652176937557488,857.1618691994345,104.26964163780212
2.4112911725796415,-4.8947754808024975,-5.008797487731029,-1.6092731420387754,1.8654581836134199,2.7172208602650025,0.5141352002758222,-1.9067064399472677,826.0476609088354,105.52915120124817
2.816190717132044,-5.113843038573389,-2.2641027365020436,-2.0276735606654377,4.8041872135068475,4.6816931994156255,-0.17664401063898527,-1.5456863607608455,744.8578657175631,107.14824366569519
0.48864974736435407,-5.12,-0.4295319100576167,-2.3393193746921055,4.543534728262789,-2.9734905431115517,1.7312879211105079,-0.7968333707337285,1016.0476605201169,108.90032076835632
0.04774976351026794,3.121459652423874,-2.3227366462456254,4.749242088944771,3.5141553263942873,-0.598661605874721,-0.8336185209152642,-1.380117586268375,933.5982783652205,110.72027516365051
2.6504164912452515,-3.579624191813182,-2.502151525252868,-2.208322991524754,4.83019055385691,-3.777163271240153,-0.4013389273460941,-0.8299028438511069,1057.8436114367341,112.61679530143738
2.9028741859056817,-4.988732033438122,-4.837862268496213,0.8957538029871985,1.9363398497069317,-0.07139243221997305,0.7249665483709329,-1.909624668743159,301.14477278155425,114.63656997680664
2.93581511805161,-4.948588888223344,-2.2854097721331987,-0.1389749332952901,1.8912510678452463,3.6381110391515135,0.27439793278093205,-1.9225946410241042,543.9246085186646,116.52759885787964
1.6454081666435085,-5.091277017497992,1.9974113010033463,3.9334810052686917,4.866546282354121,-0.48171972144771047,-0.30274200164707477,-3.9511936050989265,643.1031090323268,118.63723373413086
3.2229907786944603,-4.900775101068871,-1.200680587985202,-0.3509584406946935,1.901500688824366,0.29874710375057845,3.384123101197061,3.901641385542942,738.8857657568224,120.65053606033325
5.12,-4.771398961265325,-0.8811982130355451,-5.013014330227177,-0.6131207221471806,-2.6181025170338077,-4.821604916985076,-1.9575252120495028,659.3662838487085,122.54980492591858
0.6952753715402737,-5.12,-3.663403229532763,-4.208075945240367,-3.6438687976205344,2.7865357475515298,3.551171901004099,-1.7415139111129996,1020.3543680718159,124.84491729736328
4.074372037810442,-1.9227669002311636,-0.27177379878740116,-4.517499421742299,2.7600199748933143,-0.6897342904867596,3.3713086694886583,-1.9284689964220711,808.9166471921129,126.86508917808533
2.8226159301800626,-5.00835556354917,-0.10393223265984464,2.765157272449086,1.9920236682134336,-0.41939986047350786,0.8916071975210942,-1.9443648328887755,432.5023186414718,129.14725613594055
2.824783806984043,-5.12,-4.207414059990168,-0.894676572652819,1.830587725457094,1.31111974849909,0.8243561719628447,-1.9454284190838074,488.47580615458,131.18711042404175
2.8535983948137567,-4.997883988993654,-2.5895388509881294,-1.0851685695207518,2.079777203388403,2.369052223228569,-0.38632975405582926,-1.924087423881859,659.8217341327623,133.87647795677185
3.0741580438662544,-5.07039008345376,0.4377200611693093,4.248830326643884,4.7976619326359815,-1.1793117758553713,2.241149696627126,-2.107450131108014,643.1734675913474,136.49470281600952
3.8086892677897213,-4.8326933235555485,3.0890343414502714,2.6862872958224004,1.8479920374970291,2.268256776943846,-2.0822651711150497,-1.6141876509591584,680.7430711604233,138.8453311920166
1.7483315135172122,-5.104340281441743,-4.7751301117138505,-2.0836492323971023,4.872321151202557,-4.018453029797703,-0.2143956772537896,-3.982053782034661,441.20792980356714,140.99538922309875
0.25552374961721824,-5.119383945978148,2.6564499123897916,0.5181944159979146,4.83696232012806,-2.168979861647788,-1.6801806982368088,-2.047770271108486,800.0725540622144,143.04555368423462
2.874862880832924,-4.955414872639317,-3.382783014052907,2.8989508266720856,1.9191746600706265,-0.5023192700338592,0.4892742569929718,-1.9413510830643053,706.526523701214,144.86908388137817
2.824306059977247,-4.665731923669092,-3.25461830233035,-2.316013831874581,1.844502984045313,3.2883756506082564,1.1639575404423326,-2.010476307120296,730.6913542199433,146.62037825584412
2.734639556943473,-5.12,-0.19896257079680968,-1.6925715740284648,4.871652460674,-3.3489604054682784,0.3396879100429633,-0.759656899499074,849.1559690093715,148.4885904788971
-4.759655721140058,5.12,2.9769260129203152,0.24762653123503142,-5.12,2.4514794032596443,-0.5932618950518833,-5.12,770.0924961417735,150.1504406929016
3.5444142729658124,5.027577730281302,1.4137236703982339,1.3575352972403367,-4.8635703988692605,-4.565148129168438,0.8883551605636297,4.783350939731405,984.7723733425755,151.96844005584717
-0.5288786366498774,1.9528454805832327,-3.5241122466015904,-3.9916373182058145,-4.982907413580581,4.620811264276891,-0.21864971079356366,-5.027837129885442,760.7400418086438,153.887286901474
-3.926622816461266,5.081425641499028,-0.294148741376425,-5.0910025100598855,-1.910598286081128,2.7081409867265487,4.868446289056187,-5.050070061534926,472.5035531677616,155.69090747833252
-0.30158602757861175,5.052586528433909,-0.7190113767818378,-3.879342770089696,-1.2576783462762546,-1.174406277083242,2.2995336091333067,-5.025453174873686,649.6716839121884,157.30449533462524
3.6948043542082845,5.117336344598761,-2.0306829940282802,-3.5452868372981845,-5.038715864062318,4.331922362233217,1.0553471870589792,-5.045058364629763,647.1820717010165,158.92270374298096
-2.5650770756241497,2.6528818755161687,-3.4945114292063963,-1.619713371666375,-5.092966051804679,0.210448106552918,3.1657662957262174,4.656695548768439,1104.981930845755,160.5716037750244
3.011939570196362,-5.031470803491748,-5.088527508517008,-3.6293516398123673,-4.577097132010027,-3.817491452300147,1.7639350355269299,4.815737892849467,719.7985881470807,162.2389531135559
-4.7851846563864955,5.066962944959369,-1.057431802137006,-4.002954003095798,-1.066959182827027,4.58914997235654,-4.267619915816607,-4.949239422481797,533.4011892341666,163.98069667816162
-1.9357063566077621,5.064193053504037,0.3854035128984643,-1.2164990675889125,0.16872760348294857,0.47529012119426284,-0.1672462646578925,-5.0348439220675925,629.6367928469684,165.92262077331543
0.7466442959256812,5.099059849049627,-3.0002413366923446,-0.9970192308081831,5.06553968177671,-4.373426947642024,3.119292666710778,-4.977997800155253,442.85059118137355,167.86561059951782
-0.24435914259412428,5.090622988449986,3.7893777694784196,-2.723473647861516,-2.2331246264872147,0.4912541465450895,-2.4110486935225546,-5.071101915752346,872.706223595017,169.70095467567444
-3.4033381099902655,0.01097063269676024,-2.042627388992335,0.7664325757181523,-3.2206429839824393,3.7728944888316116,-0.8063326982575276,-5.084989854756697,589.655601582713,171.6887810230255
-2.5594559800151266,5.08724308829876,-4.057685262628277,3.8166057060305567,2.6321685581106617,4.923108827731604,4.893632319389993,-5.049835647336051,622.9655701160832,173.8043155670166
-2.214080715938632,0.12269280474297517,-0.7502457627148011,1.1462126015694594,-4.619786809593024,3.737052361639214,4.620205138937824,-5.116472162526397,814.2063313595955,175.68373250961304
3.3877236907331403,5.098543143719124,0.5933581602550113,1.5297461510822998,0.0644409751311219,-1.0661118542991437,2.2564375326382846,-5.073258590950083,779.4131564311036,177.94110345840454
4.074533794746912,-1.5558902175227645,1.8557125047715264,0.11056875169139868,4.523168874340986,-2.519998979888364,-4.3591019872202015,5.1187344213673756,948.7097527327245,179.88480305671692
1.2205905919679356,5.099271890844592,-0.9111584892369402,0.6272925336839297,-0.07585772040253502,-3.2515518203205636,-4.759096576143803,-5.046076181663846,583.2967163890899,181.9694700241089
-3.4127744940139504,5.10914116265906,-1.4367885874530515,-1.5519557359982645,-1.6578085324666647,-1.5107794272002248,-0.7190455338810366,5.028193812330266,1143.3510941591026,184.1096637248993
-4.674994133715571,-0.1808261831984126,-1.8521327027179537,-3.142009873955786,-3.080460552590384,-3.9789452876597,-4.699191775921114,-5.110484397794179,557.294820123631,186.24904417991638
2.8753867716746493,5.064452256683038,2.4636017537759445,1.2943731570329842,-4.869572553561759,4.504579295143944,-1.0342642415143022,-5.03399325886048,710.4797946911756,188.38230800628662
2.210804160926573,0.37805339646172786,0.4801803774339355,0.007165575190235529,-2.0004753849351773,0.9737666189574989,-4.197214464027166,-5.114777378808625,594.681568324643,190.51208448410034
2.4050917632244015,0.03305392095212234,2.0487195593731418,2.9773771509748554,-4.695376046974201,-1.8602244613713386,2.1533786150000402,-5.115388596890561,503.608492527289,192.58660793304443
0.599006801707965,5.0614725832528,-4.979546461712111,1.414736590763586,-4.440977081778078,2.133596130936639,-0.18636651418737848,-5.074632670580593,776.5652518205053,194.557386636734
-4.3083325118550535,-0.25533527214298246,4.1523110400748005,-0.04605957006595407,4.946929332168067,-0.9017678007859082,4.654076644959065,-5.11471516633677,600.2421123598866,196.69041204452515
-3.037083888666006,-4.900016032049455,4.553190728597156,-2.768987670296784,-4.604451780571659,-0.23428266066822268,-4.441946434109749,-5.118624580705705,922.4815462061787,198.76454377174377
-0.968821142239384,-5.108395188393306,-2.9304704784082394,2.1942376922214466,-2.226287511535457,1.8497219917283783,0.7090983144005909,5.108052581505684,448.8106896349799,201.02774119377136
0.8773891988353428,-5.12,-0.8394624918932339,1.1508461955251938,-5.12,-1.2536574793903439,3.8422486419522555,5.12,443.2048026621409,203.492178440094
-2.2268177983191157,5.12,-4.8420906023132195,-4.71587744261303,5.12,-5.12,3.381675386397622,-3.3175127658888126,799.8849525720593,205.87224173545837
0.4443300939556636,-1.1867563090489592,-2.668453769645015,3.8391832985638947,5.12,-5.12,4.556269266294962,-5.12,849.1136970996191,208.52974939346313
-4.622343762688387,-5.12,1.4736868799848848,-3.9500975560944287,-5.12,-4.565843035533165,4.845180180092387,5.12,854.0710056077046,211.01923823356628
-1.3136870357361619,-5.068888861471925,-1.9785318049675271,-1.960157957587024,2.871430169876012,3.1103141448962903,1.1242308123924953,5.096371143504004,333.2315819685143,213.28587555885315
-2.650222491969694,-1.7281163829497501,3.0825779233065242,5.0961022652622345,2.6937614270614336,-0.007860784157388778,-0.7828417689604317,5.113218666370584,621.2045546237424,215.52298021316528
-1.7768288492718254,-5.066854274236132,-0.8889282751345284,2.2318673495306154,-3.361102191008846,4.973075128666841,-0.996489193545484,5.015904688750255,466.93494072972396,217.9251663684845
2.8407674225080894,-5.12,4.993663300340972,-3.537812070651322,-5.12,2.4739462449475313,4.45682750573384,5.12,869.7466630513752,220.32924485206604
2.8704973035701107,5.118559951508629,-3.538045681521946,4.573243915657968,4.7333772057873515,2.011196068436485,-2.215688866511502,-1.7568913095007526,831.8270291671024,222.74788165092468
-0.5089676803223062,-5.083481355766959,-1.6614640062741892,-1.1149368706086014,-2.163631215841246,1.7455765804369863,-3.6298134455350715,-5.1131942573690194,812.1247203264537,225.24344325065613
0.08630405385224815,-1.1316212955407376,0.2306120571655672,-2.6002105855644726,2.7877152414091118,-0.6509336974282292,2.741986369005544,5.114020067984142,729.7214121983909,227.7648103237152
2.7975195803836517,1.2587198239429496,1.9863643548058736,1.654478226445141,2.93274710123693,-0.7072102842991228,-3.74422115256467,-5.098617389222843,655.6955774651843,230.206068277359
-1.9629502105420769,5.039219137337683,2.135523610649196,-1.6272215460379682,0.3167186793653407,2.8693091063950806,-0.9391029971138343,-5.118564942578404,487.7071168753595,232.63237738609314
-2.758440699960685,-5.101473154597685,3.2401446120193436,4.7653289658468685,0.9269906646691899,2.880615638487048,-3.1407066499783216,5.068442808124693,492.97399419162645,235.5588550567627
-4.102070801480048,5.112099838751523,-3.458898486745272,4.103468113599143,3.355234057915095,-2.330696332724795,-3.9063806946851694,-2.4606509559076977,894.2475248937114,238.36757612228394
4.3746324772618985,-1.2566979353196417,2.923378110050181,5.023517100810243,-1.8046261905446856,-0.8539425437884134,-1.8278162284616717,5.114241367477011,558.480505156796,241.2779462337494
2.281802192718973,4.9416891397516105,-1.9461364656139466,-0.5568814077060811,-4.9360345506219145,-2.010437841983875,-1.0141643421530215,-1.1464017217730964,438.29980278826974,244.22560477256775
-4.153127570489906,5.12,-2.5820669041445474,-0.8578193593015611,-5.12,4.142537194102487,-0.9482771688944744,-1.1843130908038053,520.5062282399085,247.55854773521423
-3.9995137029485672,5.12,1.9786750630024565,-4.372343131677882,-5.12,-4.749591888631116,0.7808945562762073,-1.6514683492753135,680.9728499265146,250.43210220336914
2.770986135801645,1.8890471915713443,-0.631146589521463,-5.03468173471328,-5.12,-2.086097043357843,-4.933179681818544,-1.416665746757384,611.0480322439961,253.54118824005127
2.4422831440853505,5.12,0.8321485371969173,-4.774241968337911,-5.12,-0.8040913571860315,3.4859719171157613,0.3748760880337594,914.9254881050705,256.34035181999207
3.477643651847152,1.5111724303930965,2.498450102908814,4.525374828298188,-5.082760129067662,-4.76904551946049,2.3481066744805874,-2.263530569982442,1265.3931437182953,259.1386368274689
4.347575337265854,5.12,-0.9557289101748383,1.9634379602692613,-5.12,5.12,-2.9614878927942905,-2.3742245777261934,535.3188687409987,262.534743309021
-4.241255402950092,5.12,1.0239020098063847,-2.8284478895309304,5.12,5.12,-1.5654815122759054,-4.029606357837096,547.373398173258,265.44964957237244
-0.11420782611122604,5.12,-1.976845092162502,-1.912267217109508,-5.12,5.12,3.9184049537071273,-3.277464514100199,364.1831025951896,268.54930543899536
-5.12,5.12,-4.6926370587238475,-4.462654393671569,-5.12,5.12,-3.7975436571425565,-3.227832515187509,769.2595220995948,271.25106382369995
-4.659442818668474,2.393461831474913,2.364604254982763,-4.179678607760023,5.12,5.12,1.909408817434091,-5.12,785.3467236716259,274.1130795478821
3.433443102048355,-5.12,-0.1653803438950172,4.531853707754569,-5.12,5.12,-3.8993025979104123,3.543367485052415,874.4214268511118,277.21243500709534
4.124176414444476,3.210425106577415,-3.661895658443761,1.6422934660474455,-5.12,5.12,4.889276659058429,-2.0866192608269176,635.5165717918019,280.7946870326996
-3.677509933834834,-2.1618876248004733,-4.730917436518717,-4.575342410672755,-5.12,5.12,-1.3133805129674458,5.12,854.3444101345633,283.87765192985535
2.6855929725094283,5.12,4.682773345973016,-1.4139781087537209,-5.12,1.2952200228394295,1.1301445188547659,-2.1940791740276278,836.8827633373317,287.2009060382843
-0.26753900208472015,-2.3987737633264774,1.257825519561817,-3.1353944716164817,-5.12,-5.12,-4.561604796222421,-5.12,821.0152003381347,290.6529314517975
