1.4246380652444852,-3.178658303539753,0.4304735403676192,1.243063979096247,-1.27566607961742,4.705709070823189,2.1046219924166962,-1.86020388043546,877.9608898340692,0.42601537704467773
-3.768041974650611,4.6988724644448565,-3.620192149289116,-5.12,-1.5119162723453639,-3.2311096591514894,-3.233132370070419,-4.600153281285082,1098.263576804491,0.9092996120452881
-2.827585642485111,-4.549375476487388,-4.849168701373484,-2.1899147093065143,0.5824089101458263,-4.613792881264832,0.7244970416308192,-3.857759565822411,962.9099681952947,1.41050124168396
-2.907305165132982,2.2427654011745517,0.9036465491900971,2.5162612682511813,2.3752469200035433,-2.8902566484732075,-2.348386103745942,-4.1318818984048225,770.4406334610728,2.0768957138061523
-3.9127179677534647,2.215671808093016,-0.9000762450271891,-2.1942294543968877,-3.7003129743350494,-2.9535692182608226,-1.4269418919691548,-3.3408631967596807,718.0879997799939,2.6483633518218994
-0.8575443363545636,0.2715689956940217,-5.12,-4.276905098711674,-3.7688976122468576,-4.157494041962394,-2.533042189271415,-2.659629057102233,870.0678826774608,3.0954861640930176
1.2461089361565856,1.0767319208713557,-1.0364170355258793,-2.683095736090378,-3.1476649912141696,-3.2175797081706587,-0.21084105505720618,-1.6886017688494652,619.5945137508007,3.559194803237915
-0.09114826195789849,-0.19790596031418772,-5.0032612826298415,1.9033121630491303,-4.471928500499642,-3.572756472433949,0.3180948997456241,-2.6116064596001642,876.1825763617936,4.050896644592285
1.9447198782037534,-3.448278667504833,-2.0559207141148943,-2.9426662330061606,-5.082815624472942,0.5019839753265618,-1.2353941087861529,3.1215469228436943,611.0168182919447,4.56406307220459
-4.967867400134518,-2.9156177285403557,2.553992124232577,-2.3791059220530246,1.7859049536039349,1.4319973964377821,-2.5294863367245823,-0.4545633133578999,1102.6626481044175,5.193792343139648
-3.037943194639912,3.9685736018371065,1.9761871156181643,-3.9948376484247863,0.5683137111615402,-3.574032709802453,3.8586083094159696,-1.08638192507585,511.55835634844914,5.799692869186401
-2.0061472877002835,-0.8489345157284012,3.21724816203131,5.079397405159168,-2.624622675147164,-5.12,3.3066707738547505,-0.9619304852842303,555.1396393016794,6.3877785205841064
2.10867311310154,3.4090241803240646,3.0472936274589495,-2.589779081166565,5.12,5.12,-0.03170386990323237,-1.0414247263418286,540.5395895926794,7.059821844100952
3.9597944189118452,-1.449539075560009,-0.60417131544523,3.962006669652797,-5.12,5.12,4.100137737946578,-3.1485677342290765,607.2073914495498,7.462574481964111
-2.025216605956378,-1.47588900855835,-3.0723473094205698,-1.1181903450945923,-0.7493356506597433,5.12,-4.969502845379999,-0.9948795013390148,435.42546992658197,8.077999830245972
-2.0466992170722604,-4.889677154020073,-5.12,3.7813518281412746,2.4258371868523634,-3.4208919033105385,3.365365125501172,-1.1362820012835742,811.7141674402577,8.622637748718262
2.7073975304286737,5.12,2.8511920024636748,-5.12,-4.5874177048443805,-4.432088462330024,-4.580048254342374,-0.9630682382704929,918.3741091720708,9.231796503067017
-1.39167895394464,5.12,-1.9701931437364602,5.0081504526715905,-5.12,4.879178378703846,-4.093546224144921,-3.041806038619569,414.6199143455767,9.745956182479858
-2.311856131146537,5.12,1.6574859007880027,2.101445647599429,-5.12,2.8700037371516753,-1.443847681744205,-3.145320666149395,716.0497917240939,10.515876293182373
3.9539109505082317,4.161109860624179,-5.12,-3.801360244955542,-5.12,0.27626638365848777,-0.7969050456365157,-2.9709069240189616,472.0775229240152,11.088749170303345
3.4589741701316585,-1.294738240194894,2.231700704037962,-2.3167409585746843,0.8145727623482797,-1.4547352882983056,1.7082781110079441,-1.0677611436548764,975.8650030349609,11.824190616607666
0.33381919320945386,-1.703846241493948,3.482074177182006,1.18352915224615,-5.12,-3.2076144592802005,4.613882863102886,-3.0051894984136487,897.3379858317757,12.417372226715088
4.934648013967563,3.9564811860206985,-2.3797733666169183,-5.110443547170373,1.395537754726429,3.4841004776010687,-5.096261778165035,-3.0630149126261377,733.378600115472,13.026007413864136
-5.12,0.9535865603693541,-2.399924081128717,0.1641469400580613,-2.251733750356619,4.454539097213366,-3.7601711445745325,-0.9744538086541992,725.6827528838111,13.703356742858887
0.6700441564780162,5.12,-5.12,3.2065466332174877,-5.12,1.296946623391431,-3.4542501330294035,-3.0358789516381903,742.1990933242676,14.40703821182251
-4.20489959747705,1.5464991258270144,-1.3038564291477486,2.1674187406377747,5.12,-0.05921707004344601,1.501215627438933,-1.0356473100810177,743.8644689408753,15.063986778259277
4.365129758017253,2.4117202316857655,4.422960323827566,0.7621517205789958,-5.12,1.2517314257325287,-3.974752258941936,-3.1518210502188553,902.2088041906393,15.575114250183105
1.756010812000401,3.0594268476864324,-2.933341923302747,-2.003535977286639,-5.12,-4.779821569562562,1.7487066602964605,-3.0303562715311134,409.2481924206362,16.174358367919922
0.5221644049827106,4.369773522019895,-1.6017262431083759,1.1069590272634118,-5.12,-2.694489519148996,-5.078910830806644,-2.883587580297479,859.0295825217223,16.71444582939148
-3.0661389874530016,3.4545774060446925,-2.4011553555046725,-1.5870538341871048,-5.12,1.5520972145441165,-2.1361114913598995,-3.0967926361423013,917.7164682664741,17.32958173751831
1.151106760481091,2.5785798426813926,-4.293701632957038,5.001711703794231,2.1005013552012137,-4.102094323585538,4.795237186172083,-2.156813401319214,613.1337292607362,17.861506700515747
3.638836373872052,2.3518300075439322,-3.1620647343731694,-1.0277590001968857,0.3794849686420605,-4.290684446316022,-0.8431477671510708,-3.35276040674597,936.2673117699974,18.41018795967102
-1.6218943747281238,-2.199182027024311,-4.798441385391034,1.232696461587044,1.407753380090302,-4.31124938308505,-3.6242624144641025,-0.9374207514463855,966.3394205536605,19.11099100112915
3.809318006907861,-3.364538126992062,4.433028786124701,-1.7514606084295803,3.531463690820652,-4.972574174859168,1.567973758237752,-2.8033152177602334,1073.5984069740252,19.70510482788086
-5.12,0.6326064996469265,2.9800828821596363,-2.7035958429742424,0.8366213363118922,-4.204520353297568,-3.371177673706126,-0.720197321760975,804.590345469341,20.288676977157593
1.4093480986049887,4.322840298092575,-1.5807903820821436,-2.439464833969897,-5.12,-3.638321569628105,3.6495623059509663,-2.5839854260897988,1334.26558397809,20.759207010269165
3.8180537414118225,-0.330910687093815,-4.8953073070698805,-4.1913197626899175,-5.12,2.6468428904514623,0.46923995560289455,-3.0893805874813,792.2089308414619,21.386962890625
-4.660338850407529,1.0556358778097534,4.216250979352117,-3.865999178375146,0.24874058136939858,-0.5593975268160207,-2.3729820983017507,-1.0350616208343189,798.9867636588781,22.05109930038452
-4.61693513470483,5.12,-5.12,0.23169629103174572,2.4820165473664444,-0.6814090445818488,3.7730940956037413,-3.0104031523301944,847.5460959131931,22.583072900772095
3.1436094287472214,5.12,-4.778656446162457,-3.560381932907188,-5.12,-0.2733084601248743,2.410288331665921,-3.0671657841587323,788.2190121054817,23.304694890975952
-2.474792525462742,-0.5382308087626191,-2.3019408306899583,-3.297992280907823,0.6756193073863912,5.12,-4.234991155432552,-1.0001649847254273,988.5709467564959,23.88023042678833
0.10602370920622928,-2.398373658604438,3.107342010499596,4.3942259498037215,3.3537368174328543,-3.6066163711257424,0.08243328972716579,-5.095821661413136,856.9962224858466,24.43481755256653
0.8885456580004112,1.1261199502921864,-3.3206532552530827,-2.0079417373958246,4.071105458028332,-4.115625644844052,-2.223916319846137,-2.0227105460098485,375.82751628025255,25.005922317504883
-3.802305611400916,5.12,-4.508246371734782,-2.0448019636408175,-4.239604149200959,-2.643944317780552,-1.084080673626178,-2.1097439157230404,686.1627398761531,25.64875364303589
-1.7539745046292232,-0.08158354370137033,-2.220922404290504,-1.994343561569976,-3.8845052236073085,-5.12,-4.658307421418172,-3.269849400396868,597.1541089447738,26.245086193084717
4.741783485555225,2.3798860278578413,3.34024202124641,-1.9712643223809136,0.9082151524952051,-5.12,-4.196679296888792,-1.3715166749627894,802.6121901862932,26.864790201187134
-1.4471436302012268,5.12,-0.9488104775225255,-2.028466080530845,2.9647168367781864,-3.987532824031887,5.12,-0.6919816271360153,478.5779057763654,27.552775859832764
-2.2694031487344084,4.063595983948686,-5.12,-1.9602711054401585,-4.711462248577805,-4.346106477571472,-2.7474927880056597,1.1526163665084326,676.8199747062457,28.431828260421753
-2.541699667219596,4.447387547653469,-2.1883003014059126,-2.0012825081549495,-0.4202239350823165,-3.9449890287779796,-1.6483056724769898,-3.8540616485956254,914.1415874974157,29.168205976486206
2.9545823864035254,0.45350354363425804,-3.4740603165454855,-2.043160242986876,-1.1733004033500563,-5.12,3.963544007651877,-2.1681348744040556,609.4848165772084,29.739514350891113
4.077931818783484,-0.7788452850400791,-3.2946931187052595,-1.9650166848391932,1.677112060195781,-5.12,-2.793093591889806,-1.5146116683378792,739.0684464351941,30.623700380325317
-0.35320285774953586,-2.5300195885199304,3.5033531427070583,-1.9686452738126667,-5.011483458557484,4.787722266648189,3.0044683604329707,-1.728813344782889,833.3527964121606,31.42943525314331
-1.7874092979837788,2.278630363528536,1.009272702039298,4.985232879921022,-4.7316883687018185,5.12,-3.701575115273717,-4.186078524450647,638.7394873972462,32.25642371177673
-1.3759734429215174,-0.4869218948589529,3.501479103343498,-1.9599716458205179,-2.393755867126397,-4.169756850887923,-2.6372774720081815,-1.5756998017560262,1208.909477942168,33.20891880989075
-0.25214465686718857,-3.007720203264144,-2.9262521961337837,-2.0207806194735616,-1.562726654530164,4.970756341278732,2.927921311815001,-1.1402751038920074,412.12985225038744,33.996530055999756
3.7324862280168807,2.7124879407757714,-2.7266924071588794,-2.051185567811612,1.3941007547487168,0.35024982045967334,2.0490386817546673,-0.37876904104122566,908.0409429073625,34.79325485229492
-4.253136551684339,1.7746503433141037,-2.3092135998553416,5.011327738663934,-1.7407261688404456,2.4977747105077235,4.544720167610429,-3.629665480941002,1088.4322718946146,35.85210132598877
0.3789120485815438,2.1684569766883053,-2.0286869652332284,-2.012467032008458,-3.3793803405805347,-0.562580393815109,4.410193877194328,-2.3344656205023093,975.0900897402723,36.858256340026855
-4.411189972091794,1.6437156894224847,-2.9792557519662193,4.354826998464065,4.019617188017267,-3.5689088338378716,-2.2699418688678294,-1.6715211956865983,1047.0161723969263,38.245211124420166
-5.12,3.6045002056047357,-2.752481127365908,-1.9726533781478577,3.3463666955905955,-1.1977120933422207,-2.25612270750193,-5.081581760368446,741.7933274968069,39.271026849746704
3.239752484425419,-0.6343351272427569,-3.425578396971736,-2.5362725221303326,3.2993144754863915,-3.853505088884679,-2.175219813216391,-2.691608043068507,1074.0070274444447,40.20326542854309
-4.86444524163919,2.1929191787401967,-4.729125399384394,-2.0127671896066492,-4.581594371829603,-3.5326177483842365,-0.3162312717886637,1.3551256952176072,989.551548082458,41.0340096950531
-3.9741877105786143,-2.245142749922642,-3.6790844176360915,-2.0044515045623172,2.296678725053189,3.446557446222857,4.955295827799428,-1.7234931631508763,768.287193109583,42.07619023323059
-0.10148580599658885,1.1419037972109916,-3.689111621526566,-2.007085729168363,4.04072497554887,-4.800902630590158,-3.460972060168971,-1.2478291729133058,633.5878971631485,43.06388211250305
-4.475633032738259,4.674807662775581,-2.640390360797305,-2.0243444459075004,2.287919843675123,-1.8269473372446,-3.9315898235868367,-1.536567359107163,971.987027076108,43.920822858810425
0.7310384848242553,-3.3457944579362504,-4.117345874675105,-2.0021383860937876,-4.13221216715744,-1.365647591492273,0.33859613503378316,-1.9286396263551073,711.6726214459608,44.83088302612305
0.38460623562944907,-2.321691566221727,-3.515233289252028,-2.0142847202418976,2.5981172518444033,4.644299171724502,0.43597804446206023,-1.3988834242153434,1286.4828574963099,45.69330096244812
-1.4536281478336868,-2.491637142513671,-3.1958676127463104,3.6445481571384173,-1.6848297387653082,5.088280820332652,4.444784271961949,2.118588518230556,1083.9403617040048,46.7218554019928
0.050733573317877756,0.2571279029155331,-0.24995954448674862,-1.3026642420323906,2.573431526056188,5.12,-2.5964354336494107,-1.0677121195914765,792.284577883111,47.95905518531799
-0.053563061822039515,2.938842822499061,-4.718226438946022,-1.3895471141307358,-1.2074000786213217,5.12,-3.600824059110052,-1.0663504609163654,674.0273928561467,49.216789960861206
0.9191632382567834,-4.49562669457783,-2.6151527955695184,-2.0037133814886086,-1.1867585107863023,1.7309403862905537,-3.1715332149418547,-1.0551053086657998,666.9006593679278,50.59521818161011
-0.747982965975198,-4.810565212157066,-0.25725803943530057,-3.2506191233679615,-4.924683593538727,-4.937829087156769,2.739046185235468,-3.0079082971713844,594.1143216987804,52.20025134086609
-0.9940681156278508,3.9569328102954335,2.58961692330137,-2.9933142203054843,4.095519174409824,-4.071165449096251,4.593103918141824,-2.0405785636757003,493.1896375541463,53.53865313529968
0.3655599875892541,-2.4082697106703876,-4.02595382040355,-2.2592901143131736,-2.004620957673994,-5.12,-1.1419767163388759,-2.080471405155958,597.3891474779687,54.667951583862305
-3.860169354854513,5.12,-4.903862231525518,-3.3903006143702843,-4.987212637786578,-5.12,0.8144074394079244,-3.0745391998645735,494.82748697521185,55.631028175354004
0.5407615046656016,-0.13996142371353493,5.12,4.84846902307716,5.12,-4.322034882078752,-4.802606945343569,-2.0517095317264245,667.8965569220201,56.9250283241272
-0.2261722963728241,4.674823741607203,-4.4173570198823855,-2.281641111581594,-0.9194976073281653,-5.12,3.694391580542706,-3.095040688401611,825.2270348982026,58.37593054771423
4.248017834508189,2.5780642981459714,-4.470821222233352,5.037316546382098,4.245650454716746,-4.535694774988447,-1.0247594982671542,-2.0562878729838308,904.1160694976046,59.38596057891846
1.3237864435053144,2.8667542057927005,-3.1324468861355426,-1.827094648789184,4.139194576821791,-4.123655251919896,-1.2263833719754755,-1.3828633675252933,648.4408158372856,60.619580030441284
3.4070468201683672,-3.618104065856066,2.233198484691221,-1.6456105256040523,3.86970327804075,-4.120668088374081,1.3223361703282288,-2.0100667351744397,880.8924217173509,61.82471990585327
-3.090849067083651,-1.6992464603770947,-4.517741659938137,2.464364425961718,-5.12,0.5516417576513923,-5.103960321069935,3.0050383499693707,887.1331299638277,63.029459953308105
-4.85063676836973,-2.7975894674277844,-5.0880961831083065,-4.813506542323651,-5.12,-0.05852697061567724,1.3102141728477052,-2.0769286644071783,482.3651558032524,64.20465779304504
-1.2833223193370533,4.562305968954257,-3.713915983497078,0.1963354382826834,-5.12,0.45339650782726615,-3.8712184671938124,-2.0953768994514137,855.9655470769651,65.42608833312988
-5.12,-2.502672129314049,2.6974132222945766,-1.3214753826121988,-2.8358819483503575,2.1561933664154047,-0.5710610584817761,-2.094391745611945,862.158951695529,66.69007754325867
-4.314172857913279,0.7451292560109746,4.285992424797471,1.074356278118155,-5.12,-4.52688171595531,1.4846395933391054,-1.1681216610506677,940.4116281875656,67.9277012348175
-3.6214657980185474,-4.536727986290141,-2.48011464470881,-4.008633015493017,4.998953893740853,-3.833791466973649,-1.4504462726879694,-2.030326017941106,917.565364094312,69.33630704879761
1.2873505437099695,4.841671318198238,-5.12,-4.474911005596597,-5.12,-2.793966261258481,-4.503892996770275,-3.177522320616275,886.2077990175878,70.57690358161926
3.8924499225094733,2.062548822979778,-3.334016502182018,3.8290713610069185,-5.12,-0.17734769746198786,3.8017970443676807,3.2254166709228373,564.2589451301002,71.8152232170105
0.6902890010193019,2.200084352062273,-2.331324445866449,5.019821138001778,-3.2933749525684712,5.085578234069051,-1.0748725224169275,-3.0567743941264456,596.8158081413237,73.29756736755371
1.8835728891915764,0.1351897593606779,3.048648742137975,-2.5552427823379227,-2.6149958681093155,-3.680150893041435,-0.6176816842555901,-3.040716783554527,802.259594287719,74.72163558006287
3.0790569484593986,2.0171720237481967,-0.03524404534616643,4.685206275819509,4.893852151498501,4.388976287731523,-4.39570589986908,-3.035691424027329,641.8160407837072,75.97551465034485
-3.178394301249222,1.5592008380661104,-2.4906745575186013,-2.8594021792855826,-4.9321523374680165,2.113271933219221,1.4488101263057596,1.7363775246949436,883.513454305809,77.45067572593689
-0.9567557042528181,-1.4362111953939807,-5.12,-3.028259749187337,-3.540567951086145,-4.1277683787427835,2.1030580670341923,-3.011713834045737,553.6615142349674,78.90312910079956
-1.2029441790934658,2.42587799943498,-3.450711448388171,-2.9960840617385998,-2.985307026928933,-3.8697043975226357,-4.334771949676266,-3.05156335658803,723.7803892917136,80.39807295799255
-3.6902572403920755,-0.35635946935858076,-4.522514821052855,-2.422592790553517,-5.12,-5.12,2.90789776276518,-3.064701274914162,875.0133001067718,81.88807559013367
-3.3582994913978648,0.045480738261805875,-1.9216918033062473,5.12,-0.45058113646064957,5.12,-4.444938221128293,-3.112166000570935,743.2033917583817,83.54333591461182
-0.88400865162839,-2.9413255500804105,-5.12,-1.4580220069382688,1.8590001788542407,1.0323948325749246,0.24146588797315527,-0.9085328722848205,448.4570979807953,85.00504422187805
-3.8088513714583057,-1.6082855685311865,-1.1813542908077186,-1.457791820363047,-4.245614463563824,0.48942317103581257,-2.798580033836241,-0.8843881188576033,935.9999938779657,86.53958773612976
5.111727081637537,-1.784159353865837,1.0702751106375645,-3.537226666787391,3.4886630400613994,4.2501197414103755,5.12,3.209755386958153,820.8429344238771,87.89101934432983
-4.713136664896185,-4.732838288655867,2.2372668408504035,-2.567968875461584,-2.2672785620309885,-4.0957357138379455,-4.990010947412129,3.276190551338858,875.4732586880972,89.54507660865784
-2.681154442122266,0.1459539173015676,4.049710283714707,-1.6716447608151608,1.931851857313716,-4.923010307437874,3.364932286209169,-0.9555871262475479,590.2878752582735,91.14761304855347
3.5487740420351797,-1.9144149033289897,3.489724101224966,-2.0550175968050537,-1.4877098995321125,4.756540847354985,2.5427280817559144,-1.1236691504165095,1001.0995602606565,92.77732706069946
-5.02537376172049,0.7056508422502938,-5.12,-1.584191485496477,5.12,-1.126117381877346,2.156883538501563,-0.945564234210015,537.171801748851,94.2007405757904
3.6741356509813885,-1.5633696748927304,-4.635212870490356,-1.697100546319179,5.12,-2.7596671557680414,-4.595399588545279,-0.9017081901640376,1054.8609149966603,96.35152506828308
-1.9239285251542912,-0.9940979001713339,0.6386965384763004,-1.7577100648776254,4.205372930443555,0.4320176407592582,4.054835526244822,-1.0333294530516257,585.7759127369956,98.37539744377136
-1.2627432092054232,0.5654691218121464,2.460229889191493,-1.8841202060683808,-2.040912220459954,0.11263235957615869,0.9925250069268285,-0.9529335251273414,571.2445849924545,100.15100288391113
-2.2579939038250134,4.423111819236023,-2.1477386009830974,-1.6008282924742283,-2.2794638291693157,3.7631493241544893,0.10095364465457557,-1.0502841798835103,801.113617626963,101.76934957504272
0.9372363842016123,3.460700977446405,-4.449653659278671,3.144851288821493,-0.9851319798296059,3.9658987583750696,5.12,-0.8597424953841859,590.7211191259211,103.37349939346313
0.17826914316151576,-2.9640429299657893,-0.948265953098594,-2.365141779283163,2.837428491693853,-4.49782926262888,4.1113018098600564,-2.040114430713331,569.4846497502205,104.93596339225769
-1.88055514689878,-0.48468877706517866,0.3137738415627034,-2.4014021555078795,2.751533750372227,-4.399732600654579,5.12,-0.854211283358282,956.3785400839788,106.33732342720032
2.846807964461446,3.927042036562809,-2.9043826268605875,2.1887309003853765,3.703294900895332,3.5241531933665753,5.12,-0.9459919769291325,583.7159220920801,107.87546133995056
-4.80780807327997,2.8417741355920985,3.2957011112694703,-0.19484894397664831,0.8848503384302582,1.9177716855100178,5.12,-0.9445538734518424,449.18137198856925,109.49344611167908
-1.1219202518687728,1.00931724163478,1.9276256025682406,4.345779595772297,-3.6286616441839787,4.914893438504008,5.12,-0.9419980812247255,500.8809491772594,111.13920664787292
-3.985977379279255,1.1480712755628666,4.0355915023911075,0.5463242793730663,3.5847845129627496,3.8409133336291488,5.12,-0.9406764441917828,593.456979992347,112.93247413635254
-3.217784269764578,4.468135393367704,-1.5670889409737576,0.7426154795106603,2.506724227577166,1.3037809416601887,5.12,-0.9401454966940319,1009.3453041716035,114.56992149353027
3.373601310586662,0.5375393729558766,-4.219998807325539,-4.020988565459801,-0.2584712813428105,-1.3424877268664615,5.12,-2.062141686866836,822.2752042529852,116.35115003585815
4.457797917833125,-3.2317976790151466,-5.035059995755502,-2.0501395823100528,-4.053520029145483,-3.2785330941349553,5.12,-0.9503188156726825,561.9685275142064,118.17553329467773
-3.0599704593534316,-3.937953059535025,-4.918559612930615,3.6669196005471987,4.4322471887104955,-1.6908633687736385,5.12,-0.9469628963943437,649.3014549003688,119.76008105278015
-4.786358787966474,1.3522540440363722,4.463655845452085,3.238742760951358,-4.7522507758100705,1.0521161127702792,5.12,-0.8953268027405024,785.3281354303866,121.22792720794678
2.710120278603685,2.134983864112394,2.6998592983873575,1.8449959605290518,2.378763911094551,-1.771689865067251,5.12,2.956110786964742,689.4414768235077,122.77559781074524
3.138563083647351,0.09668331858021162,-2.956163716411846,-1.4756500927034688,-4.563470114101664,0.35663217357000665,5.12,2.753245763610094,810.8949778340317,124.41650700569153
0.7858636575281039,-3.2770764468358076,3.4901169508156107,3.2085681773931993,-4.95895833173155,4.5747593093257715,5.12,-0.9871118041222502,795.1027026523176,126.03709053993225
1.2830963121590466,2.414959138926064,1.05458143866933,0.8860485083235314,-1.3725104269289257,-3.5554040522451307,5.12,-0.9736927657681242,780.2112559767585,127.96416068077087
3.4557525971306626,-0.16776588923554847,1.2563882755051727,4.63112665068217,-3.9503461211843964,-3.533934203203418,5.12,3.0684627202974992,856.2056429978206,129.84080123901367
0.5709415239443034,-0.651782832889686,-3.715218158875209,-3.595961905150039,0.9825872084893454,-4.992207165052533,5.12,-2.067149149296921,772.5949838256772,131.6509394645691
-1.202393931127352,-3.3190944738029433,-0.007289576668486397,-1.103235183326852,2.1404971490017957,5.12,3.6281666331708964,-0.9692101279100092,526.3448176556556,133.78476405143738
-5.12,5.12,-5.12,5.12,5.12,5.12,5.12,5.12,426.54029806287156,135.70705032348633
-5.12,5.12,-5.12,5.12,5.12,5.12,5.12,5.12,426.54029806287156,137.4860372543335
-0.24428029812440588,3.2892828799511244,-4.199601136420796,-2.6760614691114974,-5.0170633556187125,-3.649204894622901,0.3118843379239271,-3.027875122028381,817.1297360118697,139.47782397270203
1.8324978865985004,-2.9765212276733206,-2.207672219558872,-4.147561336520205,-1.5415414305723725,-2.102662848885068,2.1460331642226826,-1.0681578884678409,477.0451005771849,141.46202087402344
0.5976835188279086,-1.4861741157844652,-4.306251223648104,-4.911225552556935,-0.7566241860734202,2.6943682210519952,-2.0240588190639786,-1.0174451957760953,821.1616793807863,143.52907967567444
0.3856567364912067,1.0874121411992563,-2.8876501520493596,2.0275679216054687,4.058362332305401,4.002901722606302,0.11387442955834448,-1.9380606844915311,304.09440471985397,145.43362879753113
-4.175187632255434,1.107234682869299,-4.782101270248597,1.9910574463520279,4.075731944602377,1.5519745937422842,-4.219481457292226,-1.9816468109741057,530.3555753022163,147.7593698501587
-4.416821573923161,-3.6959603379115356,-4.268795572667421,-1.1582327560418095,-2.0954843604256035,4.282480276907756,-0.8184594845221396,-0.9512035229441507,754.9530489493578,150.68870377540588
-1.0198814406266523,1.0785342005389875,-1.1100959758650308,-4.959531134899971,-4.075528538778439,3.463009055033756,2.196866606824578,-1.6037860249848257,558.0189220473942,153.5151970386505
-0.9191243510015417,1.2699276270035327,2.6532094744157053,2.0180535539463484,3.456961453609373,3.367705677618411,0.17867648625405952,-1.9510746257625824,748.7236971309362,155.6188952922821
0.3752524290976611,-1.2618045439003094,-4.015449012389776,2.059435582196161,0.31362169806013984,3.4983310353527175,0.6245873252759022,-1.9221721655693442,845.6425185860656,157.6361448764801
1.4770348352265206,-2.950423528192739,-5.12,4.579937317445526,-1.826800776632366,-1.85951556138285,2.4296377006425676,1.9119704787225489,788.340618179477,159.79835081100464
-0.321754559454714,1.1117075135291694,-5.12,1.4623809096305793,3.0703353829651734,4.909428344319678,-0.27904389778257066,4.192398521049998,680.5163254409993,162.14685082435608
0.197014508146248,1.1135384336027379,1.7164965636161158,-3.0111781030290463,-0.08592590586467441,-1.078817956176243,4.79595178001627,-5.12,401.3935375311794,164.26495838165283
-0.02461495264821245,1.1789837080413728,-4.587029929533777,-1.9936856103071912,4.083875479681484,-3.1031478538596735,-3.6734827986925214,-2.0466191605268786,498.2830239311522,166.91283535957336
0.045950041123230534,1.1127389282665137,2.871672092619092,-2.791979328311054,3.4663409704668373,3.9595325869945404,-2.130269802342543,-5.12,468.394538473068,169.53090715408325
-0.37811716245744,1.105001478915896,-0.39041450990380344,2.4365005635873604,-1.0502714326642781,0.8728771085987921,2.6224424212658084,-5.12,838.9663478883476,171.7537009716034
2.490318668561657,1.1480486567275818,2.3127947848050985,-2.548790920325636,0.9415185007296394,-4.9573203308395986,-4.6655615413343865,-2.7528779357998934,907.0398934947841,173.88050985336304
-2.8471844649297973,0.34851430702815733,-2.4951055681811005,2.051547253456417,5.12,3.6119553822412156,-3.8312637054578795,-1.973316911274145,738.2280379737878,176.49328804016113
1.9428982495189056,1.1320022565790069,-0.8338556510573074,-3.004507630925969,-0.03928877771367301,2.2128869113907204,-0.4731935413526278,-4.6846987158181275,548.8355627334086,179.5797667503357
0.6186556813620232,1.0626471299010003,0.30946557792684004,2.061907229270811,3.9919155161798434,-0.40490858351021775,-2.2672054633875094,-1.795887064134774,720.5743915614171,182.47590923309326
-1.5323273330014202,-4.487163663707637,0.42789590326919313,-1.2527161067124797,0.028053375387596446,2.7773152567123907,-3.7372386303055127,-0.9309562876317736,937.7641312962095,184.77913618087769
-1.0295272206378723,3.9052508170961024,-0.4726352566948888,-4.023887423044111,2.83130435999196,-0.8358224221224528,2.663501183466188,1.1029164290919669,539.9819601769874,186.87671780586243
-1.215195086552646,3.8918589304352453,-0.44392468736764457,-0.8163593264142763,-1.3386938165015825,2.3257792468284837,-1.3794354191538618,-1.7607980439855133,948.1628841578352,190.11144971847534
-1.3260310899979397,1.0491124379777181,-1.0839811502145498,-2.0259164005320622,4.072794972196893,-5.02051518044473,0.15002791039938668,-2.4360683708514084,465.8961250539415,192.25887870788574
-4.398790917161774,2.878570775405958,2.6896706182170087,3.9782165138270047,-4.99676098680347,2.9203324969387667,4.76227509197192,2.4441826584347623,757.456397922899,194.30718350410461
-1.6683911900006656,1.12252744702662,-1.0155433643059526,-3.9737963260353886,2.3942257358866925,2.3274336136916842,2.7668320307093133,-4.0796670597509666,662.5862590695903,196.6318519115448
-4.4759810699114855,-0.8667059224707518,-3.339971896237962,2.562415418925138,1.342562962549212,-4.105894307138403,4.755770790553249,-0.8873820307666618,955.1286102845016,198.77999305725098
-1.4521027279456313,1.1065922510413122,-5.007858613057784,-4.893160933113353,0.08676646487106421,0.2881840996315308,-3.437050031575497,-3.3678533984233634,812.5312983634626,201.47851967811584
-0.5334319827993816,3.1033440659903446,-1.4671598739119731,-2.034452751745978,-5.118448701878407,-2.2950847100981044,3.236047723525039,-3.4949942972915657,934.3102124623903,203.89511156082153
-3.609481026873838,-3.1533786424762784,-1.3425713768342127,-2.017780593865826,-1.57112932479719,-4.946340088266623,-2.9942565252260853,-1.1775987539979167,693.8423505017236,206.11109972000122
0.07057811870754005,-3.0027870130515613,-5.075253848682436,-3.5480002061219653,4.689694849628284,0.8811558111138833,4.365917322119013,-3.781986783168227,729.846877032816,208.4823899269104
-5.12,5.12,5.12,5.12,5.12,5.12,5.12,5.12,426.54029806287156,210.9547872543335
-3.9789406662449194,-2.9967254043123135,4.526710194552085,-1.4076300144845448,1.9020486397814897,1.9657272205065617,-2.6913240975992707,-0.9196922078057979,615.1301182409927,214.08273601531982
0.15804563296266938,5.113484839111876,4.186598231509584,4.961457351043761,-5.119956635728616,-1.6026159275194805,0.17801003912448188,-2.9787765836438473,504.0687436751133,216.6644241809845
4.253416801220722,1.129687049524712,1.704640363421551,-3.0470145924813843,-0.055902435478217605,0.32849362039768515,4.038415516941421,-5.058691107720591,502.63525677361474,219.19232869148254
-4.559658913580504,1.0529982380770067,-2.297946222376502,-1.6723387615810448,4.0583870469816405,3.5735601187868378,0.0012812943419211464,-2.0658500816916687,743.1921821253746,222.2349555492401
2.111198502383826,1.0852869530039486,1.108833608693443,-2.4950688763362474,-0.13536934558737368,0.1303900563389222,2.7759187149677027,-5.12,483.5865596453614,224.67186665534973
-2.7185697468699566,1.1468913503756166,-3.4174429439788474,-1.8413155497173723,4.0661873027264415,3.251641231658824,-0.6234979750372949,-1.8934711855009572,749.2019997309272,228.15127086639404
-3.1191917786608205,-2.9994320713804554,0.7696754920049207,-3.0667472996060865,-1.5517558577075614,2.476410467866633,0.9504675280387298,-1.1075234730123604,582.9186969510849,231.0527241230011
5.018873163831333,-0.7441405866613984,0.395306828548593,-2.7632907964706015,2.065965506857733,4.023066381266923,-0.5916624835729065,-0.9329419467557951,632.5137851720855,234.32117295265198
3.3494268832038374,1.1147136955872154,3.3211368494079325,-3.4618065661610555,-0.10518139251676306,1.3293953201955473,0.13895754102339009,-5.12,818.9556655269821,237.32339668273926
1.7266574532544157,2.9835858305927596,-2.6450755153557486,-1.945527815459525,-5.12,2.843180939641794,1.4611765957412945,-3.015393938432993,619.7397230057284,240.41517329216003
4.7912795196741405,-0.7562146903332954,-1.1619029409201374,1.9156223998874973,2.0412023328404993,1.2094062656222402,3.6301863012220883,-0.9543270507170369,530.4343269026416,243.4175775051117
4.885587178123203,1.076408653806185,1.2177088042811457,2.7763218464977317,-0.0350036987523783,-3.390042585201444,3.852352641161832,-5.12,532.8160395352895,246.20356607437134
-2.8578388787133884,-1.468705708229645,-2.21057572327738,-4.88738636488517,-0.7442451614771555,1.290361660521702,-2.5999574390854607,-0.9791191113506352,794.3859954474747,249.43685913085938
-0.8957480797385777,-0.680318261699087,-1.8073929625318188,-4.853454994432625,2.041747027779521,-0.20434643045615797,-3.7400073650868393,-0.9333605759865486,504.48625011962724,252.27896070480347
-2.8577966766070086,-0.7881370184398495,-1.795385021235946,-2.7553581670604395,2.084713567148526,-0.45839279499637353,4.31563390606851,-0.8918648977814545,698.4029883233807,255.37272667884827
1.7785566586446881,3.9690001661289065,-2.968866118624666,-1.9909572432819678,3.770769080821373,1.4268237321734603,-0.4460917679791603,-1.0474528508188987,610.6906243820057,258.3482229709625
-4.057527139228113,-3.0232189096352458,-2.590634526159778,-3.346332366205349,-1.488179585796682,-3.0579976611517696,-0.7607629408106993,-1.1319303016586497,737.547858097617,261.47477531433105
0.4699185235039458,3.102576250693713,-3.0143039431341316,-2.2546075079465147,-5.12,0.06151001024294622,0.645315172952281,-3.0968998035721955,595.4009067773575,265.24418234825134
-3.109168982654497,-2.9717651465330897,-2.736946405687441,-2.555706072124819,-1.6233745703222984,0.32284423966786324,-3.5164489669651893,-1.0981792560795762,908.6624725092186,269.237765789032
-2.730989720976573,-2.965824582819598,-0.16935383731287867,-3.1027873780833817,-1.5355427849197363,2.8064129256712578,4.5243699578766465,-1.1398699454778112,741.5691680533101,272.8846266269684
0.44317263792374817,-3.0353368474221685,-2.5958882947380495,-5.090231750139382,-1.5826238625005602,2.2669980696285323,4.258853830622754,-1.0931187147914665,882.8994927300505,276.3112006187439
4.84496936633857,-2.9226000123389677,-1.1620113434755308,-1.6031120824539404,-1.368255860096919,-1.2094730581510151,2.764880482097629,-0.9434218920212967,669.8108877890088,279.70605516433716
