0.6321071675857004,2.223576594061041,0.9168733931337689,-2.5879900361199333,57.821479370803864,0.3503429889678955
-0.14529375845585246,5.12,-5.12,-5.12,90.68077554665292,0.6282455921173096
1.6647897662605287,3.274459422785765,-2.575797453571695,-1.5222971056772194,87.86752929858777,1.0328054428100586
-0.4113125875414987,-5.12,0.7401275285539883,4.539357431476671,99.05033004702119,1.4101674556732178
1.2291274655467417,1.8501848929254985,-0.7204270067657168,0.673622693558297,45.17606277624633,1.6797871589660645
1.7114971960522576,1.6059173496416062,-4.217477518463031,-4.861421542228106,88.71843340687607,1.973914384841919
2.4704647385045533,1.9515203920275903,-2.3074053663311855,0.2728726020924963,60.560230027238546,2.276399850845337
-1.1060354338254381,1.8315342083779278,1.149057506065267,2.9213423432295693,26.94006783237881,2.635169506072998
-4.011158955760249,1.8709182390163335,3.639670056717855,4.45818459252678,91.89652923374854,3.0177793502807617
-3.6594244001798124,1.848818090397569,0.4743171827254242,3.4077610851184597,86.45563421265484,3.3458499908447266
-0.2724850527330247,1.9066217861548633,0.17930426170589175,2.819041056497629,36.26852386596823,3.679699182510376
-0.730564942422272,1.7123906584952797,3.544479702658932,2.6524189638894216,81.9901346525817,3.9787096977233887
-0.8125035565448604,1.3285414370451347,0.8439017308057668,1.5710118487843898,49.97281080379142,4.4018707275390625
-0.578360235916155,1.866485535643453,1.0867007877573656,4.7689833145947516,60.12931825434888,4.698087453842163
0.2970287291681215,0.9498866912685253,-0.9769686154318515,2.204423870843473,27.488057280512628,5.014510869979858
0.2587003741697833,0.4043196223837766,-1.1360729499572515,1.3796282877110606,52.928804982066204,5.4178760051727295
0.7641614228648868,1.8673855919872384,-1.0081386209772951,3.7352039093079403,42.36714104062044,5.699679374694824
0.007187981128031318,2.3350100033143155,-0.3660808412597767,2.256267774578812,52.835855777284294,6.016071319580078
1.0272083576364333,0.8579020519737028,-0.8537632342273556,4.070845481982759,27.872490039013208,6.560701847076416
1.215415176148766,0.9170345759372287,-1.2937614517913985,5.12,54.80405982246512,6.996968746185303
0.8412598353526866,0.6072996944380256,-0.08381160058081338,2.516793836956295,51.10422985619317,7.296249628067017
0.06608717652602536,1.19116934242712,-1.446843593958211,2.9515235790639727,39.37276485539446,7.5785486698150635
-5.12,-5.12,5.12,-5.12,115.69885490314357,7.950692892074585
1.899799171247282,3.5318601446453615,-1.7822518068970545,5.12,77.8893632272765,8.349214315414429
-0.17748473225008965,1.3110217554130665,-1.5779605454718926,1.4017746043044346,62.525100609180654,8.854003667831421
0.8624880598941562,1.071446111982672,-0.08857554975132853,3.2205054960493227,26.434760797470094,9.438819408416748
1.5696277163591148,1.0696434639228203,-0.14060394955056754,3.105963773390717,39.06582229569946,10.023968935012817
-5.12,5.12,3.303043899511594,-5.12,110.95572710744456,10.656981706619263
-5.12,-5.12,-5.12,-5.12,115.69885490314357,11.130375623703003
0.7745512468462241,0.21976950815611218,-0.35424855956607093,2.2254669942317626,46.85823572839341,11.710695743560791
0.7276345322426758,0.39316514309222583,-0.45881407267346486,2.3766490810966596,72.58499705727819,12.218998432159424
-0.13182244806271637,5.12,-5.12,5.12,90.02996682277912,12.84690260887146
0.004934614584108488,0.5240693983814655,-0.21621101567914103,5.12,57.029689544592735,13.284887075424194
0.8276427710506997,1.172370323110556,-5.12,3.2289746105049995,60.71948900667914,13.711083889007568
0.11282928748361698,0.48037134735638354,-0.6726448708142252,0.9935538842014466,38.69597810324109,14.13532543182373
0.06996907239816252,0.4294110120661996,-0.6445816030128277,0.8565576773078885,41.26553177908477,14.488522291183472
0.06787136329603172,0.42487654788409035,-0.6296333415787778,0.8453702543619217,42.32053795077671,14.918750762939453
0.0914055270102585,0.44507062241297746,-0.6208841686795372,0.905468343445091,41.39072640474774,15.270620822906494
0.10625814493164487,0.45535360402904423,-0.6125748123252723,0.9371511699822968,41.59901750400785,15.645527839660645
0.1477486625029929,0.4916269238047368,-0.6039609346968149,1.0369763291665741,43.90814733180734,16.076077699661255
0.3521631993212546,0.8277671882861668,-0.48132301813966905,1.6406959088049415,61.2976212188765,16.65943717956543
-0.03737975811454142,0.32442737043413317,-0.822148840127098,0.6810276901535746,35.848446959102255,17.055036544799805
-0.22787562924913551,0.21015313812067138,-0.7434955422813383,0.2169650294617984,35.18052777103936,17.439403772354126
-0.40286587537061713,0.1253454047342606,-0.6689254396553359,-0.18995645011742468,42.99334815922306,17.84158492088318
-0.37351898111292847,0.1309604575059362,-0.6874848839829673,-0.13475706232605766,38.05422027722535,18.24908709526062
-0.4972191957148331,0.0744149950446289,-0.6230466575274383,-0.4160591611625959,57.68426163799041,18.65795636177063
0.39913260747385504,0.35620967201802856,-1.2746576854257463,1.4385526249043146,69.03434388812545,19.085666179656982
0.11402361455973598,0.9720713601112685,0.05813144599450837,1.348474058463875,21.851393243944834,19.529950380325317
0.0958682768428778,1.0159796033804733,0.2895377126353944,1.1798791034051694,22.52178495239012,19.975706815719604
0.08467289686972546,1.0747462961337693,0.48920703622308537,1.032154433058606,25.112167331291573,20.46550416946411
0.08058851378710408,1.1424660281940806,0.6517997134091704,0.9139488168623915,24.784967117873663,20.941296339035034
0.08159934724179507,1.22008421440451,0.8121050090899562,0.7962648960041996,25.535951328111047,21.551862239837646
0.0867004247604859,1.2939428639368513,0.9676100475764251,0.68538365828163,31.417063060399457,22.19283938407898
0.07961248471901872,1.305952483171069,1.046674823368945,0.6325523180709816,35.031002973092164,22.71417498588562
0.05194518683759508,1.2454800588436328,1.0697720939139534,0.6058435802830573,32.12392636006532,23.24782085418701
-0.16386559041318804,0.8117277873391853,1.1620321262680147,0.338632331385182,33.25263255454939,23.79114842414856
0.28836292512681094,1.9577289960396502,0.9798648060426833,0.9690790005116723,18.82094095907248,24.314560651779175
0.47035894733847083,2.6947668810011365,1.004870858490401,1.124505683859331,45.89720233155928,24.828797817230225
-0.26648722429381255,0.6307550447616208,1.2280140309904581,0.23955385177049582,47.84624475569113,25.41755700111389
0.3752622556016343,1.859282070184089,0.9238839837798132,1.1193215875619833,30.2506743168912,26.003584623336792
0.41026727699867127,1.9540902721073659,0.9168678453735222,1.1655262731230467,31.322827158079477,26.64426064491272
0.4307873778937532,2.0080637815922966,0.9086511041967409,1.1971771151000405,33.90290996013228,27.25087285041809
0.4318732524591322,1.9355447929278613,0.9092833488877936,1.2030810718104217,34.78916411873192,27.863858222961426
0.48187262427779043,1.4679812020523109,0.981834040447608,1.2082137639133466,52.014092513870054,28.50246262550354
-0.2095044688958838,1.7286474123932773,0.8828347290484828,0.5193926608754404,45.41724603332656,29.130881309509277
0.28165396482975513,1.065490854544966,0.9908093789888186,1.050688366720168,16.630343720061482,29.8974871635437
0.29635843600709144,0.7732424223396981,1.0909509722533928,0.9913057637637914,25.878991283235287,30.537421226501465
0.2710834557547255,0.6184583440953171,1.1384192012462861,0.9431954150587698,35.49783546950613,31.168445110321045
0.2906503594843528,0.681098617014638,1.1152562578378333,0.9958687313417594,32.018530628061,31.803065299987793
0.2643038220137921,0.6459065917550051,1.1221135935111928,0.9848922733966754,32.544573669990214,32.49459958076477
0.21538638111310782,0.6132560917648879,1.1284345342840787,0.9562975695797862,31.48352693285039,33.14557194709778
-0.048790944972758155,0.4851129889255743,1.1692256869945883,0.6911521508737799,41.25874303074944,33.823137283325195
0.7026331611711587,1.3185841406010264,0.9431188435932158,1.4803295935038285,52.9783503038407,34.50874924659729
-0.41093287234773435,0.8209117186679524,1.076254321031766,0.2553769296430106,37.695056767186806,35.194472789764404
-0.34033595968550223,0.9740635867500194,1.028204738891155,0.4154798249325937,36.58237153972882,35.87726855278015
0.029938076131352354,1.7625888689443148,0.8458423755871944,0.949977899618264,18.93709834766458,36.63103222846985
0.03053615290223899,2.0584777354017305,0.8371092877065314,0.9451532147018824,12.067173704143027,37.30579376220703
0.10007210045914938,2.5911159486771087,0.8700818645905528,0.9904354118221192,31.948728599998525,38.13730239868164
0.10427091805618804,2.630580621125679,0.8684281269769052,1.0063443522342448,30.821812168347183,38.83637237548828
0.12059405718474725,2.716917684932957,0.8705079960092847,1.0333993731958113,27.37216969914809,39.51930785179138
0.18939571193310822,3.01198133585667,0.8916233211552553,1.107944895332662,21.885696700670174,40.219595193862915
0.366421048565325,4.025151390252581,0.9838960485242705,1.258646605430516,46.28695179915946,40.94587993621826
-0.24457135770595695,2.32192129296366,0.8609440804970756,0.6275205321451747,51.150192574479746,41.6669135093689
0.47605163388037663,2.217050201984182,0.8198340275244194,1.4864223225497017,61.570258378900704,42.41707420349121
-0.3408670994310432,1.6527603566566196,0.9659417649668027,0.3619485181930626,51.7488949564608,43.15614891052246
0.44564172312010086,1.7355498931491082,0.887341898785909,1.3371640761948527,53.72455597600995,43.94280672073364
-0.24206129643023733,1.4826777280641101,0.9350732792170504,0.5217499439145561,53.57313713731028,44.71560716629028
0.45551044208764413,1.754879471641492,0.8417298119008301,1.382452052873938,57.15663723959921,45.51663279533386
-0.19400134157470728,1.2923638652266547,0.9194207946595858,0.4883220468951315,43.203379137653485,46.33181190490723
0.1746306755022884,1.7827142251647903,0.7744029731574811,1.2573492976213378,37.72189525581517,47.162842988967896
0.11780047043157804,1.3011478940471761,0.8942784666885926,1.0857573200703508,23.003773612409596,48.09486675262451
0.09893797137934168,1.1164129881552842,0.9542887359375172,1.05989198997269,8.828254707080248,48.92615580558777
0.07335149928118412,0.8561486392028339,1.0525698358378532,0.9643064325966302,8.424614186672219,49.8174090385437
0.012779777946045456,0.5851390267721204,1.152728139554748,0.8017474421757198,32.01660200198213,50.69959878921509
-0.004461855153927274,0.5545937485196184,1.1604598039420662,0.7929140588873373,33.7066584861175,51.551185131073
-0.010180925309921207,0.5513906067127365,1.1589421192806526,0.8081900419173484,32.81456525154594,52.419981956481934
-0.023961297172920837,0.5356187465868887,1.1616624479165933,0.8112953623710606,33.132271536479806,53.34701633453369
-0.03510891253100379,0.526695091342746,1.1620936020452008,0.8214300383540651,32.8201780651908,54.20693016052246
-0.0507291418028224,0.5141402886000375,1.163770531498507,0.8268457700909542,32.9695150349846,55.145296812057495
-0.0645934782505364,0.5062570897960201,1.1638989827351933,0.8380163079490561,32.719557771552466,56.06219482421875
-0.08409812289813967,0.49545580843427306,1.1650849992091379,0.8432935791436718,33.06326136410781,56.994266986846924
-0.09238480844757468,0.49599972778088297,1.1623250854885114,0.8703122252617099,31.903678296054913,57.931764364242554
-0.14601194128997452,0.4660190887343818,1.1707625348021615,0.8221862953063654,36.82221778143353,59.02831768989563
0.2234538145200693,0.6572661039688921,1.1033659370243543,1.1994530947927657,35.89342356902679,60.07000541687012
-0.2532627778145873,0.5574411609793541,1.143169440263054,0.7769114462432869,43.943654101644746,61.13800358772278
0.46442374529512787,0.869290051991463,1.0328507673266607,1.2319567709019035,35.575174777587975,62.18351483345032
0.42234759245146414,0.8790619574566021,1.0289479755741953,1.2627283484704792,36.15215178336882,63.2840211391449
0.2655173791746108,0.9080839278549844,1.0243289559753999,1.372119180726341,33.48089162304174,64.40761995315552
-0.023745410218149132,0.9395540373856486,1.0060980451011332,1.3927312910037912,22.479659708116053,65.54106760025024
-0.08039349968469889,0.9090663700660198,1.0138067933790378,1.4470861997737279,26.281901411298307,66.62119722366333
-0.12220615178536676,0.8883295371551494,1.0167949164666608,1.4771581972847398,29.140840558552703,67.67886424064636
-0.15084395230591063,0.876210708821465,1.0165927265214023,1.4922354311045298,31.133601494951648,68.96004223823547
1.024173176636432,2.8861796444399266,5.12,5.12,69.79359395570417,70.0519163608551
0.06085288448517101,1.0341814136169178,1.0732112652164902,1.658156056646387,22.421538996346236,71.16741251945496
0.06833707203118689,1.0173768853397611,1.0888248506935136,1.7323558188582204,18.817337828722795,72.31066179275513
0.08485055830178378,0.9953255970711563,1.1133243483895638,1.8260724519223848,14.793860250644393,73.55955767631531
0.11312249975631161,0.9669131829736441,1.1488432891532732,1.9413778506783386,13.407441830076975,74.74714040756226
0.14891611683274597,0.933802481583971,1.1894785926755604,2.064202961983473,18.580733941640645,75.9283299446106
0.17549768259880238,0.9048706757082945,1.2175505512800147,2.155034637897983,26.5541412925716,77.12709903717041
0.18084502272644176,0.8908356864354472,1.2242702209408387,2.188418289407294,29.78303568767496,78.53956246376038
-1.5077922314097272,5.12,0.6687428544879666,5.12,95.44470297036251,79.77197313308716
0.1314280091987987,0.7222763658043361,1.2528850060544823,2.1373879536078038,35.3118740733235,80.96856379508972
0.11182397327805926,0.7432378655491796,1.2359171132051099,2.102330953142496,30.418447257667623,82.22244453430176
0.09814215634230461,0.7418716833805661,1.229344390870807,2.1025754459857806,29.556192066897427,83.52235817909241
0.08318596880524787,0.7372670251079789,1.2237232672024492,2.1068058400162757,29.14589010859511,84.78659868240356
0.06558661984787406,0.7313511088945654,1.2178592401978232,2.111465204786928,28.834972125154387,86.0638997554779
0.04427908294450589,0.724552009461215,1.2112855390379833,2.1153339370146877,28.549648831180313,87.35080933570862
0.017933665247255703,0.7170198608904332,1.2035974495919834,2.1174439324292704,28.294368247332088,88.940434217453
-0.01485821428810219,0.7090255066200983,1.194325229124729,2.1166213843340325,28.13854917402063,90.53014659881592
-0.0545942766671228,0.7013257843649283,1.1830496146967837,2.1115147786566606,28.21860431971377,91.88618350028992
-0.09859160826563862,0.6954272051633685,1.1698824044910348,2.1015977920510913,28.64415812267811,93.52853775024414
1.072750154979266,-0.42499458088006214,0.13052048735908794,2.029343419224131,28.751130359319134,94.88933157920837
0.344189589368912,0.5699296305916608,1.1980759603029627,2.247571029853332,58.20152021231337,96.28179693222046
-0.19866966488951032,0.700335971189535,1.1121649514313097,1.8985314260058486,29.618497441048135,97.68638467788696
-0.21952349191598763,0.6998275778655749,1.103146801615737,1.8932848272370517,30.729245919546237,99.12268733978271
-0.22750005908726845,0.704175504568302,1.0952915902411222,1.8902538584427928,30.775171461812228,100.53707790374756
-0.2344643555092487,0.7090374250931681,1.0875169771279243,1.8873762270957775,30.748588264370014,101.951975107193
-0.241250485559946,0.714132495279193,1.0797391139947798,1.8844878915319825,30.719695860641043,103.4304563999176
5.12,-5.12,5.12,5.12,115.69885490314357,104.89017176628113
0.21871144859883795,0.755070820444546,1.219489991611713,2.0033010482284865,31.943373797849638,106.38918924331665
0.1455308800297015,0.7424334527692089,1.2075549276337574,1.9848670189784663,27.752602514933294,107.96957588195801
-0.05114428528405579,0.6925017494582679,1.1867083879308007,1.9302484325210223,26.735209031974108,109.43266081809998
-0.1502054028098243,0.6667598635561705,1.1730008374727694,1.897740811275228,31.91461651501383,110.91476917266846
-0.14348308261675502,0.6786984617362632,1.1652911453312633,1.8996294221839527,30.424135946438625,112.34099102020264
-0.16905352756771297,0.680439229206347,1.155050418105584,1.8892585722749633,31.464689986727365,113.7658908367157
0.2856246564442211,0.7801849090496589,1.1942497184394174,2.039320727322149,33.48177225570005,115.23919606208801
-0.26125772093301336,0.6898043330811534,1.1289195316025253,1.8315746126180477,37.77383906146875,116.7038037776947
0.38214870304494397,0.8302313510953745,1.1850918502134364,2.022983334396172,35.02130023899478,118.20210695266724
-0.2591865514507301,0.7343541388933899,1.1117543490070751,1.80653620898208,35.551948251452764,119.70141005516052
0.39105273393542017,0.8506330956376527,1.1714244621924736,1.9985845855908568,33.341694628945746,121.20517873764038
-0.2588768521534419,0.7619351539169568,1.0969621555642144,1.7926887600205568,34.02182569238129,122.73507738113403
0.3952713022845602,0.861036274889897,1.1597287969444032,1.9855843883550959,32.3411965710441,124.23784971237183
-0.2604304962737434,0.7812067712705026,1.083198983170452,1.7851940446626466,32.88720401466436,125.9233934879303
0.3944307021435085,0.8664793667432003,1.1487615337510988,1.9796063960671608,31.483231951866628,127.56616282463074
-0.2612646096886504,0.7962596094917229,1.0698494303206623,1.7835950799890297,31.721943981389778,129.22001242637634
0.3867764304534811,0.8689975136418431,1.1374288083254358,1.980004039272524,30.4748888890485,130.91496682167053
-0.26103898399328074,0.8083806078645273,1.056272535471268,1.7881192076832315,30.38760391008492,132.65869331359863
-0.26657337689043636,0.8129358575139403,1.0484270823774429,1.788248369752183,30.295501518486283,134.39599776268005
-0.2723580832396477,0.8173935742633178,1.040573071008902,1.7883009827705507,30.25408475596847,136.0649757385254
-0.2778748227534713,0.821930213604392,1.0327495946931018,1.7884307135517519,30.212800697161512,138.0256311893463
-0.4854202660261686,-0.30734782977705244,-1.713322947400278,0.2795240269227266,60.956149892465405,139.8300838470459
-0.2785116093805886,0.8363625599756936,0.9974355806229891,1.7997223790093742,28.556625918562453,141.95477533340454
-0.8516393077586208,0.35236677133615135,-0.8863398497090964,1.5165978047863176,46.3609098175175,144.00109887123108
0.15655362865944777,0.9887884791536026,1.9919976076740635,0.7661664618616006,19.040864047668173,145.87522745132446
0.35034787697466285,0.789247868831227,1.35471747266282,1.7897956094751786,52.87928341122374,147.73844599723816
-0.39970839076291576,0.703639302120993,1.2898143922611114,1.5128198567084867,68.00159337194312,149.8003489971161
0.5892318885476664,0.9985355499041102,1.185229132027378,1.821228222675563,36.24961756968213,151.73391890525818
0.549639165803053,1.001619387518513,1.1772032502418623,1.8110613496853967,37.32986478088492,153.70353198051453
0.5011831249659551,1.007843522415043,1.1682632323406832,1.8004133908071571,37.857388687654066,155.9613060951233
1.7695203841649985,0.8031368757461097,0.9258260151700002,1.7936912117539352,31.705920772626634,157.8946967124939
0.5798517489659423,0.9467431047545363,1.141611156755781,1.7830084891009372,36.68209216936034,159.8160138130188
