1.723930957662727,-0.26908990618650996,25.871579300984735,0.2895491123199463
-3.6991347366950444,5.12,55.75014077818486,0.4997823238372803
-4.0853099408576945,2.68877039623505,39.07472063881039,0.7397749423980713
1.852664859701913,-0.5092603032600529,27.662308390638458,1.0550987720489502
-1.8973936310238138,-2.655464644493289,28.255426770874305,1.3228862285614014
1.53600016701182,4.399343347302755,59.52463467010885,1.6541016101837158
-2.2088384628450695,4.214632458509247,37.88060968957666,1.945265769958496
-1.7240603930930343,4.787904878106597,45.15986239592896,2.4008195400238037
-4.728979324228106,3.5461951137770447,65.83739315295323,2.661346197128296
2.030294937266234,4.876413592967022,30.948531508595693,3.0049173831939697
2.2137388072401283,-4.47478800191824,52.540460307656986,3.3251073360443115
-1.9762786170243238,5.12,32.9412587482487,3.7502474784851074
-3.9181039579913173,-5.12,45.57119822874723,3.9827704429626465
1.8929599175478709,5.12,34.68567158040604,4.2256178855896
1.7831456602345792,-4.9940277478002235,36.0593800091062,4.50987982749939
-1.99347459069938,-5.12,32.907058638070076,4.732588052749634
3.573619463105037,2.146606361943431,40.27877557992139,4.95519757270813
3.970352177590766,-4.01977261108882,32.172345879477206,5.172489166259766
4.163553898979305,4.032071352427907,38.62671524640102,5.587065696716309
3.8885309461396007,3.760416649802214,40.9614074203927,5.775502443313599
-0.5678184703448119,-5.06306457085672,45.837658469287256,5.979883193969727
2.870830235865003,3.393834888351745,40.732847157365754,6.19707989692688
-3.0189381287423416,5.028669986558568,34.634032703497496,6.428713083267212
-3.215706246729548,-3.7409828584633034,42.76387509054306,6.632105350494385
-2.8434096517238676,5.112508508194419,41.081100332782896,6.8658881187438965
-1.1279285365199843,4.5459281317132545,44.584422635078475,7.088365793228149
-2.078442712100134,-5.12,34.43485298483889,7.335924386978149
-0.013577483430888826,4.40533192513185,37.72601076355963,7.678441524505615
5.12,-3.5096860633352773,61.22409641357196,7.927791118621826
0.20876388413863722,-2.0467109520678965,12.09816722429656,8.178282976150513
0.24730441460328656,5.031044925484083,35.39285354591168,8.504698753356934
0.1573729549407794,-5.12,33.45258173002862,8.780674934387207
0.2702612010219889,-3.601266691101201,42.354909104592416,9.084394693374634
0.1258940271732003,4.8547828725683635,30.43524503598458,9.357916831970215
0.13325486608750836,-5.12,32.24750145074637,9.63606572151184
1.0113051163163167,-5.050084610278952,27.04238881218309,9.896349906921387
1.1073520027454915,2.140368527557216,11.64090971484723,10.184740543365479
1.148422956149382,3.387394545380583,34.43534489082356,10.613502740859985
1.0436739232720322,3.967165362545063,17.413864829681145,10.940111875534058
1.0070414309035334,3.847337137582694,20.084243514165593,11.268070220947266
0.9501754032021656,1.7533557113108431,14.252294574640839,11.587383031845093
0.9165045589162935,3.5363267022428273,34.43107489468976,11.886934757232666
1.0548686035399415,5.115701985358537,30.399684193317892,12.22875714302063
1.0390673098969812,-5.12,30.304135504958815,12.578033208847046
0.9921035749477021,3.4834993581283795,33.077646796306524,12.910849332809448
1.1082231557195437,-4.198344192087105,27.889491746385197,13.223672866821289
1.073792920012381,5.12,31.133504274609287,13.58243703842163
0.9337569528270411,-4.604737625066592,40.84090587558043,13.912176847457886
1.1426760476982398,4.420649415739997,43.38671099130127,14.332342147827148
-0.23432924810431555,-4.726711910269222,42.8717014656159,14.639325857162476
1.0195865723494686,4.247103536327617,28.971095846532172,14.969849586486816
-5.12,5.12,57.849427451571785,15.275840044021606
1.0092754095411625,-4.136132538384373,21.583632545255313,15.620442390441895
1.006219698989736,-4.784900111851365,31.740075258739267,15.972673177719116
1.017451695877143,5.12,30.01997953471901,16.336867809295654
1.0246201080325834,-5.12,30.09397084191655,16.728013277053833
2.6105557609360135,3.546927938697004,56.646963431439204,17.176634788513184
0.9760820651258362,5.12,29.99015918179341,17.680266618728638
1.0537650946830865,-4.922437527561726,27.07018586509079,18.114407300949097
1.0508178621728748,-5.12,30.534371947372193,18.513668298721313
0.9751378128747161,4.465135226517947,40.7711096279015,18.894541025161743
1.9068212044079837,-4.781094306296448,36.21894028620359,19.28881025314331
1.090725847262429,-4.399386335489516,40.19297479042242,19.709988117218018
0.1009037347715136,-5.12,30.87823199774858,20.154711484909058
4.332441557569285,-5.072251271999187,60.462039335576996,20.557554960250854
-1.428215471349949,-5.057476410491572,47.262865106449205,20.977058172225952
0.13380989474366967,4.8900403141446676,29.554628639906834,21.427301168441772
-0.8553729943812227,4.90156940093681,30.46173762334463,21.842641830444336
-0.8544308541499506,-4.548722929258522,44.85521176637194,22.375261783599854
0.9537254854864798,4.775755994327096,32.525907529549194,22.791145086288452
-1.951510661463804,5.12,33.19364011273163,23.237125873565674
0.1745592057841927,5.12,34.390619845137465,23.705525159835815
1.0534679863157024,-4.709322526055394,36.374641346007294,24.145392179489136
-2.2946432323397694,-3.6501651901599255,47.22692365246979,24.57373833656311
0.06895390214704733,4.252053716628931,29.137690083457922,25.00081706047058
0.06952218836659174,-4.871118481230879,27.775085428914316,25.42721652984619
0.06222041009043355,-5.12,29.6830813811739,25.888746976852417
0.14133000121961192,-5.12,32.63505886418493,26.365251779556274
1.0309066472138726,5.12,30.175443484451005,26.945265293121338
1.869811615763754,3.999347217362483,22.65421995066164,27.50772786140442
1.8720224662331306,5.12,35.49163206619091,28.03536558151245
1.8472144232685217,5.12,36.60155189780008,28.6036057472229
1.0285525846979136,5.12,30.143126917696197,29.16628670692444
1.02830457449556,5.12,30.139848117698143,29.726135730743408
-1.945601818813587,-5.12,33.28853094058094,30.280124187469482
0.04863497647127257,-5.12,29.39036059625132,30.894120931625366
1.0287628570689211,5.12,30.14592562043893,31.48078441619873
0.06725295616683624,5.12,29.80882728459452,32.05699682235718
0.15324814300399936,5.12,33.23666852239962,32.646252155303955
1.0291696268603072,5.12,30.15138866749554,33.37364149093628
0.9739594973096128,-5.12,30.006865594274878,34.01196336746216
1.0494941739699195,5.12,30.505813459344406,34.65987420082092
1.0403814670974043,-5.12,30.32726419737371,35.282020568847656
0.03200975252037175,-5.12,29.12731022066633,35.911285638809204
0.03297194654281288,-3.7653089113574882,23.43206191061168,36.52965521812439
-0.0029831092804295523,-5.12,28.926479153842244,37.29256057739258
-0.00011624873413307313,-5.054465822152057,26.127503564314473,38.075472354888916
-0.01550862794829655,-4.974988364373939,24.921419435885845,38.77120232582092
-0.03182127313782601,4.859213902969482,27.476080150025492,39.43927597999573
-0.0336315726807328,-4.833331173186329,28.584776061915022,40.09303069114685
-0.027556623066139707,4.790699709898317,30.571624559408512,40.874809980392456
0.019433863381761896,-5.12,28.999548884229227,41.59144043922424
0.025953871820250995,-5.12,29.05805692720884,42.29782152175903
0.03130560553747852,4.887607479762576,26.47407257453403,43.02203607559204
0.030296639997228425,5.12,29.10626866030195,43.73729205131531
-0.032361186425856836,-5.12,29.13176789737087,44.43129253387451
0.04718653114001192,-5.12,29.363237321026638,45.122775077819824
0.04626309243544746,5.12,29.34636073869585,45.81414866447449
-0.03610484088071786,-5.12,29.182228021019608,46.55608534812927
0.05037812941316577,-4.787802267177598,31.06947530665703,47.37280488014221
-0.03871399638935635,-5.12,29.220602659314494,48.097275733947754
0.04966156767212038,5.12,29.410065301689382,48.8678195476532
0.04870649014528894,-5.12,29.39172033515761,49.613232374191284
-0.03877569079272547,5.12,29.22154181512549,50.38214468955994
0.048741600486539305,-5.12,29.39238862072429,51.17151069641113
0.04579689779621887,5.12,29.337963784387597,51.944780588150024
-0.03881484482289199,-5.12,29.222138605811008,52.743470191955566
0.0466360001390127,-5.12,29.35313692817623,53.61950635910034
-0.03337798827473293,5.12,29.144935542343884,54.48822999000549
0.04592244443212756,5.12,29.340216957131936,55.431506395339966
0.043399764361343074,-5.12,29.296094903528882,56.30555009841919
-0.036002484701306514,-5.12,29.180776190801936,57.260252952575684
0.041792198780647105,5.12,29.269246468445374,58.27756118774414
0.03817268513689598,-5.12,29.212425313493902,59.28952145576477
-0.03631168412276953,-5.12,29.18517427036861,60.442160844802856
1.4432563768481135,1.8685447048789365,28.16705189459907,61.58758854866028
0.6504902938600559,2.1183556619855635,23.40344919380482,62.520015239715576
0.8180136921586545,5.12,35.44932136421278,63.428508043289185
0.865421293622461,4.203724196512868,28.92050094541851,64.38786244392395
0.864662852691878,5.12,33.07514179293675,65.52008080482483
-0.14911706824858584,-1.7932475934129668,14.631320699121105,66.5040864944458
0.3589612123568733,-1.649322480927145,35.08517052304812,67.50005769729614
-0.14076614124132814,5.073150092377651,30.45736088977398,68.42354393005371
-0.12988264690829876,4.483403330073471,43.21260837571741,69.36394333839417
-0.054539158477269645,-5.12,29.509111677568058,70.34993886947632
-0.0499201939951881,-5.12,29.41509226212743,71.34885168075562
1.1699718530610328,5.12,35.47446142738305,72.36435198783875
-0.04453598773978662,-5.12,29.31566723117744,73.38371443748474
-0.03951222327665871,-5.12,29.2328670048107,74.3832335472107
-0.03282738730046564,5.12,29.137755377155557,75.37879991531372
-0.02715277978990205,-5.12,29.070630294883454,76.49526071548462
-0.013522809653457202,5.12,28.960971258344472,77.55117726325989
0.0030100545648990007,5.12,28.92651118980214,78.5753755569458
0.011351067141541549,-5.12,28.950265117571554,79.61353993415833
0.9186895261338064,-5.12,31.045601337117727,80.70505499839783
-0.032988452455144035,-5.12,29.13984358191882,81.89348268508911
0.030284016102800848,-5.12,29.106117846889887,83.03478193283081
0.02591589777884451,5.12,29.05766787179413,84.25688433647156
-0.22687768462553404,-2.2544497917049298,23.965856991023404,85.4351851940155
-0.12951236262343446,-4.2869994660117,33.83122561195303,86.66195559501648
0.5188859371771892,-2.361597893044703,42.22734004207125,87.81661486625671
-0.09695527931238157,-5.12,30.73298481474945,89.06740260124207
-0.0844463915874103,5.12,30.306770136897708,90.27565455436707
-0.07382772230273993,-5.12,29.986901718176334,91.51389527320862
-0.058063489708118254,5.12,29.586218203159476,92.7272698879242
0.03346870801293811,-5.12,29.146129875055074,94.04201936721802
-3.302194409173626,3.118839822292233,36.51325936704557,95.32606506347656
0.6340226920774503,1.298076125742579,31.721024165954567,96.52798748016357
0.9212050620642165,5.12,30.974040633094553,97.7690327167511
0.02011275531307799,5.12,29.004861664292836,99.03771829605103
-0.05912800340132929,-5.12,29.610415405017896,100.3075020313263
0.03497058846219492,-5.12,29.166366090440185,101.57309365272522
0.030347657957313423,5.12,29.106878787244256,102.92902493476868
-0.055454256043095285,-5.12,29.528687693838506,104.30907273292542
0.03944574539944945,-5.12,29.231836245761016,105.73143815994263
0.03674256737070003,-5.12,29.191364821547115,107.14834952354431
-0.04899460590174254,5.12,29.39721808242057,108.58531332015991
0.041064701661035485,-5.12,29.25742168279743,110.01160669326782
0.9517833312878157,-5.12,30.286012469165016,111.55623006820679
-0.5675099780761892,-3.6946322478270526,46.495260424399646,113.13294696807861
-0.8654701894035881,-1.6730560926666405,21.561295718240466,114.67401027679443
1.2121269036037123,2.483884522675269,35.230471485900786,116.33571410179138
-1.4602132991874468,-2.035323220886911,26.209202021579987,117.7932014465332
1.485310141737914,3.7938152753669323,43.83826351372088,119.33912539482117
-1.2309854454154605,-1.1122932403945942,13.94815156626911,120.93276238441467
-0.7322668232846867,-1.0186928918030587,12.754748604245302,122.58656454086304
-1.048175784025239,-0.6449849948502777,18.099134737863544,124.21062731742859
-0.39929698859617613,-0.6182838990560979,35.96891373181836,126.00779747962952
-1.6731418115927692,-0.7390555139713992,28.6763483435378,127.60013628005981
-0.8943184473150918,-1.2609555707937972,15.202398661295522,129.25759482383728
1.1984125695276768,-3.7107452484185153,34.462466344963566,130.79262804985046
-0.4316937046215248,-1.3422618906521295,36.55881224390217,132.40931177139282
-0.9855509779232419,-0.9552975389101208,2.316950414426133,134.08643102645874
-0.915928476246676,-0.8824002831100257,5.58849239337242,135.72716331481934
0.04143722554752127,-2.042698883577652,4.8690871207100095,137.28500175476074
-1.0959902785324669,-0.909705088785449,5.359749587810221,138.96159291267395
-0.9886579053846898,-1.033129870107853,2.2860582186863105,140.609689950943
-2.712069538700813,-2.064675537770465,24.79332704584203,142.31615447998047
-5.12,-0.7628978173405212,38.69721977754671,144.10174345970154
-3.0440345024257973,-1.3519484033123716,27.450676670581537,146.0651421546936
0.02202994226874999,-1.943697553959538,4.493318350118573,147.7231023311615
