4.8312525438068965,-5.097471691488376,118.63650218533452,0.24829602241516113
-2.10093785842116,-3.852516117200696,78.65176954615993,0.5011775493621826
-1.6745544711997447,-4.782721975542662,250.9115736694002,0.706484317779541
-3.4686154862680088,-4.01168088815344,226.45608851665185,0.9396994113922119
-1.473596790452521,-3.9536724941962653,220.63676304070282,1.3198554515838623
-2.063933726414952,-4.1853070291247345,90.19947412477809,1.627511978149414
-1.873697939983138,-3.686294189214454,185.93688068741494,1.9282417297363281
-2.1347917742726503,-4.017251250025542,55.05325005053278,2.2729413509368896
4.318331598318218,-5.015844253327743,185.92889408785902,2.6122772693634033
5.12,-4.75442631956564,173.1413267888949,2.9152419567108154
4.143454612859531,4.754549934610705,174.8605015168917,3.251216411590576
3.2986478191173054,5.12,194.29119067627212,3.66230845451355
-1.853672003023969,-4.099007187149916,78.34190475770615,4.016175270080566
5.12,3.3308794498822083,213.07114948889236,4.366609573364258
5.12,4.218031986608982,151.158026360127,4.71001124382019
4.601540650716768,3.934476636082807,225.33884431308624,5.03218412399292
-2.0109934252436252,-4.017768306447505,21.047565786773433,5.473045349121094
5.12,5.12,106.63507451571792,5.794036388397217
4.665951120406331,5.12,225.4774876805511,6.060291290283203
5.12,4.758654387729041,170.52729603063042,6.334205865859985
-5.11670527012632,-0.8628205175979353,87.52907262863906,6.678783893585205
-5.107304742671653,-1.235383126338541,140.31989681204908,7.066773414611816
-4.762469950402764,-0.7087577796956541,240.9805831202288,7.468042612075806
-2.007645961106987,-3.959243751523254,23.0825736306262,7.750921726226807
1.5573235669926078,2.3063924700542193,336.0239088711746,8.101950883865356
5.12,0.10964288828201774,76.13540348837005,8.4588782787323
5.107207090564521,-0.2983172753149681,177.90903025558617,8.965516090393066
5.12,0.4914620169985753,253.41521346360145,9.372566223144531
4.78657861165649,0.046166700331951915,104.30997430332458,9.658281803131104
4.185802807528474,-0.02599344734187259,79.60100381350723,9.967371940612793
3.9722828672900627,0.27457466400870434,132.74647222674528,10.367169380187988
3.9300778762275046,-0.3069048760190487,160.0336243611222,10.709614753723145
4.39491355041553,0.2040516857718897,269.8683033529728,11.059129476547241
4.3758957764850885,-0.25990699108236637,296.5442815015386,11.47569227218628
4.042515270440471,-0.005292873144698618,19.94404142964035,11.862238883972168
3.8265409180329977,0.009806924751074142,68.57272494065548,12.241406202316284
4.004715349235995,0.07482079765518268,26.93551563816159,12.698039770126343
4.061168265733664,-5.12,77.10569807500656,13.045466423034668
-2.3222455015885544,-5.12,202.56062216964384,13.421255588531494
3.7549841419160783,-5.12,164.2863262830558,13.828266382217407
3.352233978620469,0.088334979893534,186.16482609248746,14.211776733398438
3.9554556350643404,-4.765683649018479,132.41013812113104,14.66283631324768
-2.5762374710320275,-3.9106266031755728,226.03187717879047,15.150803565979004
3.7925352240261097,-4.2055807457275085,178.11306007450952,15.615220308303833
4.983035400928132,-0.0041311367555962875,25.431896551544114,16.013479232788086
0.4092610589345531,5.12,237.6681360598563,16.558666229248047
4.957053335232845,0.10595380604291371,49.5555242901776,16.9978768825531
0.04400821000286648,-1.7706137886569002,94.01980791405737,17.44301176071167
-0.3223153589244028,-1.7285169864530174,260.4385855315178,17.987327337265015
0.3446308905476432,-1.805161798040265,225.42432612762076,18.4495632648468
3.958473520759674,-0.01934708608888691,19.792492785617668,18.90223789215088
4.916966919394137,5.12,90.79738755668704,19.404719829559326
0.0827226590153316,-1.3425134413466924,169.9247743451259,19.814225435256958
0.005640521061454962,-2.177025886431037,60.54102946895011,20.26351571083069
-0.006427017852974615,-2.4976486552972643,206.30890165207285,20.8703830242157
-0.011226028476612804,-1.9985790278722182,4.2470875171587466,21.32170557975769
-0.12748612467979648,-2.0591834351269536,41.4936539745777,21.76998209953308
-0.08152811489354228,5.12,66.16010054452795,22.236040353775024
-0.3676347299643803,5.12,220.81653201894343,22.697448253631592
-4.127078338227247,5.12,100.56901879158305,23.176554918289185
-4.321147142705121,-4.882290866076435,211.86345738225077,23.96467113494873
-0.013850194346609612,4.835681053523614,72.49041537317129,24.575708627700806
-3.931104257401719,5.12,77.99517646309417,25.217540502548218
-3.972556391887327,-5.12,70.58172330938373,25.802315950393677
-0.8982385334437497,-5.12,73.87815029418591,26.251920461654663
-0.7557211283146215,4.300223694663598,246.5044627189727,26.76662015914917
-1.0528970169519116,-5.12,59.898689985700784,27.255417823791504
-2.092597331697338,-5.12,74.14935600116299,27.796142101287842
-0.9951626032231129,-4.80962014457553,87.578540850178,28.27846884727478
-1.0793893958959622,5.12,66.66776943011588,28.846722841262817
2.897464283286742,-4.878101747437367,80.16095352675053,29.361377000808716
2.7650896861875642,3.443853166241719,303.880463989412,29.980982780456543
3.042814463513916,-5.12,66.17284041053249,30.505268573760986
-3.831786583375429,-5.12,118.84412187719792,30.991364002227783
2.060461445684359,-3.7721786993061013,111.71407825826846,31.47423243522644
-1.1492556035120987,-5.12,95.48205287185509,32.011746406555176
3.0396378715127765,5.12,65.64228538830037,32.52964520454407
1.0650166687169973,-3.9821474638043126,25.848911274315924,33.00198149681091
1.1536698759861164,4.735813118712694,175.76336824091936,33.59859824180603
0.963256399256661,1.012030553245478,4.890785968109213,34.28002953529358
0.8612069107772502,0.7901275587271686,112.09450904214853,34.80470633506775
0.9891359802465569,-3.610684065758872,191.02495621636774,35.54116463661194
-2.9552682237459886,4.0402565564036985,32.16293109648413,36.26904797554016
-3.0370896909216154,-4.963505601894294,39.180899635498804,36.964426040649414
-3.5305961615999335,1.055790265628036,217.81892799620138,37.79406666755676
1.057416057706969,1.21661577614194,88.21280471078927,38.66662049293518
-2.8899459703503854,-2.3209506379376585,179.8265416182668,39.658133029937744
-3.0917023622821413,5.12,79.02132135179914,40.478174686431885
1.2179738475068884,-4.129477489698569,129.85528200783426,41.23739695549011
5.12,-2.0462442650213784,61.696330505294924,42.05505013465881
-3.035891771708149,-5.12,65.06626053748413,42.77919101715088
-3.032725263641175,5.12,64.62147876407188,43.52551531791687
0.8217200901271493,1.132527067400388,91.11584151559964,44.24678826332092
-4.029412181400513,-4.705516724966359,167.66797592076097,45.11197328567505
-5.12,-2.0808678186991596,70.28086569930507,45.91508412361145
-2.576103379374739,-1.9931634361937456,199.48502728348896,46.64443349838257
-4.305833677828216,-0.04646173889227967,157.13944898621563,47.4156174659729
5.12,-2.116423629830876,83.38021108998608,48.31170320510864
1.1151244887417526,0.9049875966120506,44.39947132677399,49.149495124816895
3.095447778334429,-5.086811226697038,67.41851734578914,49.89414429664612
5.12,0.9375404953560533,61.79883218724788,50.672319650650024
-2.9596797079488812,4.302193669269271,162.67008782109923,51.49209809303284
-2.9557679752888304,3.810439824491163,90.02388545990419,52.22238612174988
-2.7494943384043418,3.9979834236494964,123.86933358912644,52.99100184440613
-3.1596059485484727,3.9947406346835406,72.20409593622335,53.88215899467468
-2.8457353276482653,-4.923820429219614,86.99061786236122,54.72131419181824
2.789738131188467,5.12,136.3905887669073,55.55529308319092
5.12,1.2052494189985943,127.02157903408667,56.39022493362427
5.002977565158321,-1.7837579308836609,107.17702948190744,57.21623992919922
-2.7416591888387245,5.12,166.07252000291103,58.07806587219238
-1.3404444394934165,5.12,208.9325770348091,58.893890142440796
-0.8809574440263326,5.12,80.78627234887121,59.81526494026184
-5.10051704564415,-2.3822300166386783,224.82881083496204,60.713677644729614
-5.12,-1.831367947304349,107.74467573994946,61.69982123374939
1.1837311471444059,-3.870790548946567,107.12309015736668,62.56982660293579
4.877791030006892,0.9731161972952496,54.223276932994054,63.466240644454956
4.652657074939666,1.1138821929361438,204.8339847611844,64.5704185962677
0.09915296554639319,-2.0260481360934977,24.237655480113673,65.59689855575562
-0.9985564399094313,4.889398783483775,48.09746409672748,66.61802577972412
2.6922563161070583,-5.12,196.0564510886393,67.66187524795532
3.1265897900615434,-4.720318319114154,180.59776265618495,68.67491912841797
1.3187576082628878,1.0499938892998504,149.60508578215456,69.70826697349548
-3.904506006735292,4.81187482826951,117.96096692685003,70.82101058959961
1.0511324912263422,1.0275061155083804,8.767016394313643,71.85695815086365
0.9411895813968174,-3.9497409134460146,28.18087155944653,72.85978364944458
2.9972271723219963,4.817955452875496,90.7991589128326,73.74676513671875
-4.835170659646495,-1.9834941140693467,76.85401732589325,74.69769620895386
-4.522840758117026,-1.8537789388259336,262.1818677353965,75.61525297164917
-3.6214426478524318,5.12,238.70575812122186,76.7728443145752
4.818819932959161,-2.0735269579882276,96.09764956831548,78.05603408813477
0.03646715579804294,4.486791206610282,222.40198943313385,79.2040524482727
-0.6578446128259072,-4.785856441915245,255.71919565071482,80.14191389083862
-1.1516644049749054,4.693194756815163,200.36193318463575,81.1202027797699
0.9878295092214229,-4.087857812531585,32.8322922174453,82.09804725646973
-0.8222561205295387,4.863048733634968,115.26250037109193,83.24066400527954
1.0052502311182003,0.9340511169405792,10.400332588918317,84.1632821559906
4.406825788891422,-2.1038852259841225,227.7509968988166,85.14727878570557
-3.4313612604171664,3.6549774175150445,372.1967351108889,86.41139221191406
2.398503353805859,-3.456389859737219,394.3141835293347,87.59649872779846
1.9388202783992234,-4.139168596075831,64.04547977270617,88.90398812294006
1.7654637807934455,-3.9002506934286716,127.63373383127812,90.14994239807129
2.1820052308956246,-4.297678119880294,211.30759982748162,91.3039345741272
1.7438657848310664,-4.349606901531782,284.39196113528146,92.6002094745636
3.0718681802997727,4.380176243670948,211.61824256732473,93.86154866218567
-4.3321287928466825,4.627853135992104,358.9592696281493,95.18005156517029
-5.12,1.639650420259314,219.9174770875968,96.52724051475525
1.2908623830116221,0.3298410327447847,275.2563859085859,97.91443085670471
-0.4252260992117156,2.3034954538294947,327.6348108741656,99.19473648071289
3.1274872464690775,1.7233618928330774,159.81329994162007,100.50211501121521
-2.9416405450129948,-0.4596116391094789,212.3096762668094,101.85824608802795
-2.3928346737141655,1.9837575996099304,188.35559641669158,103.10356187820435
-3.0215318888011873,4.865842135448594,67.19266859065749,104.51179814338684
5.12,-3.4024887696944504,246.70538126730077,105.81537747383118
2.006958889333866,-3.991353547147817,20.201897560693098,107.2581877708435
-0.14884546110889207,-0.030657155483085674,42.508728016027945,108.4555311203003
-0.16621960058263952,0.2524819220840264,151.40768163734393,109.84333109855652
-0.1326743353062545,-0.3004075331965268,164.0327799848132,111.20838904380798
0.08567983635489007,0.0013964883486536905,14.155213318655967,112.58650946617126
0.31114042869159686,0.011973598063052648,137.85755165100338,113.94743585586548
-0.00884121996420717,0.06485147456921148,8.346055066540217,115.51395797729492
-0.006185522611909633,-0.061271997803522105,7.398836762889644,116.98012804985046
-1.604841842572481,-1.1036113816505893,203.32259911966582,118.59124970436096
4.007775832513276,2.518160291776317,221.87243935569106,120.24243235588074
-5.12,-3.8385700227319877,115.23024291978987,121.91246342658997
-4.694431479496259,-3.6282909880436423,338.6453698028371,123.50187230110168
-5.12,-4.306249005455706,206.47243719496495,125.02691650390625
1.6146686392094782,-2.145086260856164,221.1093088602377,126.6434736251831
-4.0325400183127424,2.308986449397209,159.89521918729855,127.98772597312927
3.1834721867616826,-2.208505187730962,148.6404535712749,129.362375497818
0.6639144386402904,3.331522279607296,312.04118720054134,130.9776623249054
-1.386000149228101,-2.457197180521703,379.78937496092954,132.37200021743774
2.497478992256113,0.8864771334581381,231.3890602143706,134.0396339893341
3.66813463810717,-3.061614689179997,179.42840580324713,135.70889902114868
-5.12,0.43266734908644455,244.68828569580305,137.58022475242615
1.267806056507367,-0.9480888364600961,118.94302495645957,139.27665042877197
0.84078716314355,-0.7926350567229852,120.86642897279535,141.0732593536377
0.9981251565996505,-1.2877596315458817,126.16464625662434,142.73225569725037
1.654535048030107,-0.6564916879437286,315.0488815627841,144.11187887191772
-3.700131587030288,-2.8061040993352,217.86256565546637,145.52225136756897
3.4858123229666633,-1.424868047914369,402.8470510495546,146.94139194488525
1.978043101356759,4.413387651371205,209.89487537644715,148.77305030822754
-0.34635868752327337,-3.5889691562760273,354.691087349537,150.26356720924377
-3.5039976025094077,-1.370854789538301,382.97093478098907,151.78742671012878
-1.5326018765926301,2.270741358861941,318.40973740118335,153.5620665550232
-3.256001238313321,2.283332001474247,240.37529539819545,155.08980774879456
5.12,2.231425673295324,146.65267887682106,156.63837099075317
-2.6159071808483314,0.730088286124051,294.48722998140795,158.44526267051697
0.45846339426681126,-5.12,250.14142692883817,160.3913700580597
2.5885496430316115,-2.2348070236967907,287.080986359667,162.33975052833557
-5.12,2.653080609970149,217.55804966024579,164.16320204734802
1.3927253729400624,-1.3983789994400557,362.3254999676652,166.17105078697205
