3.403517248142772,0.5868066854509824,2.1983248621232665,1.772606332627353,-3.826187901063015,3.375505590137812,2.489572330132323,2.172638464653085,66.85067626867921,0.0012145042419433594
-2.0672531926425366,-2.8136010823647357,2.3421021149371217,2.3834623802909203,-0.7410275539679851,2.890802530389629,2.8204040701679105,-3.748739780122711,61.12179575617035,0.002400636672973633
-0.4859340983375766,0.2683349085360902,1.193948567147153,-4.379690127910254,1.2595114136532723,3.2004581295590855,-0.9339903008218053,-3.7006915574596255,55.94893707547517,0.0034966468811035156
-4.552803493704885,-3.7974273004653147,3.1676715468559307,-2.604023528750291,-0.8847569899228143,3.8004809407953504,-3.862210750407092,-3.7713137166537285,103.43815222941078,0.004641532897949219
-0.24149309467001334,-3.8224043689577503,1.446912348065907,1.2935777658497862,1.887335198281976,3.604571704470163,-1.9741410030190374,-2.819252462441551,54.18255255299006,0.005811452865600586
5.056480402348897,-2.319881960595722,2.506427428846462,-0.7930001495158985,-0.6922278002468296,0.7243528493977669,0.6418259530192865,-2.1128233752999614,52.3453850909667,0.006793975830078125
-1.542046656974962,2.692221907556057,-1.1345804487423656,-1.3250387234689565,1.3080815106528068,-1.8845432537880282,4.6096689695850115,0.36726162685449726,49.47923255962528,0.007769346237182617
2.4840865823116065,1.4251974388052089,3.26594202703673,-4.502936332872682,-4.136102922413253,3.0212336234401365,-0.39052095993443636,-0.9746183535619908,75.60675189018613,0.008776664733886719
-2.1149854897483733,2.192667947728685,-1.579136909705357,2.488206280706253,-3.548900735756024,1.4541214117168195,2.2395693774409553,-3.2713907236519466,59.146551200832135,0.009782552719116211
-5.0664289171935915,-1.4355743249324022,2.7765114573709138,-4.86510209144168,3.102315123258516,-1.3220582197200352,2.422557340886984,2.315497064734247,89.80875694784396,0.010769128799438477
0.43366690522511764,-2.858580289069324,-2.3621254736507904,-4.892133496564884,2.242792946956369,0.0018159528077603682,2.3557435580057096,2.014747891654423,59.239233597916865,0.011750936508178711
0.8834531663849887,4.9885708752635205,3.4898582156956897,-0.1801962968816193,2.04110791165704,2.2460309767102444,3.1731183177658737,-2.074131499333002,65.9418966936347,0.012755870819091797
-0.8840189931179907,-4.243458164858026,-2.6198679319467404,1.1507284369560624,0.438146564029787,-1.195745772881034,4.208655299164849,0.7533422987207699,54.5499805213287,0.013757467269897461
-3.2262472452974063,2.693245300134574,0.6934186400809565,-2.6494188419484233,4.43762572846228,-3.9722152994935094,3.3275735629443774,-0.7682593741637227,81.72892597516591,0.01473379135131836
3.003268252551174,0.09743431067830688,-0.5233471742211764,2.62083736903379,3.2664349711889775,-2.2699549001352164,3.6448958022942266,-1.9428470327453495,56.855791814637016,0.01572561264038086
-2.4212833259321354,0.2921393215605157,-2.7118995767234555,-4.37632242387435,0.5941963873170879,1.2867692351896824,3.82112567395986,-2.7619000953388406,67.33642971572725,0.01674199104309082
-1.4894933074388694,-1.8033195571947753,-1.123718711176453,-0.3407345247204665,-2.5701979715596677,-3.1101398285717785,-4.1152384793092684,-2.8417471848438125,55.475137125389246,0.017749309539794922
1.8703395190248964,2.766863144557645,2.243153250628432,-4.728236041487014,-1.5352888678880943,3.758910958043182,-1.5585640869957165,-3.3879722045820424,78.85206225321708,0.018735647201538086
1.612477275690476,-3.8864598849425214,0.6585024152736949,4.725057394852429,1.2074692729104628,3.1934419751675884,4.088900538828452,4.1509608112482,92.73137112384164,0.019724130630493164
-4.004059254353837,4.659907079029611,0.5972288354341435,-1.902653868447989,2.660465068545146,-0.8374260660305879,-4.4637398461909825,4.720813801257932,100.41924958155842,0.020758628845214844
1.1208485794418097,1.5365814365331811,-0.6351875227387662,-4.049829315195727,3.38307033090019,2.5221977015350205,1.1770690842375329,3.6486419156812504,62.76874891214565,0.021809101104736328
-3.892336339408092,-0.4612534147192031,1.1301372796591034,-2.5827043013760314,5.047553784496743,-0.8148382140655555,-1.7909876383815773,1.3895232717008197,62.127578647536964,0.02291274070739746
-0.9946873019435909,3.3042467830761746,-2.025782503215585,-3.453690835219672,-2.6674939233077564,-0.6190192785261255,-3.824874662868409,3.3344721464225477,69.77376161843793,0.024059534072875977
-4.872255951293344,-2.276153029424725,-2.3759460148164644,3.0333596500034608,-4.917642885793034,2.2142029328873196,3.6061504120557357,-2.551063438361716,100.20882233923722,0.025116920471191406
2.862647530472067,-2.3293691651871447,1.0056892621720115,-1.6167740809057722,-4.323791650165841,-2.6128933801191416,-0.1240302800115547,3.823575229386459,65.0236468990508,0.026221275329589844
2.1065026274435787,-3.315127991432222,3.8396837348112802,-4.007735916294691,4.104086849299578,3.1947571844514195,3.483563211536219,4.024208464604954,106.56498589312532,0.027199745178222656
1.8460372171256871,3.6175289570079103,1.6741120209859117,-2.957845725572947,2.5233239736924533,-3.6043622256727597,-1.2031821356983587,-0.3661975083694502,58.81096535684571,0.028300046920776367
