4.598388403218654,-2.8618191112771783,2.1939238337521276,1.658496192748478,3.19676820812698,-4.195467921119349,-1.1872589547630361,2.3788287718745984,79.83180568131876,0.34580349922180176
-1.1620094993898453,0.2823445392897188,1.4282369094120666,-5.12,5.12,-0.5947695396671255,5.12,5.12,115.16997688896502,0.7097692489624023
0.8169259845793588,-0.5194850293100863,-4.367390030412464,-5.12,-3.7253290868325624,3.9861206527506985,0.020391848766736054,0.5700487107217409,83.9172431270943,1.1789324283599854
1.8762494289760294,1.2329260682984202,-3.600043116035552,3.642451310066037,-5.12,-2.3598589864567767,-2.731649296575563,1.0749257290573109,79.41511802738219,1.5913662910461426
4.539974325970099,-0.6983624359288809,0.9206290675440076,1.3127203282462645,4.3809489269917625,4.2178698164583635,2.6865132802171328,0.17939554832952354,77.18742942474013,2.08481502532959
1.9243361787337312,0.7167349026705834,-5.028042549396444,-1.3061433834050824,1.9112534702622463,2.286805912391384,-1.9006348239290674,0.3038190805803218,49.371522147505075,2.492781162261963
-4.3426674216464765,1.7101143090666913,-5.12,3.7221355797450757,-4.713199452513961,0.9079443328883041,-1.7912632964502029,-1.388691449011577,98.17146542959108,2.8941423892974854
-0.52530778457227,0.34387899285208956,-0.2094431416031899,-1.419056291251307,4.754679347029671,-4.187423327249982,-2.950448816767816,-0.914864263799271,60.07563107290044,3.2799417972564697
3.114324806376586,0.6101421725239167,-0.7383467310686287,-1.1653780942705136,0.07052943417747404,4.060797056833718,-2.1887712941035695,-1.1902593642108799,39.687004143257695,3.785874843597412
-0.4602990012643282,1.3507735406766752,0.3384567803445746,-0.9659022520890321,-4.602199598657343,5.12,4.4641922666634395,-0.5868087526816508,81.76476529578021,4.318440914154053
2.8184412118147817,0.6436943614120665,0.9166104889800888,-5.12,-4.811767923829103,3.5957649354442536,-1.5396046423360583,3.4562576639055225,94.79652357894744,4.932339191436768
2.093929058181234,0.19881560747135474,3.0511298948478673,-1.3422641036113188,3.1207480867334825,-0.2776756776705973,-3.267028006938374,-3.621342939203874,55.868143006444754,5.572688579559326
5.12,-0.08216520822054019,3.434577624887404,-1.314790911608239,-4.840548280890119,1.7183030374101316,-5.12,-0.40019091517247674,99.9580388353041,6.181978464126587
3.3792232353774336,0.39727875052053285,-4.90767896850888,5.12,2.136423574063075,2.8988194803946934,-1.7076879604331703,-1.857366563630098,87.3481717090051,6.769745826721191
1.1857242470123621,2.133276163358408,-0.9228961137005065,-3.2534825901776125,-0.5679723691460268,-2.0693684529034484,-2.376728661534151,-1.7823926535251737,37.41521081579181,7.482885360717773
0.8051720051346214,-2.4956755075036616,-4.9872636526009195,-3.615892009934709,-0.7833648982859982,3.7578196419290757,-2.3418781527973636,-1.0467970013682768,73.88014002097555,8.000494956970215
1.6055896536888596,2.2645527700340677,-0.3525202373082781,-2.1077478408919768,2.738820533777819,2.711643256791392,-1.9212935815106689,-2.461776577866887,45.97907087606756,8.46666669845581
-0.15855711019970364,1.6965477028338505,3.606380074847201,-2.916389254313807,-2.557453644975221,3.571764314463869,-2.6661722137913175,-3.2522755790534816,71.45691345185766,8.93945837020874
5.12,3.0405459723375925,-3.5599369958543794,-2.852860533829992,0.7969778980603817,-3.6202751972532123,-2.097670459168317,-0.937008904003819,80.61870958278935,9.551427602767944
2.6492466267404096,2.054100515458683,-3.7966203149143483,-1.9714841217191856,-2.782060098267878,-2.471488710768674,-3.8232783359945204,3.9194651715245934,79.2076831498569,10.205381155014038
2.652131208568135,2.5545757209389297,2.0557050008426465,-2.7293469264056527,0.5052469982577259,-2.469451076108328,5.12,-1.285241233371151,69.6350803389931,10.798718214035034
2.3436524760282484,2.5542519781901145,2.678064393042056,-2.4213134676388632,-0.7225193086573514,-3.829253237478084,-2.0056503715463627,-1.910866863462815,56.573054637867656,11.605555295944214
0.9858052027606652,1.8884687977808072,-0.582744885630647,-2.8617486491078714,4.938174386174137,-3.7739503392290104,-5.12,-0.9097183753040392,82.5514678589847,12.323853015899658
2.119598700673211,0.7013115257209517,-1.3504224360873773,-2.9902482370398644,3.8148621334907,5.111030844357161,-2.546280205359373,-2.0801149032056787,73.31761471692275,12.918961524963379
2.402489439735958,3.725573775716744,-2.9823925280578614,-1.2502819020134774,1.4126816806598068,1.3938845491909841,-2.279347096412343,-4.93903280984847,72.51155028164631,13.60532546043396
1.3184861347936758,2.223592661028947,4.411011488384832,-1.7860352078823145,3.7066597166226787,0.1812926315027319,-2.4415839845114027,-1.4326733404067533,61.686804609253315,14.225003957748413
4.09157081061855,0.7878359428037207,-2.6878366558108664,-3.3003792280020994,-0.36679127074673445,3.924629961612582,-4.150787759409368,-3.149426529786104,84.38659700685297,14.834457397460938
2.6174429059557216,1.1771773381685637,-5.12,-0.9892284338413013,5.12,-5.12,0.013805355536046449,-2.4100713387629646,98.62898602438304,15.575908660888672
1.3187685597168421,5.12,-0.3255250723510237,3.0067045254984004,0.7500553100783565,2.174223053407599,-0.20034121673276584,-0.6486460024960499,49.82709505267681,16.20397973060608
0.9356851358640812,-0.8561692536201102,0.41782933683276013,-2.4430839070250654,0.7384346152060868,-4.641026001654615,-1.074470649352067,-1.8447780655430535,41.913718418931325,16.913974046707153
-0.25008343113754705,4.913539775721051,1.0125567393062669,2.762590242710689,1.871389641274396,-4.869901498162615,-1.2169751610199113,-3.3805582607059703,78.20877674394357,17.651729822158813
2.069353338300049,0.9292985774622968,-1.3570482067527565,-3.1472831464503592,0.18485235221844754,-4.08042951584942,-1.2971712422355082,-0.7143984516955353,41.22280121700835,18.36575722694397
2.3333127532147993,1.7889895927159332,-0.6076810091543488,-0.7916653103909423,-0.8545769712803919,5.12,-0.6631747341489227,-1.9396106901119499,47.81592729098595,19.028244733810425
1.674313681175538,4.2148246072575075,0.12334502352250976,3.4395184702108095,0.7274326798866957,2.616075959084135,-3.5872348334806863,-1.6153752795801153,66.20612628452888,19.77257227897644
0.8311267918606351,0.4099398762295108,-0.3620779969528938,3.6741055153520294,0.5798476918557256,5.12,-1.5203974452986104,-0.19926901949858333,53.679729897362066,20.441856861114502
1.678481085383444,2.273751324638398,-0.011121997676703188,-5.12,0.7600469100671976,-5.12,-0.8296758309115964,-0.621639676924314,68.3750410585565,21.229610681533813
1.2418387354120055,-5.12,-1.1991455230837444,-0.7667553254192017,0.3535841602766956,0.266327814788756,-1.5574223775353255,0.07413111526970084,39.96042246600754,22.197555780410767
1.3512851061168218,5.12,-1.414036110517634,-1.0693619450696534,0.5013109843090877,-5.12,-3.2498063420834926,-0.13057529737057916,75.63172789466718,23.04393768310547
0.07691130860673034,0.13091990763130568,-0.327090961935693,-0.09563923514074801,-0.42146956971422256,-0.05529315239016608,0.10597562612533817,0.21437599350657344,5.384211889703701,23.92294192314148
0.6688181192390417,0.03461304310844415,-0.4461295804015135,0.03130363917365919,-0.3252032137698553,-0.11059366369250512,0.09498618306399642,-0.18487842926005538,6.746082378776732,25.066314697265625
-0.37601634050600996,0.33006307580893335,-0.339046773149132,-0.4617848958002666,-0.3253847950578743,0.20530656292716642,-0.19311390735770928,0.5892308912544806,12.482866221117686,25.886147499084473
0.5892533854853017,-0.06565259373077836,-0.3181387949117358,0.09761575218379459,-0.28679297830801165,-0.16932793651667843,0.17135037466035907,-0.3345481449639909,8.018596208152081,26.60227608680725
0.5911336402370413,-0.039979489761255316,-0.35631268613686284,0.046735895518792425,-0.28332085017451547,-0.1431728616257768,0.13818224646749488,-0.2822160398116127,7.354528677802605,27.23687720298767
0.16138587704491592,-0.14547076745348164,-1.5262421756788398,-0.6114390296294898,-0.9446351380267899,-1.6862112879676983,1.1922095274780302,0.2417121362846748,15.620864317184925,27.987622261047363
0.42846735300185035,-0.3425197826236257,0.20254520464520187,-0.4101839761744186,-0.9998948399705174,-1.1763262300479402,-0.3995764231985133,0.12080805290765628,11.704374284138828,28.619134664535522
0.15329400106470548,-0.03635310032522732,-0.5423287241940322,0.6880238684138149,0.5999526337589121,-0.6516338297694118,0.1798265672279049,0.32637553232486205,10.93883443724625,29.3200945854187
-0.044935732748869306,1.6397844975473257,-0.7132563894566708,-0.1845201771991798,-0.48514854412560027,-0.07144426508403878,0.13939601923809253,-0.16967917006214783,10.00022015383919,30.112674474716187
0.6721202178700789,0.07752103965187551,-0.34290051872213745,-0.04532803972942645,-0.2404402184191765,0.1508572612090866,0.06113526102496092,-0.4045442536710846,7.257986637546638,30.941713333129883
0.720634477795767,0.09430625565275363,-0.36448118357457915,-0.03861729781400225,-0.2453410549456443,0.15079783411609338,0.07204709569587564,-0.3981001042012009,7.240925214252366,31.581458806991577
0.7648287064265755,0.8208411697262905,-0.20132653560729263,-0.24482877727887953,-0.2567672889639603,0.6484263214121464,1.1050923454597852,0.6651552336532154,11.00877105344024,32.240010023117065
0.4131094502994248,-0.19237310555782372,-1.0015426155406688,0.3227636551049953,-0.9657262908034383,1.0741523705105855,0.20133052282959962,0.16539752816348052,8.732879802435953,32.888590812683105
0.43647090257898036,0.05323184508888623,-0.6456020897923063,-0.6783847901406634,0.0314114634024909,0.5500055166093087,0.4039270137818445,-0.07091019304909718,10.455033932579077,33.6612663269043
0.660896608891302,0.6899330423696277,0.1739906073434101,0.4141526622869831,-0.14324513610193979,0.8766560514106834,-0.7721678369882312,0.3020987152803709,10.735792051894526,34.69329571723938
0.5518281734008319,0.0735684867832127,-0.4217295564493506,0.1992500932550607,-0.4998435046241978,0.04868474862034411,-0.003674143959138121,-0.5976366225452638,9.621609702184744,35.45099496841431
0.5215961823240676,0.3506207888322628,-0.34813974669291436,-0.13233344503759614,-2.311730121582695,-0.004898669578798476,0.3849515390294984,0.4056369298745297,16.634724009200873,36.276740312576294
0.49955671912837385,0.007110813850458975,-0.5045331371426158,-0.01119387351585388,0.028164107290584717,0.07548625684446009,-0.08403774214178128,-0.41703203240268927,6.8241850482834385,37.09733200073242
0.5191949593326433,0.01127181076696182,-0.5325819308279591,-0.0005521891628088582,0.02991217205871166,0.07522920395081645,-0.08957051986277786,-0.4450431158835473,6.962801290668916,37.90260457992554
0.3294932670278534,0.4555953209829635,-1.144503593981038,0.18462493027036775,-0.07886968765045221,0.3063864418982556,0.16090023223387462,0.3932413187721888,10.085849026386748,38.95254850387573
0.43341414606412165,-0.01830737603821664,-0.3664378183378343,-0.009403805182222058,0.008774813025970829,0.06882561751283678,-0.06371281338602852,-0.5765828648982287,6.313122114666846,39.99308753013611
0.37672049315450185,-0.023317611028118357,-0.35465570681210856,-0.00028452992753180695,0.011920419865230514,0.07390428432535057,-0.06756693013076287,-0.6438605934099613,5.845599502121445,41.10864233970642
0.2878733145435408,-0.03818946221164232,-0.3311436350100072,0.003940908204842053,0.018135077695128565,0.08070687599614335,-0.07299956298427901,-0.7231163960673186,4.885587216160657,42.064138412475586
-3.880133031127982,0.21902352902489053,0.27630398447055526,-0.41242333660625885,1.122536828618637,0.7037188876457128,-0.9531324056438395,-1.5608787244039273,28.083440944926302,43.14331269264221
0.2741289327420109,-0.057937014799661846,-0.29365818601876903,0.031934532096467905,0.016170453787789363,0.07273699031817937,-0.04797448355572165,-0.811117810221992,4.117256494295749,44.03911328315735
0.1774637326868449,-0.1645326066514734,0.18824466032612364,-0.37516963004475024,0.9651831607577037,0.6107705303864046,-0.7121508056035353,-1.5020437609814818,12.707205572958166,44.958536863327026
-0.1588977279902517,1.144673495241748,-0.5244556032059435,-0.9235592954861342,0.2112735695070329,-0.35476209814006765,0.19642873946529438,-1.182085468767737,10.641742316834186,46.00044107437134
-0.25501268104661534,0.14251941382898714,-0.08245375130144428,0.35293355272029014,0.7126704938897106,1.3830576189322539,0.37075881338827266,-0.9647901069768121,11.532672276050297,47.070587158203125
0.3573181553000504,-0.04871048157294755,-0.444019437371022,0.15732396048970365,-0.14428201473628555,-0.038431693660292865,-0.061343510252698685,-0.7350687584777367,6.557577269086417,48.191205739974976
0.36248090665474475,-0.04192515768751548,-0.459951935054292,0.17319063348355357,-0.15234279081598423,-0.04046400449271115,-0.060445410241518616,-0.7540801948391298,6.662063812393873,49.23116087913513
-1.0863734679654362,-1.3059545956185157,5.12,-0.4276822054496954,0.9250121393284756,-1.4994104470278842,-5.12,-0.7367412423551993,66.26491784866792,50.2401237487793
0.4347224223191066,-1.443426685112747,-0.041372618760112445,-0.797406363256397,0.17038423034068284,-0.27281979049371774,-0.5529297131138344,-1.0381199290852026,12.628592612823375,51.684892654418945
0.3897414986638248,0.10681380863286005,-0.5195814881518981,0.27503328296426943,-0.1359775693088725,-0.0512261668008982,0.0040860507671700574,-0.7265567390100225,7.735127374963465,53.03429985046387
0.3966513439864512,0.10265416376948888,-0.5124214355157957,0.25060442010571915,-0.12613627179504316,-0.042216018593157045,0.0011129113604297913,-0.701357517364487,7.634818294629509,54.47962236404419
-0.8310176705161254,0.06895048367834722,0.05715133654050408,0.03620192780999787,0.44326375013019703,-1.357622250681831,-4.633120395832503,-1.1650361476954454,31.981486110839345,55.83386468887329
0.37094092352494634,0.09454634249781169,-0.5628414804816648,0.24185242439929855,-0.12207015137811261,-0.04385874233878617,-0.12263470160706547,-0.6652552244581331,7.836149797975915,57.128565311431885
0.3788324827333467,0.09143489875035815,-0.5460949900875001,0.22176280883891497,-0.11326586054190013,-0.03770269239481383,-0.11967535387046979,-0.643611820217715,7.768476070888582,58.27163815498352
0.26495445772312554,0.5124929993763283,0.32793539164483576,-0.053716871295663715,0.4871544742384515,-0.5908102455383037,-0.483143200498632,-1.029960862622417,12.79180565663018,59.57556867599487
-0.6838375464039048,-0.6693758655432047,-1.0552579050576316,-0.191620551845344,0.05794531334913344,0.4161332058370215,3.788011281393918,-1.2242843290740049,25.212920637742254,60.796836614608765
0.32431784856755286,-0.04866744251964494,-0.8177594347718129,0.0714477960104638,-0.14295697664128593,0.12336750322255163,-0.0759731625176796,-0.5190869863179026,6.042188085644941,62.20279288291931
0.3259749041361264,-0.04962101399448393,-0.8671419348306522,0.07435018751752676,-0.14694976540367843,0.1306251567888399,-0.08320057585160878,-0.5359178100458291,5.965763637915763,63.42941904067993
0.32741852032092744,-0.05013638968397327,-0.9168042118424813,0.07665552974332712,-0.1507465686804368,0.13796615884901442,-0.0905130201957487,-0.5522560753964374,5.947836344578263,64.54999709129333
-0.7165101198367338,-0.026740216007889117,-1.5202839785674906,-0.31585842014667165,-0.15404371491639868,0.8476809579580777,-0.6838893172749394,-1.2246389149086174,13.353695791540083,66.01161170005798
0.6384748355408032,-0.022932967564337048,-0.7547154565375402,0.1690994545808211,-0.07348441138100181,0.05795783114936537,0.02703894502184312,-0.436795726701221,6.452321549173977,67.25775384902954
0.6756424703999562,-0.017363782242584058,-0.7757056444513868,0.17379032425675867,-0.07085485445864137,0.05903755207567585,0.03362230236737673,-0.44433938591944155,6.257749824198252,68.3664665222168
0.7127581421727287,-0.011619779257258323,-0.8003857115978237,0.18397223113769545,-0.07376547332062344,0.05977061599079292,0.043515830278305856,-0.450694312506446,6.081534651207596,69.4734423160553
0.7580918927949458,-0.008870081814751352,-0.8272936160053508,0.19004723527710343,-0.07298960744731442,0.06193500538303187,0.052866624866607204,-0.45334428534696425,5.8189942559853405,70.52675271034241
5.12,-0.6387293021644256,-2.067050292987121,0.739778802024821,-0.030985874684827053,0.30712374953468835,2.2580768356022034,-0.10980837884018513,42.364401692128574,71.62941145896912
0.38869427496755105,-0.04413496283026941,-0.7644286457421527,0.2306896831126357,-0.057049584326635205,0.043141828725525855,-0.050223080511011986,-0.47509671681323606,6.753085285340422,72.85197639465332
0.3983496563489677,-0.0397724480570556,-0.7738576427038382,0.23288640814125383,-0.05919390639705213,0.04308726102787652,-0.04947789109060263,-0.48114283504995825,6.775659550885891,74.11234617233276
0.40933395742676115,-0.03638220884328014,-0.7839121646156277,0.2339575506583289,-0.0586709744793934,0.047598156337290476,-0.04893308280511022,-0.485821102510827,6.792752715830364,75.16643357276917
-5.12,5.12,5.12,-5.12,5.12,-5.12,-5.12,-5.12,211.88345098062877,76.72460651397705
0.20760603207447126,-0.055868142992530956,-0.49766306754627276,0.2774336226676848,-0.0947096310712956,-0.03724661818001973,-0.027467337919829582,-0.5381448168863256,6.826158485600494,78.06101608276367
0.21253581779836495,-0.05189933976118777,-0.5098099502285871,0.28381918835609365,-0.09742510748964861,-0.03721621633715433,-0.025663881971363267,-0.5468685913830349,6.906115197149435,79.42318773269653
0.21948544440255358,-0.04536898433034331,-0.5209389450922073,0.2857339137154762,-0.10111648089077008,-0.033800676253153306,-0.023414309271633016,-0.5539747139722326,6.957294365146779,80.64872121810913
0.2248419285491572,-0.04029916611077855,-0.5333030058013506,0.29386012386699,-0.10498195720582881,-0.03420275564089348,-0.02300385478337663,-0.5634735285784309,7.042657696731079,81.77277207374573
-5.12,5.12,-5.12,5.12,5.12,-5.12,-5.12,5.12,211.88345098062877,83.04673743247986
0.2201282585104014,-0.047585494519162275,-0.5089418685467084,0.28990064102976465,-0.0904716491988875,-0.04079867303292506,-0.02322193229048608,-0.539400038294195,6.969489156329592,84.18856453895569
-5.12,-5.12,5.12,5.12,5.12,5.12,5.12,-5.12,211.88345098062877,85.56437301635742
0.20077642774024262,-0.06108571552312547,-0.46633030147261323,0.26400880774224245,-0.06923765463537368,-0.027735188950712697,-0.01578834409766916,-0.5062396814487196,6.539730928296819,86.98450064659119
0.20515591236620967,-0.07586390528792819,-0.4871676316660549,0.23871479864204748,-0.02043579007995877,-0.009488398023877131,-0.023486921783656634,-0.45663727517081654,6.295053346614932,88.37997221946716
0.20715016364268113,-0.05671092341716566,-0.47841703084831266,0.29770521902191405,-0.08919866824169809,-0.037041354648948754,-0.008298723262237573,-0.5025430376832141,6.889677163256486,89.77991104125977
0.20516039640339123,-0.04802986957175648,-0.49141222866925816,0.29514039451563256,-0.0843416222657849,-0.030384958400293982,-0.009199968937496195,-0.5376876145069369,6.8448643251675865,91.03859186172485
-5.12,5.12,5.12,-5.12,-5.12,-5.12,5.12,5.12,211.88345098062877,92.3791093826294
0.19409625300881395,-0.09811078532737749,-0.4075491740307049,0.28662988324515215,-0.10175044608805806,-0.04125767916088385,0.01236805801023344,-0.4954001900006997,6.690781524734465,93.79574751853943
0.19949325019520892,-0.09922586472537276,-0.4299528936136765,0.2760412729793549,-0.08602649894889325,-0.03222784909092802,0.00342686546444515,-0.4972462908773414,6.67316341611476,95.34373617172241
0.24301078607176763,-0.07233684424726139,-0.43320848743039875,0.2790195952872674,-0.045778752652407384,-0.029520903039300883,0.01071734396404711,-0.45337089891501314,6.708500216269091,96.70151972770691
5.12,5.12,5.12,5.12,5.12,-5.12,5.12,-5.12,211.88345098062877,98.23722791671753
0.20145202958726927,-0.04801239246992761,-0.3618850965021281,0.3508393321815779,-0.11451043718178333,-0.07268684971359551,0.055686299938006556,-0.5505120700137818,6.96587159312814,99.69364213943481
5.12,-5.12,5.12,5.12,-5.12,-5.12,5.12,5.12,211.88345098062877,101.39417934417725
0.24113314747180858,-0.01762517598774327,-0.37738181341991694,0.3804842598325866,-0.13282260016990577,-0.0669259030458269,0.07260389428127123,-0.5688244927444011,7.521507781646783,103.19123077392578
0.2670198663549783,-0.0315897043598623,-0.40083232871106045,0.2812959531135846,-0.025700024111639408,-0.05464089773056546,0.047761350401089864,-0.4311825231246873,6.6617824015822364,105.06642937660217
0.31685811502980066,-0.007811857272286282,-0.4276580487465953,0.32800298822078133,-0.047075944465477804,-0.06172194901086847,0.05885245456970534,-0.48016177226863554,7.586728922274094,106.77374172210693
0.20725014904310868,-0.08087026930807184,-0.3839103436959457,0.29221328322990114,-0.014525654637407293,-0.04966729217166499,0.03974177447967797,-0.4134798343848214,6.265462649483165,109.05215811729431
0.25568645554174285,-0.07170656861060731,-0.41469402485685336,0.2371162586653952,0.005512616822021421,-0.045850403823383346,0.025764145196792043,-0.41379579599373884,6.298897681475886,110.77289819717407
0.18893991372210373,-0.06672866887628004,-0.3558594535103108,0.37264554302317077,-0.1504982552811711,-0.06918389086209586,0.055865001589086916,-0.5694858082491452,7.161484732023163,112.5501914024353
0.23487461446908675,-0.11013721614017324,-0.3809583960248597,0.3182642612217874,-0.012692416387156236,-0.04811968236862896,0.05048226630606578,-0.41920291876130467,6.750886146579037,114.21480298042297
0.2600998933831251,-0.05979995889426348,-0.43493111295479814,0.2672033034326855,-0.06118418453244168,-0.027450065394807766,0.035311552919194966,-0.4810073682357263,6.832770234179119,115.95649027824402
0.20587968950722146,-0.08659692387421902,-0.4078101530792022,0.3533021022161469,-0.02472478891994001,-0.07151876297574145,0.05753909458796347,-0.4449123069386811,6.9767057334865425,117.86452841758728
-5.12,-5.12,-5.12,-5.12,-5.12,-5.12,5.12,-5.12,211.88345098062877,119.77893805503845
-5.12,5.12,5.12,5.12,-5.12,5.12,-5.12,1.827063242113696,189.2706769001747,121.3635745048523
0.23947566732986392,-0.03374773821907695,-0.3615665843906424,0.3134116204018049,-0.05812683035480415,-0.01666437850867375,0.1101420289811923,-0.48902482295861915,6.830754035831157,123.23839664459229
2.6372678280832655,-1.4192460126488657,-4.398729262745261,0.7571128703243515,-0.5260357768522246,1.715995853969722,4.713146372043007,-0.3790035076834073,66.90726509848999,125.34002423286438
-3.6800146989079767,-5.12,1.4682353786639144,0.5850084118041021,0.5942815634478356,-4.582936891731494,1.2896037713935717,-0.19317621473350677,76.44298396094874,127.15226435661316
5.12,5.12,-5.12,5.12,5.12,5.12,-5.12,5.12,211.88345098062877,128.9734752178192
0.23296166129145757,-0.07252782920004197,-0.44786460171056586,0.21051086934226948,0.03164351487911432,-0.007483825478005635,0.08296193361997073,-0.4125486945885912,6.18542501052511,131.02118492126465
5.12,-5.12,-5.12,-5.12,-5.12,-5.12,5.12,5.12,211.88345098062877,133.06706500053406
0.3042976956803649,-0.11051288588907315,-0.4554845511819883,0.04422297900835126,0.08029609814520988,0.012068312139913218,0.06317948217124147,-0.3065494318126758,5.537520201256528,135.06641125679016
-5.12,5.12,-5.12,5.12,5.12,5.12,-5.12,-5.12,211.88345098062877,137.17893862724304
0.24302535033261474,-0.08259567239845289,-0.4758451152653693,0.1939565465943316,-0.00131056151703568,-0.03476157074892594,0.05538429022672897,-0.42888519146676973,6.235168254882723,139.38530564308167
0.33642741119035335,-0.08573825122268364,-0.5017124458923021,0.011493606320531313,0.045255595317561514,0.010139345377633724,0.03994369436113132,-0.37200507023547225,5.942623083955948,141.45531225204468
0.32197118128861923,-0.032984165476309,-0.5013704331161568,0.13125281403418843,0.05418821292672682,-0.01699309846873831,0.07224051978253065,-0.4254917263619493,6.3991263008505115,143.88540625572205
0.27924009142134576,-0.14440667516655292,-0.4284799257061538,0.0399654176173021,0.12758297310594724,0.026302265293871585,0.05746716412542785,-0.2893423883061441,5.514189215282344,146.02678966522217
0.3177811056090105,-0.08773362101437865,-0.442743416719372,0.1020818021411527,0.040428277886166875,0.017773111051735846,0.060379343439532995,-0.3818816914313441,6.008962088628511,148.09994459152222
0.26681849133115954,-0.06295952615444289,-0.46505412203906715,0.16100089528207828,0.006289782502046037,-0.0497632489607982,0.08343363438920814,-0.3968852664055671,6.0934536240949395,150.13698887825012
0.2861770037545899,-0.15453664581811477,-0.44285640444309493,0.0526133798106585,0.22504378708718598,0.025066732841953154,0.0849281356849918,-0.21649801766892107,5.84756520578674,152.00442790985107
0.35528046190538554,-0.1094051500133455,-0.44152162127374517,0.14713900242913258,0.1583479266891148,-0.0018638339412966332,0.06296584328263943,-0.2801669313357733,6.355912282085718,153.79371428489685
5.12,5.12,5.12,-5.12,-5.12,-5.12,-5.12,-5.12,211.88345098062877,155.78961157798767
0.33434887690302695,-0.03231885442593896,-0.38048455653369473,0.13558280815614054,0.04287639598509152,-0.008036921674092312,0.0785374009976465,-0.4263674272396676,6.115918128697995,158.04878282546997
0.32689896350796754,-0.14519187351933827,-0.39932845057755273,0.0545916742338326,0.1751439388491436,0.0004505492730428884,0.07211715119292883,-0.2579401153165213,5.807819367896601,160.20490550994873
0.35929136318964794,-0.018527353621189846,-0.5014429967771639,0.14462927032971873,0.028048753608455712,-0.0009753256123836707,0.05849796102473981,-0.41036080034023037,6.5282092760831905,162.46461510658264
0.33456617844907477,-0.14674832804377758,-0.34624467914997226,0.1092977584335344,0.12565277651716666,0.008996021071926208,0.1001132051139324,-0.3223024152472451,6.020412783746319,164.80655646324158
0.329188446164717,-0.09056392737641605,-0.42952392011054297,0.10847486940906226,0.08214956357239878,-0.0029628716123859533,0.06854175063195012,-0.3591577377220396,6.070192567093999,167.1399393081665
0.2734519512114799,-0.1439002835492742,-0.3945598956620193,0.14967162759190078,0.1552935771161863,-0.025461149229197844,0.07210324626325892,-0.31440047576514907,6.076624149246493,169.4348542690277
0.3333775408376116,-0.10522465550102744,-0.4292325604882823,0.11746421685047803,0.07686421626011697,-0.010559732144813871,0.08602138428838213,-0.3547781477880543,6.204390527799883,171.51773047447205
0.3358937661311465,-0.1484034025307306,-0.4382297503701782,0.09223830447908199,0.13728786842927398,0.00047718517452910447,0.0656735275754885,-0.3017904294319056,6.209725237676679,173.46224856376648
0.34014246418317473,-0.0987555480954958,-0.44580819962815355,0.11907264646657723,0.09881313317548113,-0.006533507127057803,0.08396822127649006,-0.36671410280677286,6.415140302772326,175.97896695137024
0.38280399089738726,-0.19208231658421226,-0.4128428664390382,0.057708901669244916,0.1971999041584107,-0.006259193591028556,0.1056256099466859,-0.21172723092694312,6.405056319341053,178.17838788032532
0.32522785062909154,-0.13410147486373702,-0.40479007551552115,0.12759339112267565,0.14990401486174765,-0.007063294066999681,0.12265317339694004,-0.3345667494974043,6.57591972378927,180.57932925224304
0.3560739215507249,-0.19840088778230935,-0.40650714518141307,0.10908003931889354,-0.013747511850336736,0.048991722379778224,0.00847357919799041,-0.5391912982601541,7.016519819187718,182.88302302360535
0.35116185770916974,-0.16392626085600792,-0.4283357257400384,0.08215894017121883,0.18636271897462464,0.0028068444224382816,0.10250975118078731,-0.283501386156809,6.5956776790582055,185.41607451438904
0.3780194825929115,-0.0907006245152795,-0.46481676536806305,0.17003201231891119,0.1486172994306978,-0.03587256676561612,0.12124517703109028,-0.36531703079329336,7.30985863460463,188.18065309524536
0.32905628347576865,-0.13506445196952654,-0.47159305865004253,0.057976400743451784,0.10661714626301855,-0.02517624115687056,-0.009837172572297881,-0.22999188291119843,5.387673257114274,190.93296003341675
0.3300648195537379,-0.12257231160315563,-0.44510960718558135,0.12204607817607993,0.1275869219563761,0.0059152681546024155,0.0992983715278335,-0.33807111095039666,6.481880935713688,193.94494342803955
0.23257180249535736,-0.1011107864891736,-0.4753394589832656,0.13720543718682254,0.16421305723434187,-0.07713967357961682,0.09758413069573635,-0.31003227736193395,6.02298325864165,196.79769611358643
0.3041449500212403,-0.15272597356484052,-0.4296322761336322,0.20074554264592503,0.2219398744412988,-0.03702909454189296,0.14571356676495384,-0.29224289396854797,7.361601303956503,199.77903246879578
0.3406961852349317,-0.13773457293004832,-0.46234760683900333,0.08752309763329968,0.14730279607188024,0.009523442966735018,0.08692875661770572,-0.3134994403430822,6.429214179084907,203.01375436782837
0.3584005725245074,-0.1989316589302419,-0.40822251214129057,0.0276829296059109,0.20630787593863786,0.053426892399038195,0.10741286607807954,-0.23779606869577474,6.543922936668441,205.7728841304779
0.409158684148883,-0.243609962982843,-0.5154505757485399,0.07511029728461516,0.08682470696077793,-0.0384429873691472,-0.041220533543737226,-0.24799155853768706,6.671161626072837,209.0385115146637
0.3704757701114989,-0.14486057446346834,-0.4928527836577663,0.09191068917484113,0.21854726792732126,0.0027476860486910226,0.10154765258736731,-0.2780228536503353,6.954959761945492,211.6429455280304
0.37038824517066704,-0.05296718514206589,-0.5191827052523594,0.1679136384935962,0.13674371406442987,-0.029068042848465758,0.02393178257194606,-0.27526062964527664,6.307276159374282,215.0773322582245
0.345279581395574,-0.09201415962189063,-0.48802686784978366,0.1321184877490884,0.07785177759484352,0.005863192908105219,0.07837165883815445,-0.37935856371404686,6.550867917786298,218.32245254516602
0.31309463392621417,-0.14279755443338882,-0.4396966446083459,0.14430961417787458,0.15194448146365502,0.01698670897370036,0.14116836880026185,-0.3400217197946791,6.8986155479595626,221.78962397575378
0.45594842373825806,-0.07590555609515537,-0.46508186552218866,0.09685855232888141,0.058862066706543814,0.06139724663217638,0.07782673091134029,-0.4088694317761874,6.947701000170888,224.5243365764618
5.12,5.12,5.12,-5.12,5.12,5.12,-5.12,5.12,211.88345098062877,227.46785521507263
5.12,5.12,-5.12,5.12,-5.12,5.12,5.12,-5.12,211.88345098062877,230.26593208312988
0.3886698385316505,-0.14904491616291082,-0.4529263111881985,0.08548121631030625,0.2205505499638729,0.03650645796253649,0.08367146513746881,-0.26334746864267533,6.842978342659989,233.9577991962433
0.2714852929485554,-0.14521034548902456,-0.4630157948673199,0.07765825830542461,0.16493263760914623,0.005370352697390501,0.13696437567484843,-0.27801434226744526,6.065305131454752,236.93632006645203
0.35794552337615304,-0.10827850309726905,-0.4642019438351648,0.1813110556700117,0.08947214097723499,-0.0034621248031081464,0.1084860359082791,-0.3549069500568587,6.930552625608936,239.94947910308838
0.15552022583259006,-0.054012905188994154,-0.5257915265947677,0.14522895057481744,0.13354839078778724,-0.16076398448639395,0.1010709357239481,-0.40253033292596996,6.226688511569638,243.29090023040771
-5.12,-5.12,5.12,5.12,5.12,5.119999999999998,-5.12,5.12,211.88345098062874,246.802387714386
0.3820939359964157,-0.18323125502675808,-0.462446891716521,0.09639012054378249,0.19451413197418255,0.031741135371564866,0.08295589979564433,-0.2399742232288995,6.734823526669282,249.728937625885
0.34596259216072767,-0.11268272609657792,-0.4760826392977551,0.13969843224098,0.11661131388457768,0.005314192960204522,0.09456500838370285,-0.3481259814125641,6.68636573014781,252.9352993965149
