-3.1220983188679017,1.1199001597020848,-0.5367531834535137,1.5622568217368187,4.767785054508111,2.913200675446604,0.15060348214367725,-4.71800262038302,138.2029012147764,0.5088062286376953
-3.431159767187195,3.018429834316316,0.36696310100382146,-0.08177444705633974,0.29091557178939187,0.05254593661103435,1.1793661562848294,1.368762711666439,97.09674431665115,1.0729734897613525
-0.34655879473042184,-1.0301045175725756,-3.1430435521791455,2.880101098316099,0.08449122797042463,0.06579651738554304,0.9769286240677824,2.9208955253764346,54.746217063863604,1.6665141582489014
5.12,-3.434221408827514,-4.5858373378481545,4.983823966511596,1.689875291375449,-0.02488426589018644,3.364000431880492,5.12,197.851029402157,2.0816874504089355
3.5210412917638854,-1.2161162006895285,-1.907953068193513,-1.172883311393793,-4.7450116989741735,0.07843004033277712,-1.5099583732249435,3.4288680577166,140.72054105068537,2.7497622966766357
3.5569490098318033,-1.6545833523539968,-5.0026329624703445,-0.3923597681582329,-0.6088332820429336,0.06910119933701964,0.9761422080613888,3.002794872718993,122.51731435691022,3.2769999504089355
4.572790030382289,-1.068518674096227,-2.0950003773731196,-1.6399521229966605,0.08417563029774744,0.06327918342732719,0.9847697565535602,3.0538392342428535,80.18677630671684,3.75960373878479
0.541174246189593,-0.6386330934905109,-5.12,5.12,0.14537701514935542,0.058092439208622615,3.5100369648959893,-3.0027669828492005,140.54910595897366,4.360092639923096
-1.0328226957755557,1.842295323993075,-3.174348899123099,2.9247399437026713,0.0842076994017722,-0.6989049283327304,0.9760871334196892,2.9761894393604296,59.398096349184776,4.9373743534088135
1.178981638066614,0.18554645609445775,-3.3222131966705613,3.1373916477720813,0.08361961328758838,3.4470815617540866,0.9696017685438783,3.7147935561141816,111.7389291723375,5.526759147644043
-4.980413890970685,0.2407660621131651,-3.2739991626320233,3.0077892578374046,0.08536193015465532,0.048899441862565673,0.9766212044853937,3.0150590560404753,77.71724680357707,6.222699165344238
-0.22353809271190528,1.5150682420973736,-3.234556798347633,-0.09418374986004174,0.08660372884791645,0.007117810940585834,0.9765533858671818,-2.5660773100073793,80.10755749559758,6.966502904891968
0.0256584449863535,-2.0784870851614814,-2.4698728654703705,3.0132890802234344,0.08414621601925276,0.01075166506848646,0.9764249097611586,3.532535008664122,75.40726938158315,7.521646022796631
1.4956957404755293,-2.9023363224940506,-4.6134689878932935,5.12,0.143353344725897,-1.888447737079587,0.8232528744679284,-1.274348907850186,129.37212198905723,8.214781522750854
-0.0776223917358525,0.04152771427892077,-3.137909072492722,0.42589949908452684,0.08279107712622746,0.03065051189789081,1.2126539510732082,2.9997868297477757,53.66034633362547,8.74526309967041
0.5150860936840482,-2.453507396874755,-3.12592280097339,-2.113561875406571,0.07947394306115818,-0.002130077285897869,0.15227785052919351,3.1778418690460244,86.67308175577935,9.371096849441528
0.08729810251047443,-3.806945230489485,-3.1341678155450134,-2.9660216936552506,0.0841219351103435,0.005476112884220008,1.140859779651075,3.0100605025445946,60.08750941590441,10.043023586273193
-0.10408449903268124,-3.8323792768238887,-3.1335151987147922,2.9121904492019857,0.0817868004657214,0.023255652894667023,1.1838323960889765,3.0473265165406973,63.40722321612394,10.877779245376587
0.6716528559068982,0.7303353989259245,-3.126571696601104,-4.566428570623353,0.09426720188483362,-0.01596158163260064,1.0933366724080171,2.905974564748381,94.48025476629783,11.47617220878601
-0.18661060905017735,2.3435386900496296,-3.127426824500575,-0.8095499419881049,0.08406949474305936,2.089955988656092,-4.871182693763257,3.148946906308171,95.1188245623367,12.17840313911438
-0.14341025641504324,-0.13489699832496083,-3.1541640979991605,-0.3215177795218418,0.08368255880797992,-3.7541033667713317,1.200972220757773,2.966513946670722,78.5692049084391,12.89133334159851
-0.1463242628361039,-2.735024964651171,-3.147416527676336,-0.49361761691253214,0.08336362467428682,0.061161795748684966,1.2326827995293357,2.9853701160877764,77.98061140448588,13.60354208946228
3.4462331623997313,-4.3747284270320534,-2.8944779194009915,5.12,-0.25056050462549884,-1.5130420003984648,1.9839989404179166,2.0550298229641264,148.08530944641112,14.313838243484497
-0.047918931574916,-0.62164604260564,-0.8104390577409806,0.5810394933567933,0.08156732317869686,3.2320240903081965,0.9565895136755413,4.380057316874695,102.44820266665619,15.045702457427979
-0.6955431829239584,-0.43718885113195594,-2.8985010936225315,5.12,0.05913243084475983,-1.707919125473659,4.5222118274198175,-3.709328543436351,155.40916694219285,15.888851165771484
-0.184783645177089,-1.9476315854350386,-1.7053866476638349,0.800799432295082,0.12570983866051755,2.765913175473665,3.9366083352821795,2.6599682408025105,91.90171653974633,16.51215934753418
-2.6613241305952324,0.3543310540503448,4.775852799403437,0.7261289109033671,0.10145586857908029,-0.9545721637874509,3.2692627822815536,1.8827039873348363,113.1299953393576,17.12203812599182
-1.5359618903550643,-1.0178761692124256,-5.12,1.6707950705227912,0.10603461329503183,-0.7293404854509813,1.9256433168493423,3.139705020899126,101.91910900159141,17.806003093719482
-1.7526260182857483,-3.9628697243819833,-2.790675571098716,1.46029807066036,0.2608082463021981,-0.5571040870214725,0.7846496854910301,5.12,133.76538398799403,18.38509225845337
-4.044308634441769,-4.72541804080861,-2.669587743782362,0.7191123935141084,0.07079864704284411,-0.8380221979792504,4.814302915030823,1.6420331026661268,139.66745056354944,19.236292839050293
-0.0022860019491623973,1.1652921003304053,0.2633904134230338,0.33905281358396433,0.10539440393463373,-0.66790092911332,4.54986720160925,2.69347744732488,111.06697830192905,20.096877813339233
-0.07268063544925152,-1.7241015427205433,1.895110995805771,0.47962938922833853,0.08512831168837032,0.5463359293652852,1.1782557138032974,2.9488748947070667,78.97703957850304,20.932878732681274
0.6101537990199812,1.7451904351789995,3.3416904353098635,-0.04906234965697731,0.034298685612679236,-0.4407678848899934,1.1286719908148033,3.160284863887271,97.26171437500106,21.930561304092407
-0.0713817699200936,0.7803347922969781,-3.2976014825674933,0.463263447398476,0.08419675633207468,0.34691889515178786,1.1785086258670239,2.9589460101928013,86.82593671816218,22.79662013053894
4.017996153647146,3.003484422351268,4.028118695161944,1.3498543695180842,0.17380327117014005,5.12,5.0788061805639115,-2.037453714691614,125.07573100465312,23.636091947555542
2.3758756864166113,-4.920514201325393,-3.0039843776891724,2.6572427911338368,0.043932828901945165,-1.7086120383270678,1.1850360235118886,-0.4192990925018014,122.00286457076825,24.52451729774475
-0.6782446566621188,-0.9793243109634409,-2.617581039286462,2.8884036646050033,0.175129498092649,2.6811385377943147,-0.16958688205628292,2.0036438153137315,86.8925385606434,25.513465404510498
0.34587963867478244,-4.314396711336862,-4.282578250204921,-2.1670721276783156,0.11154933034811254,-4.769942775902922,1.464828180730187,1.605954162462429,164.64681422604562,26.285356044769287
-1.3608742384739458,-4.526540034129104,-1.6392217814171506,5.12,-0.651759360392326,-0.020571620806300928,1.0391661118568107,2.984956007573955,133.27533242155687,27.16398525238037
0.4208598679192894,2.7395710023496758,2.107076209013713,-1.0058081059044826,0.06871124746945512,-3.325292723505211,1.0291930050893132,-2.957868944017107,81.62373781322918,27.937364101409912
-2.252362750795675,3.1103563406012222,-4.107648415452499,3.336511100700876,0.1155688975481084,-2.509658601699099,0.41764150144254053,5.068100869812821,146.85184745573582,28.71134090423584
4.6074406003305155,-5.12,-4.48793487804,5.12,0.1942084418085619,-0.6407607594782396,0.8680646089938122,2.81079401905446,178.51910087896542,29.56208324432373
2.6583900500009596,-4.493634159177048,-2.30952134970341,1.9528467313155318,1.26481374878726,0.5786084281447241,-2.0882231091745873,-2.8667078075528774,134.9833562248121,30.528911590576172
-4.973537767281118,0.05489139694406919,-3.1339839719305957,5.12,0.3972614517981947,-0.042884863623856795,-1.4528003864892036,2.397735252810272,131.48884697043175,31.369189262390137
0.8159165367458252,3.0761827209854014,-1.1233576131659957,2.8638489921727004,-0.13980053971750372,-0.06174561754551444,0.2535154820763701,2.4687889773718403,73.56050000577787,32.15255427360535
1.3456025305478834,-3.707018266344388,-3.586286461675016,-3.047165255032285,0.6298150665665583,-3.4054899197544968,1.724687349114805,3.542912955276333,178.90646836724326,32.97099542617798
-1.9603000716425294,2.562637247280996,-1.7624123754143928,3.1515088858312152,-0.248279832266058,0.01320071973946746,2.208667169786793,-0.20146502100927144,85.7494832182145,33.74755620956421
4.6609539408064355,2.539867840462871,1.8835595727473775,2.770605697215668,0.22095298660093476,-0.1963725319560341,-1.7511196167616538,1.0577197814397596,115.39449818285996,34.688724756240845
2.8973379448298404,-0.8018748379647542,0.18567508626418583,2.3487468419058004,0.0189956888160161,-0.006298257340279001,-1.1624971728878633,1.6608389421206793,69.55510417906581,35.60179591178894
2.804811076132795,-3.1049424918700606,-3.7690620355448354,-2.973830910629412,0.9647531926092459,0.13950148273077545,3.0270870976668975,1.6582684386505466,90.52068464823361,36.448522329330444
-0.4782892093346067,3.2254319917016465,1.2224984351148942,2.6388158411825824,-1.4801816515655974,0.06338251293013286,-1.6995239493115015,3.8842483488072874,128.69626623733413,37.1608726978302
-1.0420916116052465,0.5884250964137516,-5.051478929781863,2.521025458995685,-0.006309492778155068,0.9221020404455667,0.44293650028561427,3.8954268798010245,111.42913028809863,37.954994678497314
2.9778533225467116,1.9914415400559244,3.4352369608093793,-3.141298542661574,-0.2485447475005964,-0.03808959489853336,3.6379825618093315,3.031089530194232,106.8262677297047,38.879873752593994
-4.978702755949236,3.4997698721531156,-4.770914901855851,2.882190397063625,0.02689134201447363,-0.43188979339183575,-1.2109650919715715,-2.398490741594275,151.7533462215155,39.63899803161621
-1.499969177363007,-0.3827835728894806,-2.85926830416687,3.050299134339144,0.4119113468357174,-0.020382188427624293,1.9351465466064273,2.1921473766741926,96.01360508560367,40.412814140319824
-0.45496634953413295,0.8643768888955989,-0.5640157127142951,-2.793978412367608,1.0387163699472888,1.6224581999798797,0.5244687496903255,2.869206054100382,111.34019335937751,41.0503466129303
0.3377773013825447,3.41627036987352,-3.041964702421485,3.2282582306855145,-1.9599789507050507,0.03538771724250189,-1.016920738995152,0.7395954203897359,91.02589024945478,41.74343228340149
-0.6477480692224882,-3.9915507450037326,-3.5053739450827406,2.3458328283426297,3.9890797407983287,0.36824876299048626,0.33086535153193974,1.8104183467983708,143.19005575625712,42.46759104728699
-2.2392811716568906,0.3819850396610711,-2.7256496589843824,-3.0419250778144287,0.15777470310247832,0.41735508665115617,-0.11026504923407554,0.3261925536192587,100.84893874331837,43.203665018081665
3.8887546104641837,-2.6812207039971803,-0.42979849143182314,2.5665063207255443,-0.06371138980265112,0.3935072051791364,-1.8352239947775026,4.673066697790202,147.34280808620358,44.22539567947388
1.8092702697600735,0.3699516197947288,-2.6720405240365164,2.456597097326296,-0.6258457734223031,-0.1209318862761597,0.5584405166204451,2.9832215807247424,122.91550527275713,45.192997217178345
1.728677741356294,4.564649295695262,-0.0051765198429620796,2.7053969621177067,0.05057065532359317,-1.0847786254273908,-1.5145810161957356,2.7506128753548307,117.28154448935621,46.496301889419556
-0.987716539080699,-0.8883294518409821,2.320412228113022,2.660710507014671,0.024677092156591307,-0.06535978998637315,1.1779342155756956,2.16965793677572,64.06211766098225,47.566500425338745
-1.4261661574429616,2.864864681162506,-0.403049721677573,2.8294265074728653,-0.0026431362031180683,-0.05790313646924794,-2.3248289302546157,2.198517233949108,96.41050995119984,48.75919556617737
-1.8306620213415101,1.2548440259182039,-3.6017624447145105,3.064418571720746,-0.03387189227870202,0.4113944210187501,1.3152464835317064,2.0538306123690084,100.95851613339427,49.77374053001404
2.649540615517843,5.12,-3.6991259819617244,-1.0000490449642223,-0.17435809527430823,-1.1836024610037095,-1.2413825864582293,-3.9243676709901214,119.98409144227747,50.675830364227295
0.7943490169474501,-5.12,-3.529864106470508,-0.631767282082297,1.945497255849518,0.7016829011533794,3.875380253799812,2.716962486488389,141.47359477067187,51.66726565361023
-0.7489560201366938,-0.5881707364897562,-0.33277026834556445,2.4559941196025417,0.04655384823465081,-0.7410757751952204,0.46550132024243673,2.3278461453842407,121.84553847874679,52.8117995262146
-1.733021434222978,1.8920584820462896,-3.7610286667775865,-2.8349981700677094,0.11749767367810371,-3.508419601446165,3.9226216785940062,0.48639503302465226,127.91914141162675,53.93756031990051
-3.753920678265372,-3.130257359726474,-2.130194667753743,1.147842096312103,0.06612530242782366,0.09920907865530992,2.9351931047675945,1.7977095827936385,72.29963156323328,55.23771572113037
-4.043038067804603,-1.5185918999201018,1.7909337908833356,1.9403864811131237,0.08274827804968332,0.048311868282109316,1.168792739285121,2.6142854220935012,86.7049313542971,56.22234845161438
-5.065313380079109,0.6528119306578972,-3.1244085842955114,4.175330385094676,-2.6883500389146264,0.09581507852725313,1.288468496438683,-4.790880812537828,145.46221708921644,57.49864959716797
4.208034336983093,-0.41100185644960696,3.8058393590472486,-0.798217952482192,0.023890482020631154,0.05141869921861453,1.2907706322373738,3.0387843621468145,96.8106553833451,58.890361070632935
-0.2561320197870316,-1.5348844279654856,-4.569818367086074,2.6181931304467945,-0.00835600772194578,0.019753317971304973,1.035514840256595,1.051438234090024,99.76030616051368,59.8958375453949
-2.762596537935092,-3.6550071035341203,0.24935460607532622,1.108896688097416,0.14398145155886866,1.254662716484888,0.06836929583606555,1.5723772847212247,97.40059825522721,61.03412318229675
-5.12,-4.071342860424237,2.8060484456716006,-2.6835171223657928,0.4635644039471405,0.2979706398414681,1.355776490887929,2.9455098621746236,142.4447440240458,62.17216753959656
-0.15290554167418602,4.7195913861242085,4.5178478768973624,-1.0477294570441575,-0.16368107341872218,0.22548863009273212,-4.934776994131723,-0.32853516586682474,133.7666762591486,63.45019841194153
2.674357183617259,-4.1298861341177275,-3.1395606489788905,1.7015265248641542,0.06445791047239968,-1.0272648696847897,0.6680028696919713,2.3789342485618388,111.57981483901717,64.86032509803772
-4.022808076962336,-4.276561379321429,2.5542968210399515,-2.520005294867761,-0.16238306021963833,0.06784864024830384,3.278274832481313,-1.581301656976068,147.88821240552784,66.08273911476135
-1.4310261108166418,-0.9406936425210981,-0.7819687200649454,-2.81017188613457,0.05086640781836227,-3.5820826842461004,0.22363422211094264,-4.941135510644088,111.04820988449725,67.3413736820221
3.457545075515198,-1.2493344315830233,-0.32111449713076734,-0.7330108075480499,0.06053597313711734,0.5197986996246735,2.725770600060513,0.8823515902194901,112.39296844754207,68.82986545562744
0.11994036108795925,-0.22475589983890387,4.084747797496056,4.592615655716826,0.07295730829088498,-0.16122494165302648,1.2155725882922939,2.55482698436281,109.75057448772661,69.98689675331116
-1.682779931399478,1.9596131873173412,-5.12,3.267526358727067,0.053653464475574175,-0.09864973692596912,-3.2440909773327133,2.7699887458397505,110.80049052623151,71.20645141601562
-4.976568236699052,4.807224504069667,1.6990876871219136,2.677954483290243,-0.0019210768474398066,0.19234876294477754,-4.962681794014124,1.9361874179617438,127.97982108590774,72.39507508277893
-2.138743594651032,2.6200820853941797,-3.4905211258416955,-3.8095195212805257,0.09231417621932003,-0.7445254814907809,2.1560557106983493,-0.42472572545392584,126.02324569803035,73.56746935844421
5.12,3.5372755942018363,-3.951313756899732,-5.12,-0.3176109851515214,5.12,-0.9622646250584435,1.8733544052833384,157.0305417867385,75.04371404647827
4.391401113698598,1.1861575971254972,-2.6864138434317026,1.9831952496819012,0.05975474687823201,-0.3522914528587018,1.517856538711574,5.12,137.6267695119761,76.41680955886841
-3.299826941643224,4.074613795261768,0.8559410316493761,-0.600377794057442,0.043509926077234695,1.2464764850408088,1.6955308580943607,1.870881227466655,99.19456800635176,77.7071943283081
5.12,5.12,-0.8196933551257128,-5.12,5.12,-5.12,-1.1104925362946645,-5.12,183.5276523402199,79.11132645606995
5.12,-5.12,4.085189022436748,-5.12,-5.12,5.12,-5.12,-5.12,220.56039692518323,80.36191940307617
-5.12,5.12,-4.910568399954847,5.12,-5.12,5.12,5.12,5.12,228.1243164063287,81.49972033500671
5.12,5.12,-3.3446916741941184,-5.12,-5.12,-5.12,5.12,-5.12,229.26475894822127,82.75618100166321
-5.12,5.12,-5.12,-5.12,5.12,5.12,5.12,5.12,231.39770980628714,84.10869789123535
-5.12,5.12,5.12,5.12,5.12,-5.12,-5.12,-5.12,231.39770980628714,85.35012531280518
5.12,-3.335072156662242,5.12,-5.12,5.12,5.12,5.12,-5.12,228.69001838265683,86.65166163444519
-5.12,-5.12,-5.12,-1.5386059238391403,-0.9628765013974441,5.12,-5.12,3.1350701329933317,181.11490879833298,88.07357931137085
0.2256070366066103,-0.017734477659596237,-0.27633440244166785,0.06459273944675825,-0.04640120236269141,0.36187233612459035,-0.28636591422788893,-0.24611809642970073,60.309870203420154,89.40842723846436
0.2146061974605864,-0.0163315233504413,-0.30984304107802707,0.06727054593030246,-0.044978110816138894,0.3409273528080803,-0.28627350046209354,-0.24270146027202788,60.41019252470924,90.69648003578186
0.20678920005157053,-0.016307830511417265,-0.3339482165664771,0.06880027875018957,-0.04375119874472322,0.3221749025357008,-0.28608184322104346,-0.23760917707931917,59.95374774296248,91.96079659461975
0.2003138036989096,-0.017146174932912928,-0.3538448090889901,0.0697333507761142,-0.04220311857680059,0.3040237506868504,-0.285909133045525,-0.23153110386104814,59.161214760494005,93.32806658744812
0.19404525747463275,-0.018795658621669098,-0.3720975477252848,0.07053905628627355,-0.040321772798295186,0.2855295564196618,-0.28612448460011297,-0.22443867060375222,58.114141828975974,94.77943348884583
0.18755041896102842,-0.02104143024918237,-0.3902702549271355,0.07107356959053934,-0.03751730406808207,0.26624558398062614,-0.28706389075207106,-0.21638759460954748,56.8615223698159,96.16620016098022
0.1804186378544328,-0.0238798464883061,-0.4087140235923057,0.07151714374218798,-0.03378469277592355,0.2460455673101567,-0.28883993291268784,-0.2072656408589788,55.403484424127605,97.62173557281494
0.17243952411039132,-0.0272607684326438,-0.4279467069153631,0.07216735235569427,-0.029215216664439936,0.2250040255799597,-0.29139040961789053,-0.19706780189435769,53.771342961625834,98.98092889785767
0.16365014958567414,-0.03104698273756057,-0.4477036144964046,0.07322565788276236,-0.02421384608418098,0.20367813802907797,-0.29443857416175767,-0.186001163032242,52.01649575552001,100.26623034477234
0.23098225673429695,-0.038261726973369825,-0.2878892059098641,0.08229082404922305,-0.28602644383719866,0.227646954005567,-0.32926112382924977,-0.347706644944374,74.65025758201065,101.57129454612732
0.27619408947369184,0.04663097425928164,0.09670810585912015,0.240884287398079,-0.7293018961439302,0.41920768858580537,-0.008372717101814864,-0.4878933546815354,74.3944013589946,102.78881669044495
5.12,5.12,5.12,5.12,-5.12,5.12,-5.12,-5.12,231.39770980628714,104.11428785324097
0.3807476500741416,0.25262038707619094,-0.4839454175579796,-0.2913181551596411,1.1372317070362685,-0.12496956659267955,-0.8135498949783768,0.008640821830363521,75.04863330440206,105.46269989013672
0.41792698357278013,0.31683652439430343,-0.35803252180047895,-0.24178711529385488,1.1800392591837303,-0.05540475968590641,-0.6370533915473935,-0.026731538247429576,83.80399265909567,106.69631695747375
0.09144997269532862,-0.2105431000223712,-0.08220684465389994,-0.06070898798752378,-1.1862957289628606,0.4828306827454183,0.49178990953293944,-0.13477146818490304,62.54698462991809,107.98484826087952
0.08731902194466823,-0.20714693879802581,-0.053158209700720604,-0.045191261352584,-1.1994534025924746,0.4570332047800143,0.5092854146789865,-0.14909076849170422,62.319147783706704,109.22496104240417
-5.12,-5.12,5.12,5.12,-5.12,-5.12,-5.12,-5.12,231.39770980628714,110.49058699607849
0.7433625003097086,-0.5056089803457144,-1.6393248178655098,-1.051739879725801,-0.3521012258256402,-0.02954703178585394,-1.9929169579358037,-0.43265461529082216,91.51080597395233,111.92708420753479
0.9251924463834555,0.6305695890549927,2.00888330537217,0.3361643743996696,-0.19385863918857726,0.2766381669450473,1.1306150582918546,-1.6123437230998174,81.47122287364425,113.30500507354736
-5.12,5.12,5.12,5.12,5.12,5.12,5.12,1.9305685728347983,207.13666759548477,114.68052339553833
5.12,-5.12,5.12,-5.12,-5.12,5.12,5.12,5.12,231.39770980628714,116.0438768863678
5.12,5.12,-5.12,2.20808420330357,5.12,5.12,-5.12,-5.12,214.7453247272826,117.32035446166992
5.12,0.9194279896642614,5.12,-0.7768293067336574,-0.22976718552736042,-2.0095931437156986,1.5284674287929194,-4.520997642309693,144.24554346179983,118.7595944404602
-0.36348551632875115,0.07899686497456937,-0.674199870183271,-0.004107272352880997,-0.899654934409285,1.5429741475717673,0.6677032313729043,0.1553614195092976,77.49090980219576,120.17219281196594
5.12,5.12,5.12,-5.12,5.12,-5.12,-5.12,5.12,231.39770980628714,121.50381088256836
-5.12,5.12,5.12,-5.12,-5.12,5.12,5.12,-5.12,231.39770980628714,122.83343505859375
-5.12,-5.12,-5.12,-5.12,5.12,-3.2127766880232604,-5.12,-5.12,220.4773844854949,124.1727044582367
0.024373135215060238,0.4652460464052117,-0.10724747730535356,0.2196294343246219,1.3118577274947771,0.7194265335629311,0.31417156756768794,0.07818865434255073,73.5938584104889,125.62286067008972
-0.8259771428094593,-0.4448031354115489,-0.589135156605451,0.40241389971709385,-1.2404769128356503,0.6841478962835996,-0.29617758329139665,0.35481775335121224,117.47377313171214,126.94012808799744
-5.12,-5.12,5.12,5.12,1.1407773377137378,5.12,-5.12,-5.12,207.43783807191738,128.37308859825134
2.7644238847926896,-0.36638218604723694,-5.12,-5.12,-0.07970386080479752,1.9483686215642084,1.4055141449026358,-5.12,146.13986607237774,129.62125205993652
0.4145002687976804,0.6286336375198243,-0.21723289462104933,0.19707713977224994,1.8120743908186112,0.5196858782872393,-0.4387315884117555,-0.01143312568458299,100.00532494420362,130.99275088310242
-2.9476497448466668,-0.2551691172857451,4.4896553019104095,5.077097256057505,-4.571267838163862,0.12897291555063806,-2.649130615824977,4.3543912123874025,187.71211038675435,132.19243121147156
4.185723986316778,-4.949642846394229,4.972900304134048,-5.031564856299274,0.5495469055624698,-3.4238322321003793,4.61406469514539,-0.6317500975939652,205.38688823863572,133.60254788398743
-5.12,5.12,5.12,-5.12,5.12,-5.12,5.12,-5.12,231.39770980628714,134.87430620193481
0.5799493241846685,-1.105267215806471,-0.852236559613087,0.06683255992016601,-0.7313665699605476,2.3556544978075626,4.403191044506914,-0.77560970210489,108.04741085786272,136.28174352645874
5.12,-5.12,5.12,-5.12,5.12,5.12,-5.12,5.12,231.39770980628714,137.69973373413086
5.12,0.9318788185362861,-5.12,-1.5420716136312898,-1.5597459635173556,-5.12,-5.12,-5.12,190.16112769054126,139.01102256774902
1.8270165355665426,2.8139745328512484,1.5419752687387804,-1.4748967745283093,1.0241775587808695,1.0074576247806935,0.2962464881060205,-0.48093654870456604,102.07734194932638,140.27720499038696
0.10433575246248683,4.380713221913882,4.460846207751257,4.774909176421155,-2.0401130482433842,-2.2215581871441765,2.3488725251006715,-1.7511914141927098,161.39905130917623,141.69781279563904
-1.1227880584577394,0.5164386086947301,0.7291614197459442,0.12474636994358868,1.2057192395483005,-0.9694039890071915,-2.1550501369391966,-0.2956085652434117,70.84714980763226,143.01771473884583
-4.320040309488836,-3.9054276166523128,4.635348029377357,4.159341495781422,4.755211796943381,-4.4068722850497135,0.8020279459474322,4.815775790768167,216.52862505519153,144.38373398780823
-0.152491019208707,-1.7591000643013133,-0.7929811935729356,-1.7323388780115936,0.8629918042733049,-1.27985328647845,-3.6886636442110157,-0.20338933233121015,91.1144823882504,145.86849403381348
4.369914316795611,4.9742696860002065,-4.6178588024491,4.086220051206202,3.0704249194323294,-4.51526162592853,5.085101328448945,-4.954399819632898,220.58633575087578,147.42413091659546
1.0235363745065937,0.18158798798329379,0.30004354318241866,0.648119695085021,-0.18172101999409662,1.7024596740171605,-3.256678379865309,-1.124633243032871,83.51574003540617,148.9860119819641
-4.552083895209276,-4.07782025706201,-4.982673481442089,-5.062237249473046,-3.9254076210377398,0.20628656817321378,2.142231519495933,-2.3617859582373497,163.43796252220537,150.53329181671143
-0.09486162433836132,0.5170426133220802,0.9578974162531653,1.6255099901345655,1.6533283537663248,1.2152824488970193,-0.891594291807503,0.7211910611460146,85.9998539745655,152.03756713867188
-1.4432331225122308,0.2952700142298239,-0.3376440852648068,0.1304923209070603,-0.44356233471554773,-0.6502171333092486,-4.401258006517038,-2.418149058050405,150.81328144657783,153.5745027065277
0.5360727347128673,1.634399417601072,2.068942583568708,0.367036999996869,0.8927381334872075,4.540003162337794,-1.3739988058589567,0.06605690434255607,124.44016987613016,155.07889699935913
3.6905494298553334,-3.428936204375974,-3.7810809563831276,3.6448949939003734,-4.447947931490283,5.086088547644525,2.79921913654519,-4.76414627826854,222.97377082862272,156.75162601470947
4.737646030829649,4.999615915510851,4.5642876849684315,-4.775266521518902,-4.395757997397528,-3.4547037837547916,-2.021375566278511,4.534206343737247,242.75817285735704,158.38395071029663
4.6058193479097325,5.1149573383652855,4.677316916621074,1.98601020172842,4.86296219960104,4.8029561865582915,1.1759030313076337,3.5052712090808056,204.1221144669145,160.11473155021667
2.7386939906038528,2.587050205322173,-5.099352364167914,-4.55148948045994,2.487335161930055,0.40538358708627786,-3.831603059591491,-0.3293302270405505,190.79940474621947,161.70086121559143
-1.5350558950642408,5.031416507607504,-4.758977080859438,-3.3099780272986457,-4.952400034376321,3.951420375405207,-4.026468866594104,-0.8882985122289684,164.89327078083193,163.24943161010742
-2.6193267277440127,0.8184768422056292,1.0054235776017917,1.2913493193530678,0.5856393173598295,-1.5748676825054786,0.3701375643058702,-1.1506051442001444,108.72107704317341,164.65348172187805
-1.7215176467895974,-0.6284015545716253,-3.3763662909336665,-4.099248269069225,-1.8403910862249035,3.7860166720820567,4.3558090489399826,4.025436463064081,160.8463102197109,166.17273426055908
-0.5429788744445796,-0.7234383369592958,0.18902586693275314,-1.0915366371057926,-1.3496222707375143,-0.1915859466942722,0.4956369478272551,-0.5867717800678767,104.47973366664212,167.81485986709595
-4.818514555834098,-1.8460981716267333,-3.975984639972464,0.9809013288069401,0.8927155039497938,4.665762898285547,3.889461321685471,-1.853639150905968,118.35310382761904,169.4594316482544
-2.2067999682000603,4.989265046340633,-0.8085274057180456,0.8097907385663641,0.5029748157439986,3.9595870662407533,1.1466377902191445,-4.934289160436759,117.8547943038036,171.1289677619934
-0.479744266485147,1.204467671102452,-1.2602499801002414,0.6337215503705593,-0.1830584942572031,0.28810014883220436,1.4756605038343835,0.7435690489341891,109.50677249216741,173.05641222000122
-4.5118655623565145,-1.190787689003579,3.994153301844624,4.8080111926477835,0.8510061538362272,4.511496567304513,4.578384242898134,-4.6539202572699585,215.85591550619066,174.89831471443176
-3.4261017868253973,4.320708892949292,3.470580196074308,4.953722662763183,4.636421733076305,4.8102480001991195,-4.897130172283746,3.637637771003594,243.68405434289355,176.91232800483704
4.449141677202603,5.0050820923658685,-4.340447519092953,1.3289752322018789,-0.8224843771209986,4.708224282346468,2.809914706351144,0.26533085711924365,181.38491981616738,178.7375545501709
4.255901254809282,2.9492294809348545,3.2570394850123714,-3.3624574342927973,1.3509081295213505,3.0470298760895203,-3.6299495502937633,-5.097465622753352,171.82731144913072,180.68190670013428
-2.730525581719906,-1.5227856952960797,-1.9527513682658064,-1.3600700219518553,0.6777231310856449,2.0145988371859502,1.2654594600332993,-0.001688812940561668,94.88952312342434,182.56108808517456
-4.434039017797568,-4.626410403469665,-4.215478027078365,-5.077629369495785,4.879810818997419,4.397197130617248,4.5467418812303455,-2.740184740789169,252.01389785995866,184.42580366134644
-4.788728682479491,-4.569180564216761,-3.205775099140901,4.437502355026363,-5.094965863969547,4.607246863453898,-4.775862288226715,3.7691175977456117,247.8607126435292,186.20497703552246
3.8790580018986427,-4.290029926178216,3.8929291678265114,2.875542191047754,4.2803807243238685,-3.390580489258184,-2.9973920927113222,-4.726372868785689,179.44523759298025,188.15416193008423
-4.877307530709739,4.963211113316283,-4.557332673526049,-0.335738121334491,-4.410927397301842,-4.050658763038331,-3.5399032745042676,-3.517052019967908,226.25650218013413,190.00831842422485
0.20525594484101628,0.2890943648952984,-0.3720179016617813,0.5999320573780462,1.6388943856683715,-0.4493371362035363,1.7877311830272085,0.3991231368493606,123.18879494758806,191.96824097633362
0.7083780344811794,-0.7720590679531805,4.875959040570968,-0.7561456545568559,-0.053418393944451026,0.9098201282279081,-1.2080132110291277,4.444923902235186,110.11653198894231,193.91152930259705
-0.6727430466099689,-1.0936926312662285,-2.728794063244529,-0.818366788437249,-1.2354039196489328,1.8611218605239772,-0.9266847702218168,1.0688146436239547,64.8871825739851,196.05415654182434
-0.07551773144162777,-2.9557024910784033,-3.6199987228052395,0.32703379684763334,-0.4023235761887278,1.2677235073936144,-0.47314882460021046,-0.5118125105840496,126.75766392714044,197.92440938949585
-1.525547662329429,-0.4103811388084626,-1.5682695071415953,-0.3136320704802662,-1.2740876675629091,0.6312926934400567,1.4334585285792683,2.2076471227046612,140.12046990461243,200.18485116958618
-4.807116500908023,3.392843504372663,-4.2824459032495215,5.052967051592746,4.1145584815404606,2.8333601336939944,1.5578000622124488,3.870269580017429,187.70270877022787,202.25182700157166
2.6883935866000925,1.0719569250959937,-2.964091144251699,5.026127984596429,-5.053782066233476,-4.167442131514545,2.134079369554006,2.6750225741566247,135.70029020187286,204.26877307891846
3.6017812875311366,4.962403612495938,4.674822705944583,4.844441282774867,-5.027350946172935,-4.185854304623357,2.4917504411920053,-4.76552183234708,227.13315866143816,206.2167239189148
-5.050632274993342,-3.2989684169990525,-4.9724521124111485,0.2863619247082889,-4.0540132903818975,-4.050505647312686,4.194820967260493,5.054993145894751,171.3977542613682,208.3417899608612
-4.3722971401296675,-3.5707903754868764,3.5154319349992997,4.533740680042858,-4.146148627728054,-5.072526463435707,4.868760888110615,4.80301417889408,245.0719167380564,210.51592826843262
-4.708784305324027,0.5275518413998466,-4.823115211458791,-5.014489599625982,0.9274003927872494,-0.7897359226609959,-1.7328691745652867,4.72419660752464,166.92193602773568,213.16857647895813
-4.946916636104502,-4.60046685451233,-3.9251953335516925,4.231114974693406,1.7713328292992765,-4.648124537572988,-1.5949062266209415,-4.937876595670831,202.8020479092184,215.618980884552
1.9831262515150865,-4.2950419449550985,4.312318086902272,-1.8550378274725396,-1.0791667282235986,-2.534422585784727,-5.066814473746811,0.6349842557091927,147.07609084483917,217.91596245765686
2.4925404743545263,-4.933542999485887,-4.419640509895394,-5.071441860351069,-5.007848278390904,2.8293365192721946,-3.59437711962585,4.628962112124706,224.2437214711232,220.19906973838806
-3.9156680909272663,3.2862269819759264,4.60072476442354,-4.500171482161623,-1.8208181198653661,4.62612059050864,-3.6368727922944117,3.3469466929090315,223.34925643998923,222.79809975624084
0.20707953933540946,4.235925737312562,-3.645766643701167,-0.568078602949905,-0.7765602024827363,0.6581059556369313,4.657065991745331,-1.2381019646899243,156.0635682986177,225.2700273990631
1.24305879163754,-0.9410814433678221,0.08225304631677854,-0.37981874671658744,1.4039156952569405,1.501932196206635,0.4785112531950979,-0.44550172445577374,113.6254321273547,227.51869678497314
-2.9437618461494237,2.7604305304794705,-4.1687762382584035,-1.5287105717964522,-1.0458375648263845,4.885368913073449,-2.18117816126008,-4.549446338869213,149.5588735087916,230.0553069114685
-0.4477685968139733,0.058162323370495095,0.6571710382810974,0.19635114520821517,0.7423578759737577,-0.8676505208006766,-1.3500206557531347,1.030073543852036,76.98835812981486,232.7507541179657
1.9102500331295813,4.822949836457355,4.791722288925116,1.7869218560467566,3.4781720453969944,-4.702818749932025,4.514383724136782,3.931230424022396,199.05051103568758,234.86367988586426
4.818451275103876,4.077607925594369,-4.550175868384092,3.6148842669840606,-1.2448315943288129,-4.910193920537443,-4.895890055676987,4.205459942135012,205.4677914602545,237.04191994667053
1.7728632430340339,-2.1007783967077565,4.837952602217146,2.266262071282771,-0.740931142977507,1.2807754195279895,-0.6789275576045295,0.771795295385032,111.0665330079176,239.13640570640564
-1.376184354112318,-2.980272363493995,4.986415555104128,-4.757753982847513,1.4994457973087911,-3.111558172714544,-4.675394442811989,-2.305788054279091,174.44150156809303,241.28380227088928
5.097961927067353,-4.6523393347195805,-4.67695856808406,1.8169982585310667,-4.345452578810376,-3.4921083322443973,3.165441220975352,-4.410968506600176,230.3416378217119,243.64835810661316
-2.473964629024877,-0.5441547073645188,-0.49740471957361176,1.3494451400169343,0.07121190493148077,-1.5058790749936684,-0.9657920608728139,1.4335403224945074,129.4263782980989,246.06074333190918
0.31854305006639905,0.6101624295006296,4.9813939257900754,2.4362543701484034,-0.4231274420271305,1.1225252609864151,-1.9403576222482313,-4.036330731234606,126.49894481528622,248.6483974456787
