2.3857607239811403,-1.0563602319421372,2.841710062859536,-3.1603030925907314,-0.0639089917869855,4.053845884331369,0.5210882108226436,2.2165449145922764,52.14797120375036,0.3913602828979492
1.2386892367665538,-1.528239873184111,0.29052377993115197,5.12,-0.18761029532722162,0.02919201268963878,1.3669225957360478,-2.145603389855964,43.80816120404825,0.6909980773925781
0.23430559575751442,-1.4018641639482468,-5.12,-5.12,-4.6963054880769,5.12,5.12,2.1388027079744925,138.9968114908609,0.9873776435852051
0.4864997604460326,-1.004899762848547,1.4322973872106468,4.751814611219676,1.6931216297445566,-0.5888392534171718,-1.024074803965024,-1.201372204866256,40.38814113596398,1.3955779075622559
-3.024226942113416,-0.7353163740672617,0.5168094267165397,5.12,-4.91662287917295,2.669241305089196,-3.7581514964405978,5.12,114.01328894017057,1.8211331367492676
1.447933267917631,-0.17307450138829772,-0.07530403428345522,5.01088590994669,-1.1545056464917245,-0.22774591198556315,0.09838669257920873,-1.18653132012754,34.73057546820726,2.413522243499756
1.7795451485076796,1.8727576380187259,-0.4394093854750425,5.12,-1.7405628522518723,-1.1852961832243123,-0.8691780268621363,-0.860364646572453,44.67331479724482,2.9073705673217773
0.9544291800581188,-1.2270398131385112,-0.036821320501598365,4.33294269997909,-1.4934411867913258,0.22988857935406415,0.8762761431189263,-1.496058085050529,34.063104023678264,3.5942184925079346
1.0094206043148715,-2.1139762915572566,-0.02292408163559312,4.148231002844329,-1.8384353038746126,0.7828381797000841,1.443342876838659,-1.537613452744214,36.97450034867239,4.033692359924316
-1.9949777674764375,3.9771994237338353,0.010393819373257784,3.2605577267047474,3.654116162105276,-4.193149770932948,-0.3885309107208874,-1.570413214440764,70.94611155318174,4.474400997161865
2.89624608265487,-0.9746585554831277,-0.1822212247669226,4.517980625251734,-5.12,1.6424524676129275,0.7136557369272145,-1.0814420976007888,66.42364049997907,4.990781307220459
0.9246515044909485,-1.951346700923399,0.010788392268948677,1.3226881161863515,-1.1169967202874735,0.633374547310452,0.19147427319430665,-1.481785508746003,16.454344244820916,5.551493883132935
0.6799054465987409,-2.5011010131904095,0.027213671257703353,1.0336944423256451,-1.0611171087001772,1.191162518076358,0.19683841582572192,-1.456145894956273,19.300125802934307,6.013844013214111
0.16316915754806516,-3.3400701538999966,0.036285955682421545,1.0504170207934083,-1.0372147450506652,0.489896009783819,1.8024678168703812,-1.44051691029048,25.652540858002933,6.614764213562012
1.114114519874712,-1.5299333432254882,0.05552962070209588,1.1192313422789804,-1.0241147074022745,0.4292431256494442,-0.11797455584414962,-1.4357060248865032,14.798647344349556,7.286028146743774
1.3887548307694217,-1.2330004560210814,0.13776332056298468,0.8338672747441986,-0.8989560703191994,0.2875468155385805,-0.4624320009056735,-1.352517034427339,15.60636020134119,7.889269828796387
1.2477722316122053,-1.2339723983738282,0.10882152763402608,1.3322759376058366,-0.8569367090653701,0.30328417059101564,0.2793920632394631,-1.4319216362632052,16.22532610041623,8.526041984558105
-1.6150363021189453,-1.4868064899285534,0.30709502923880905,0.49900334215291675,-1.1764937417733203,-5.12,-5.12,-1.4413831357322477,71.17976554771552,9.086617469787598
1.1285174957767916,1.0181324200266317,0.22508127890241436,0.49546882108491097,-2.7688229026129396,0.47270333560587385,-0.5505872267280161,-1.3743519190965272,22.368421962842362,9.782815933227539
1.1464182968021932,-1.2873651192995181,0.26797548544091665,-0.0003059903223485705,-1.0703952592966726,0.2943415913335654,-0.06467790775613835,-1.735032106392501,12.57638267573499,10.354284763336182
1.0197157583264929,-1.5257382708486835,0.162967723404444,-0.8973598476987608,-0.7783501491920699,0.23773439643263927,0.15853445545894296,-1.8692447106771954,13.577696841658573,11.152714490890503
1.1242661969558654,-1.5767959043820357,0.480452866819288,-0.6030310112073662,-1.2333710412455234,0.1873739249221975,0.055659452424077216,-2.47779177530136,21.572319372579013,11.973893404006958
1.1500277415711926,-1.4932793126817256,0.6699343252897725,-1.0038833561235307,-0.6019453434215203,0.11593308400560698,0.03594912617434609,-1.397332162254402,15.1125298174734,12.533488988876343
1.0956013336718762,1.8719424344186182,1.8228193926412395,-0.17942960558374565,-1.0913017126545057,0.3415375237165499,-0.6931797767887398,-1.657218674718457,18.80874865796944,13.120455503463745
1.1370103453890463,-2.6722360790580404,0.10693925304024443,-0.2986887618314986,-1.1041502427556482,0.27535718715480684,1.952468709538123,-1.6446643407323802,22.70653773660541,13.745379209518433
2.366240136673067,-0.4081205957458538,-0.156514038444576,-0.12316237024638799,-1.0729026086959665,0.15713318829073586,0.028667985328536538,-1.7240877698692891,15.920508718046758,14.224174737930298
0.8767561206388583,0.8892201812259488,-0.027582331663551507,-0.33295421088418387,-0.8752882592590838,0.1560480238393538,-0.22653573367613067,-1.6989809511419436,10.333229110881025,14.839679479598999
0.613367657810949,3.870768745498375,-0.6737190957012658,-0.40184772220011666,-0.9215674424017175,-0.04418718244524378,-0.37934470715198376,-1.7106589651292974,28.369778785882847,15.66301417350769
0.0777604312183362,-0.10274480756407645,0.24015995046939942,-0.4565048357855508,-0.5051055119993917,0.5890322866373561,-1.123762730459084,-1.5788922300227672,13.873964843341774,16.60516333580017
0.11073553259542468,0.0019310549995257276,-0.8878689057949023,-0.5020856289330915,-0.8640529424731227,0.03354061815101872,-0.06829415510807646,-1.6959480595411462,8.940879034036957,17.362642526626587
-0.5029507277097585,-0.008344324999311148,-2.107232108130227,-0.6882155133652557,-0.9110937141035835,-0.1919540922732219,0.11220760570654864,-1.6874368003213518,14.909095947584863,18.317795038223267
0.33231365994435613,-0.022154887262701095,-0.2641348361308751,-0.710705245676766,-0.9277203868362571,-0.35615341873311923,0.02950332220566576,-1.6769844264789548,11.503615090781157,19.051104068756104
0.6459250660705269,0.01691928585479996,-0.4585111092747347,-0.5939240001558401,-0.5986746410992749,2.514724052892392,0.03138065635785914,-1.6311894998287553,21.243583639486314,19.747058629989624
0.2592066778039426,0.06721486573707836,-0.5159015299503622,-0.34882427077263856,-0.8226549486772532,0.3116940826507877,-0.19085312441885272,-1.669913288694902,12.83725271428518,20.438924551010132
-1.794455659709628,-0.14519204924802764,0.007524358460330838,-0.7553436772422524,-0.772158808873141,0.06576166168642317,0.1317534709465038,-1.3907675244699012,11.48627155672604,21.050538301467896
5.12,5.12,5.12,-5.12,5.12,3.1791030034675947,3.213510771490303,-0.010159086683530383,154.20450657754373,21.854844093322754
0.007164775797967593,-0.1730330691755224,-0.1941660897689763,-0.7519387989420157,-0.7266695377095278,-0.2528999559669334,0.08370480834667315,-0.914552887714227,6.688846570235175,22.579383373260498
0.09814402059059191,-0.11996312337944381,-0.26883299603180877,-1.013824466278888,-0.7126347094880465,-0.48481968317462076,0.09123405206389723,-0.43717608119790885,8.954389253941251,23.310801029205322
0.06127531050733559,-0.04890509720413583,-0.3054591900145427,-1.6590399181552198,-0.9322396524682457,-1.000914218816975,0.27238416398116794,-0.6780000369375703,10.925630837170965,23.92327380180359
-5.12,-5.12,-5.12,-5.12,2.72769150988701,-5.12,5.12,-5.12,193.97803042372433,24.6784188747406
-0.045406920716659194,0.05021970157143407,0.058042383798852626,-0.21033123221949168,-0.5358966034913362,0.030555755351383773,0.4048984675958298,-0.4747420192805549,7.4457204455254065,25.377854585647583
-0.028040195248673072,0.03836720984617159,0.037705905275163154,-0.21450576576749736,-0.5300361286017088,0.033399331692185896,0.4054163058606788,-0.4521834934758031,7.339673188099175,26.10049080848694
-0.003448997969097256,0.030032983525344115,0.020196355353272466,-0.2386286780940292,-0.53870205971476,0.05339939337104305,0.4202003527346907,-0.44539705372013483,7.52587803865568,26.83119511604309
-5.12,-0.06022941390997261,-0.32806476590033995,-0.4650342783324666,-0.4573628834786625,-0.15384967190184806,0.2499316211180167,-0.28542302176786105,35.3240966504933,27.53288984298706
5.12,-3.216640608605018,-5.12,-5.12,5.12,-5.12,-5.12,5.12,196.53672457515816,28.36573576927185
0.2187821814926254,0.10916855833500083,0.3211372799375507,-0.30918941498679864,-0.5566774775760601,-0.09950640627269092,0.6849224124482953,-0.6336061354432792,10.467644544333538,29.206485748291016
-0.09068964651340661,-0.07050905487383297,-0.07082793014892008,-0.593062574758088,-0.6777515723932961,-0.034247595149391685,0.15459004396879994,-0.8464071144315994,6.084558366576518,29.837262868881226
5.12,5.12,5.12,-5.12,-5.12,-5.12,5.12,5.12,211.88345098062877,30.473377227783203
-5.12,-5.12,5.12,-5.12,-5.12,5.12,-5.12,-1.122894534947584,186.9425127750356,31.13998317718506
0.020815383757619266,-0.2575424462686824,-0.33126643972988035,-0.20660874434241716,-0.08458298987482049,-0.2861934138415645,-0.04439724774280407,-0.22161562749954644,5.859324190455145,31.989718914031982
0.04620954959340562,-0.26774312897792907,-0.3682793290500328,-0.1778223682499913,-0.05775848248095272,-0.3143554005853124,-0.04936376380698704,-0.09822808661205684,5.437690763772279,32.712446451187134
0.09786142147440469,-0.3671755204744338,-0.49147674177274325,-0.1522144922331954,-0.03426152451839659,-0.2925360112216753,-0.03510465555230535,0.11945028794354773,6.36819203258775,33.486218214035034
0.23702250221242238,-0.5803572558886234,-0.6527865439705876,-0.19264016981791965,-0.11132650682711187,-0.15822293072879745,0.11803423678524538,0.22850119335762287,7.792028661327702,34.30011773109436
-0.111874054753625,0.052854839280115584,-0.1112357289859709,-0.11038190840388218,0.098831818765583,-0.6822506923927341,-0.208056703962332,-0.30951957643907946,5.115803970946319,35.06222939491272
5.12,-5.12,-5.12,5.12,3.4869066712741867,5.12,5.12,5.12,199.55315565403154,35.78717923164368
-0.18273277471013394,-0.02132100776287338,-0.04025385297931372,-0.15390835567471672,0.1329718086475573,-0.8855111889952045,-0.23549266217830755,-0.27116933838049384,4.671350353838746,36.55840086936951
-0.1933148941294629,-0.07518373198524397,-0.021270783016361428,-0.10375101415418264,0.1499518987346269,-1.1830432251468634,-0.2229443310841086,-0.35850934161037173,6.093934956261625,37.20425772666931
-0.24898529754239185,0.34758540238599966,0.02430260495505454,-0.21810134909105994,0.12488660617983705,-0.7871708562290092,-0.45295179625882476,-0.0031838410326852085,7.470776171194791,37.922067403793335
-0.1487760252949455,-0.46391543046363815,-0.16256349743298504,-0.17004109306029846,0.32009559064962456,-1.1541225215261606,0.019577401980106046,-0.564965257857188,9.208539153673039,38.54289174079895
-5.12,5.12,5.12,3.9558425816817957,5.12,5.12,-3.2603222760936754,5.12,186.29403419718247,39.30790567398071
-0.3647540209818487,-0.04199618843692399,-0.0740723316428884,-0.18132196861408723,-0.37776770432626616,-0.6500111024926865,-0.47982703633604196,0.4536230597402202,10.81412817613769,40.07660412788391
0.1974541404665402,0.1002327492385966,-0.17660049226293228,-0.6874472451151732,0.7108426087702391,-0.332797456560332,0.03206311759278613,-0.49468502275606774,8.980540793506536,41.047022342681885
-0.010396478595338543,-0.0025748141078736353,0.3764737033259671,0.089955355983105,-0.20453175958909675,-1.5463519931469993,0.18167755564318,-0.7120253988960945,9.490572402047725,41.73102831840515
-0.4213937876482028,-0.5837375003365892,1.0787768366046508,-0.16013473179662085,0.260068292356193,-0.07614327390553122,0.28683357673107945,-0.08205777716793605,8.735178186588264,42.47830295562744
-5.12,5.12,-5.12,5.12,-5.12,-5.12,-5.12,-5.12,211.88345098062877,43.21230363845825
-0.5818632262357202,-1.185504880283271,-0.8588913421098647,-0.1522634330698196,0.1734773255607749,-0.5337005569134625,-0.2182613671245015,-0.12193412573811457,9.74688668025983,43.881532192230225
4.399763841632443,1.863708920867671,0.2519977468391996,-1.2457176840440822,1.0698490804183667,-5.12,-1.277708926576385,-2.501867944834213,67.37505009381093,44.59147119522095
-5.12,5.12,5.12,-5.12,-0.456649180546993,3.537476838145227,5.12,-5.12,175.57039598859592,45.31645178794861
-0.3441513264328373,0.711640852966493,-0.6089099158618163,-1.2562423801167615,0.4476015229579904,-0.1042791803699199,-0.11587847944114582,-0.013203188470821914,10.819400089532087,46.06669330596924
-5.12,-5.12,5.12,5.12,-5.12,5.12,5.12,5.12,211.88345098062877,46.76100993156433
5.040190073894933,-5.12,-5.12,-1.6137315600697337,-5.12,-4.075230436111871,-0.4357237786696082,3.5737806048569114,142.74393966658664,47.40963363647461
-1.0740755054902378,-4.093066381163928,-4.78875005446309,-0.6603095025938783,1.222583526720558,4.928292943267496,-4.138103398482985,2.0897398678161183,92.55090871777155,48.16465210914612
4.54447947384116,-4.086425160442252,4.088000918772496,2.349327405214723,1.829514580037145,0.8408039577721214,-4.883743434275675,4.697558541868767,115.9522965759341,48.81346893310547
-4.670173822193906,4.936063206270576,-5.043291959391837,2.908927195061371,4.719096351145381,4.691608139554584,3.7884603583202177,-3.931833875235685,159.32386655899631,49.433648347854614
-3.1633403517150303,-4.960249653754081,3.9152834389750177,3.5929256182539797,-2.3783825859155474,-5.031257041409421,0.26444615182590603,-4.396936870521866,120.3377182753928,50.131489276885986
-1.1355774946220785,0.21558142890046117,-0.2815067292285631,0.5837366542503437,1.377596976937193,-0.734260425169297,1.0159835160562345,0.9259621661088406,13.199399306285637,50.80231523513794
-4.86351471766511,-3.338435658166538,-4.399168012986511,4.386593870032573,1.2289571550800247,0.4419870137027564,-2.039343363854851,0.8282065119411861,88.74121656100209,51.54048538208008
-0.22560185326953253,0.6852837917400905,2.0572871712101195,0.7314426674155525,0.8615373419056596,0.21478963775767834,1.061272521489661,-0.7689859706400544,13.307117721707534,52.22939658164978
-2.759310786299662,-1.6698606242986664,-0.1986599002536682,-3.3783488274917017,-1.6467830584498055,-4.140172062943265,1.135927768856014,1.748044544584678,54.2054983986996,52.93655323982239
1.1014174382425983,0.9307326509028169,0.3896031815652581,1.190418271148591,-1.5970988123018488,-0.7914138956953449,1.1285796144020708,2.095562637255953,18.2293174941732,53.64432501792908
-3.045079135211423,4.515738982856672,-3.8698657855066516,-3.211050347389598,4.894754285677304,1.4885298672642637,-5.094494160417991,-3.9121877908485985,128.02099067203642,54.367835998535156
1.2052599340112389,-3.8424172063543516,4.337002375694754,-4.805103815839608,4.874508569926381,2.7512103994320896,-1.0960829293898042,-4.407139674393519,116.72297253129535,55.11537981033325
0.13553849861622513,1.2794602809243063,0.6560150897170312,-0.56768008445653,-0.060058877370463115,-1.194779227836583,-1.4859495629985005,2.190743847448168,19.202175658573047,56.06270956993103
-1.2960626318072292,2.3233992651852207,-1.3411381750411415,-0.729998308109093,0.18194629530470685,-0.5533094517701507,0.5277338977329036,0.8258899068464345,21.162595441404548,56.877023220062256
4.516302371229343,4.859664257037646,4.928559609948032,4.595333992299817,0.7228245459811227,-1.8340451952235632,4.087267091146569,-4.01406126799883,132.22622714647193,57.66154217720032
4.784868779852633,3.725060928719759,0.1563463246338257,-4.353383453089623,-4.536365316775374,4.850552895960706,-5.010325818380461,-1.7109200566742966,135.50163431303127,58.52749800682068
0.05036366161407635,-0.6752341242419879,0.4947827813114962,0.1776400762158401,-0.6323941259080144,-1.2560505435545646,1.3737856992585185,-0.5860594968776898,15.276364743211893,59.30698037147522
1.490310262645612,0.5687168880466631,-0.7023377065925125,0.5885024819807914,3.606012954014779,-1.2086901145317324,-0.05651076871999372,-0.36894772598820325,29.31005319663677,60.162827014923096
1.7924778033308248,-1.2632016357922216,-4.82141853773887,-5.000106598062594,1.2948809170273208,1.983771640492085,-0.17290091575829436,-4.023519761799708,79.10042215167749,61.15838003158569
-0.4521196414149866,-1.5157486827661018,-1.8776922142908523,0.5085879399410764,-0.13037137521997,0.689632034598584,0.7930439212917353,1.0290455691678888,17.13338031955412,62.05680465698242
-0.3880928330373301,-0.46924925447597143,0.5502125345879616,0.5117206285253157,0.6381310640969513,0.012995950558671865,0.4437595542908097,4.34378395643366,33.24402892642863,63.00469613075256
-0.13896355409158012,-0.17118771783863984,1.0009723573009994,-0.7316759740240073,-1.7028149461739788,0.019795229140485482,-0.4642277297577744,-0.2706482792901337,11.176002104222011,64.19108414649963
0.5365264450798373,-2.3426605156127636,0.33669899460090846,-3.520811880979722,-0.3523847423873061,-1.2487161700996219,-1.6834846178682703,-0.9888648323511005,34.81424010746883,65.35246348381042
-3.679478353291212,4.005166025505418,-4.267979495422299,-4.130496037091458,-3.0304274964119515,-3.3662033972648544,-4.995128288733084,2.93279703320833,123.55719245441,66.48898911476135
0.1454959263600104,-0.2697420268507251,2.867046048291095,0.6950222425684638,0.29436727179245725,0.9514155934815935,0.12979278270897332,0.25680008363091833,15.731185602876174,67.51635718345642
4.33787209471926,2.199373433147665,-4.707556135913672,-3.6550360810470726,-4.482771963049874,-3.0855912537776597,4.75532078344266,-4.679637176604555,142.86982720492875,68.62866568565369
-4.2776696696343155,4.191996134885671,4.443610454174297,5.093987380710533,-3.6026289374322378,-3.731339052884133,4.905241314250326,4.441590770885472,161.20206734718818,69.58986210823059
-3.3088115040536636,-3.78639115391064,2.70207694091191,4.35108053040284,3.6864972361043433,5.112752693786917,4.230357677218621,-4.3973249678771165,137.81040169395612,70.69279289245605
3.6506348674879243,-4.608899635835069,4.859638094520293,-3.884330323724314,-4.441460528589735,1.9906030082370014,4.365879501286861,-0.6728003109174168,125.51886077044335,71.77507328987122
4.858839383056227,4.58894535867218,4.204654908562779,3.849079061355215,-3.399516993501727,4.636324514238713,0.07653877467758186,3.0500258442410635,126.49860788132693,72.8885293006897
-1.4203300714713003,-0.2798375233227093,1.6175656388110795,-0.5509170602180129,0.9301994363622548,-0.014728134035827622,2.9086893241529035,-1.002610529472297,22.358326758686697,74.03311157226562
0.7345290431810305,-0.02005782135825296,-0.9345490881872367,-0.25260968881270873,0.2376939770531683,0.08926918803612605,1.5925747710211313,-1.1596820410339719,11.00152195115557,75.17747521400452
-0.6121472259539447,-0.501553206633945,-1.0723820266473014,0.6517890064793042,-0.791807874803915,0.9523908468492106,-1.2353055952733905,0.9179918184344107,13.368283842021315,76.34885764122009
0.9059130780592657,0.4619165374222458,-0.07675177582215298,0.850405826163108,0.26267747317858525,-0.009248310636502666,1.2164832347912418,-0.5124008794484904,10.10919705487666,77.60281705856323
-1.7571969561577743,0.970815500568083,-0.0030146362507323943,-2.5134133161770804,0.4570488274270721,0.5969897055941011,0.004010418273322713,1.1096199145143677,19.124312227600797,78.82352089881897
-0.7621410882375672,-1.738573553997408,1.1992411149408762,-0.5989820310977372,-1.5765512424601873,0.5662232740117137,-0.9397391397813513,1.3477356537294751,20.84907168091931,80.23041892051697
-0.6774504778952295,-1.474374337507224,0.5421414238871156,-0.4602775560107899,0.23462858407188847,0.41026148297550424,-0.058570483615601354,-1.1694474799992554,15.425281144934667,81.56869912147522
3.751493420719659,3.9056973586875037,3.979627005285386,4.926764172762275,3.8825263121865925,-4.891773798403339,-1.9431247596488808,4.291351334801161,133.7095502452496,82.82327485084534
-4.569986756095944,1.7433132345397198,4.481654414490621,-4.300903319590815,3.2296146746949494,-4.400630577485673,1.3852174998862417,-0.4341455597911139,107.01505211302165,84.08756852149963
2.858024929786863,0.3561246757119543,0.07165705209706541,0.2452448462038639,-0.49431998435002544,-0.01427615564345075,-0.373469862365428,1.3333419681373417,18.78639812262502,85.27144765853882
-0.26711152196444043,-1.1082104829013781,-0.8497453149328589,-0.6415609860118776,0.9836595190090067,0.8996499775042137,0.8644378058213125,0.7110875586008021,10.616974780477285,86.60184407234192
0.870942179389119,0.017252208151623094,-0.47706005188983536,1.6025111621357713,1.1745390015137822,2.3169453273183196,0.9061618456868432,0.4960921150034894,19.59607516932247,87.87071228027344
4.951179973133779,-4.268698081095287,-3.843665763769314,2.206874685741651,4.762897027436957,-3.1600879156611272,2.992821511370585,-4.031743215942441,124.00894267429489,89.16172909736633
-2.1326715406415504,0.12931618184636928,0.636746574602034,0.5401630781514477,0.7235172302096133,1.1550715598940302,-1.3167231297256268,0.28476014963309026,17.423879971334017,90.34907913208008
-0.909254265330266,0.4017829811058764,0.48172749585350516,0.6032938571778539,-1.934506592451775,0.9497117549802336,0.8917409630305562,1.3062493006372868,16.19545349454643,91.58456993103027
1.0365313954999582,-1.1982734846542926,-2.240877957311638,-1.043615156419297,0.5428440791409752,-0.686626726034202,0.9330426084221903,0.4170007002339098,17.424463593434346,92.92312860488892
-0.2709602064802983,0.9614069602172401,-0.25470263993462705,-1.3265899960362075,0.5332516247743229,1.087923475825062,1.3480010306975165,-0.41593532146976564,15.501770040399913,94.2593924999237
5.040069589275691,2.378598627230402,1.799113046113459,4.257127794660506,4.964114404596194,3.8705610029999855,-5.072190009704387,-2.2510478801338634,127.77937789458433,95.53099584579468
0.0031012049155325627,1.0052592321117801,-0.0949123661570459,-0.7938605632635758,0.3491443086703212,2.395932790650911,-0.24067252313424436,0.11413879569654384,13.04927164256908,96.94129705429077
0.8711292571824218,1.7972680913668686,0.021656834971472527,-0.8760137710061251,0.10687571368010484,-0.5175869895620613,0.7164847160336789,0.11349098061600582,10.541461339668084,98.46002411842346
-4.141111617310256,-4.254157475195293,-4.023598262167852,1.40313985833554,-5.111540797502621,-0.7071046570556163,4.842154442780886,-3.0363625672893413,117.90487039444915,99.93917775154114
-0.8246161903960818,-1.1266135058873465,-0.06916040302310389,1.5598974555379153,-1.15088196943111,-2.9848546084002257,0.39876330518465597,0.6244938869079837,21.976423187454607,101.39317321777344
-4.081290459700904,4.999083359007481,-4.8569182879041035,-0.9969794484061252,-4.594226637160948,4.784300006265933,0.7277026876845785,4.520372901831622,137.44400754874377,102.81088352203369
-1.4562453331169976,0.8863464860232355,-1.2016145721386748,0.2708247670044628,-0.3824291062303429,-0.8993669389060912,-0.2567071717418541,-0.929906708056933,13.417321397988921,104.12674903869629
0.5152100304301852,0.6401490445341995,1.316033679020392,0.10143650784790559,-2.68861048988454,-2.444917668889934,0.20685747904888974,0.08638201983939897,25.09840616019204,105.60579538345337
-4.750293891038975,2.4876507203701825,1.4000682432503133,2.880841397039533,-4.706106245466519,4.957481061329273,-2.0551048029161216,-4.631979638900079,119.5302714737953,107.22568273544312
-0.8594790276368904,0.17809849516511367,-1.6425470633484274,1.8451784651165823,-1.322227418671619,-0.2877922581677854,-0.5451572106862761,-0.47064170763865576,18.830104792889955,108.7732343673706
0.0031103652022173023,-0.6962304814808737,-1.512026296800237,-0.16271407616889189,-0.05073049603433599,-1.224148208767366,-0.6688023893491435,-0.24503369705263456,11.959124733702419,110.31611728668213
0.42411010104531766,0.15668004256949786,-0.4049178281906096,0.9965261931972176,-0.9942266592499971,-1.1613766708199695,-0.4259664257348934,-0.14642561872808724,10.823868634280453,112.06422400474548
0.270375075967622,-0.2550608524069391,0.6601450993160451,-0.6794722575917751,1.3769444472811418,0.5326405208369582,2.1766806555167237,0.29890244814467337,18.718524846339363,113.67172408103943
1.8961277229206965,-0.12541096538368368,-0.3467901503251092,-1.2107681808869883,0.003235998471528667,0.834905446548083,0.14389288826470903,1.3552216093508527,13.066536278160722,115.3062584400177
-0.8014076847235163,0.8614553284138253,1.5524939348065878,0.4401612868478493,0.22956979212612083,-0.33847371650760216,1.2705962364227057,-0.1680529729097202,14.748951598677845,117.02554988861084
1.9541318166851287,4.250149704765101,-2.837506451904184,-4.756061893211113,3.3186526071207636,4.28078418543087,-0.45579337755973004,4.992455972124781,114.07959361207992,118.66936945915222
-1.3157575065051352,0.2242470024516372,0.6690677752674699,0.023272299342835367,0.4760495020161297,-0.05373806222437594,0.159193686038404,-2.251887201587885,14.810424377272538,120.20283913612366
0.6037640215264339,0.8540156943406965,-0.32063318071056646,0.9465404369606736,-1.3177226684331385,1.4172335730710701,-0.7802283812897794,0.16740302898641612,14.742296583660728,121.96284627914429
-0.09916721112053217,-0.058914803578302255,0.4538106900854686,-1.241388869391277,1.9495226682909257,0.9196806815832996,-1.8969469561055603,-1.1966208116803476,15.644616610355051,123.89106011390686
0.6449294618489319,0.8348169419084934,-0.6643604650241626,-0.8274142600735113,-0.836194856287622,0.31073182947151246,0.8145731525219242,-0.8578660647928498,11.419516566776435,125.84152865409851
0.31646195377729924,-0.7925071961213597,-1.3441953368053343,0.34730091732177115,1.3025459296394137,0.11996198599996344,-0.2933731738139578,-2.1397942371231675,17.530819069422353,127.69841265678406
0.5012172602943084,2.0291542182776405,1.1627037426574676,0.2571624452027095,0.2740503242418537,-0.10393493253091357,-3.1744372212132843,0.1845599983016264,22.02347838192663,129.44290280342102
1.5032739184581878,0.5167185878094873,-0.6655012601305348,1.33503015210525,-1.4290754457885289,-1.3564969995738596,4.868382162873451,1.5119251318800666,47.473982668868445,131.29237151145935
0.029038180759630272,0.24958876449917522,0.5706901613931583,-1.8173525876601029,-0.7317192977366505,-1.220567572037221,0.04607243541123207,0.14222282891500537,11.591199085208142,132.90891242027283
0.4785789138594714,0.1620224874218259,-0.4862038479175377,-1.7231201141085108,2.298696474494947,0.7709963343252308,-1.4807284779156116,0.2538036060222195,22.412726853466065,134.82499885559082
-0.5610814799674104,-0.07269650172244724,2.142854547505924,-1.5461112337300684,-0.13229819235960338,0.9217030769797585,0.8049912039565479,0.39720162532643233,16.244302122154853,136.9464671611786
0.560603017325203,1.2984172889619456,0.5352676186051939,-0.6073926253042643,-0.38491530454336065,-1.261872947829926,0.3747433391792008,-0.022641251774129678,16.061705667829777,138.88572192192078
3.3692601456887923,0.4881840021781727,1.0281724739870501,1.1458907260512925,0.43698605296536464,0.7227504201775607,0.31900548418149555,-0.5503898496134889,25.627438704457788,141.0961799621582
-0.044859324764441766,-1.0199495432845165,-0.6838101667646468,0.44682562299147577,0.20446569992983843,1.953561986829465,-0.8050338824454943,0.2960862981273715,12.406177741113,143.23061656951904
-1.1993179361457864,2.8976756173432685,0.6558777228899908,0.9770240452828647,0.04403608930970826,0.3976966699115341,-0.47449099946309037,-0.09848430134263442,18.080126138107378,145.19301319122314
-1.287237795370182,0.19315569537632626,-0.54091980589617,0.21864860525158214,0.1273508372323704,-0.8313858627713717,-1.1963474953939284,0.15551004678133307,10.77504166229159,147.1950695514679
-1.1410913999175842,1.3329736378496042,-1.522092501476124,0.2792655648581839,0.2642652126560723,0.15537069964832728,0.27546271166829683,-0.9097591699150938,14.35546933367852,149.41808462142944
-4.26608705465042,-4.909785135938046,1.3672397732117192,-0.613184288828375,4.8016332350952995,-3.557518843445659,-5.049983155619093,4.189223837870492,131.2939860254951,151.32659649848938
0.6349108775027297,0.2236267950955071,1.5578242075652824,-0.9312654690477098,0.6200769251306282,0.4889564047115096,-0.3452630794955951,0.5508345760062969,16.555815067757784,153.6282775402069
1.3178313783442457,0.45837031832096464,0.10863131353967326,-0.29463961173947695,0.9715429326241223,0.9799126509935601,-0.3100100247775366,0.9367272491864549,11.273400528011656,155.78372168540955
5.101326765013293,-4.93220622628804,3.3242579308095985,3.798827326255508,-4.981363296215802,3.6641863524041307,-4.06428348020622,-4.935355846303909,159.06356090309376,157.7432577610016
-0.6556547528463099,-0.006836506984985391,0.050939560966043906,0.593839847674368,0.7278001500251641,-1.7888379147424889,1.2622452156229063,-4.931231178204802,36.93283940966066,159.82502102851868
0.08455412370026938,0.8423538687531824,0.20706642073590587,-0.7991064953563978,1.1608143831883941,-1.2935540829029692,-1.2711085235421682,0.12493724164161257,11.233273729598473,161.83786177635193
-0.36482795021351855,-0.054195092890301666,1.6989738404180015,0.47715113843182166,1.0908794351945756,-0.7603315888579925,-0.9358266312292791,-0.36279027792068774,13.87331079065935,163.77535009384155
-3.571118444338325,3.6738044834394943,4.164267815956582,-5.112315480628358,-4.775897202596366,-0.7163614726836354,-2.991215173106238,4.208929919211045,126.59389203390604,165.806969165802
-0.7459464739573534,0.4991598668378199,-1.264173088970547,0.7864605396131541,1.6230073892739405,0.03014472723824113,0.8440421923736423,-0.37999982778631747,15.307076086113172,167.67937684059143
-0.503890731780051,-0.5356117067731487,1.2429651641652928,-0.3280492785960032,0.2966313130884579,1.8366894907471405,-0.8797142262935918,0.23558672416750603,15.838237405258392,169.5544490814209
0.24617835112495978,1.0174002345019817,0.647077327160873,0.2368894853136707,0.709534174153374,-0.25911963950153893,-0.7211198004916675,-1.2505372571483737,12.219825362379634,171.9269917011261
0.26662290828070034,0.7002736370289355,0.0458062923358602,-1.8919445018104564,-0.2381826060873129,-0.49542135183585323,-1.3187022687097096,-0.22703312858993296,14.110227302353922,174.29244446754456
-0.26235645825660203,-0.9947653775634286,-3.259424964052158,-0.36802758179767014,0.7480884775461547,-1.0719517681540776,-0.045324365163637914,0.8718128721239076,19.561202457177746,176.41330862045288
1.1963300003978006,-0.06053492395919413,-0.6728270639911242,-0.6979589065057246,-0.8479279998849458,0.5617980176636692,-1.6797757505623414,1.2137602683046165,15.781746038579975,178.3118224143982
0.814813650043936,0.29246626479340154,-2.291350744642005,0.06888630777770022,-0.3823723504344585,-0.8234134178418273,1.4802750209114208,-0.3986808002128326,18.4860348627277,180.78093028068542
3.7564237552166455,-0.9742152165782088,-3.105130967818582,0.20474603985914452,-0.007241590411968701,5.0419087478234355,4.130064493072502,-5.085359291031619,95.47701456169418,182.78671383857727
2.575300329193893,-0.4363823100897779,-0.40641311841872874,-1.1308012624838581,0.3229990782273102,0.2731539343488798,0.5654377480071879,0.15304658010407035,19.683244248100667,185.0432529449463
-0.997133266907043,1.7166859751918802,0.9199825158192754,1.0410472478963957,-0.8382044909512958,0.015716029583684232,-0.07278388393108948,0.26595245386952193,9.696497273367887,187.20438742637634
0.42907747765603865,-1.3505775377366223,-0.9158572657826873,-0.9911609647270927,0.5053115092735645,-0.19382260474238855,0.023520163356465673,-0.2479829376412246,11.467429547471372,189.2599139213562
-1.229809265976976,-0.2767366697256959,0.08166940262320388,-0.42490526846662036,-2.6156808526865296,0.42405334596575717,-0.15998971027250874,-0.028310027995569698,16.999907901696186,191.35769844055176
-1.4832371890678298,-0.7357874586509157,-0.5882676320319256,-0.2624798272686659,-0.07370081167201725,0.8505614938957429,0.15606280527571226,-0.34410539906727067,12.555623079115406,193.81804943084717
-0.1984808051173097,-0.4002438388629086,-1.1988135305906225,1.5257497620932927,-0.3084200933095209,1.5889715649902225,0.4859240534042657,-0.6669039971901896,19.12961958219214,196.18889927864075
-3.1225131125313697,-4.297948861220326,-3.278196058648767,4.689733599425456,4.073183261491134,-5.0892721477878275,3.3170642473161562,3.7038674090732053,135.25220198824815,198.56162238121033
-1.0841700302731203,-0.9530012344170666,-0.8434790287687042,0.8153199734232182,-0.923898210533598,0.7014425312689285,1.2854935391789688,0.4067821468256394,12.317202292372155,201.28282833099365
1.5978621714525358,0.3782373092494353,-0.9931318664601694,0.1690121983582431,-0.23881651312134622,0.8715461810735645,-0.8256333898599584,-0.36924829366322776,12.859430245142374,203.5920696258545
-0.3286372925306571,-0.9506131232958088,0.4403888331259944,0.5082947999710488,-0.3338292978262736,1.1427069228883537,0.7792589927981899,0.255307001657453,12.733931116681243,205.93082404136658
0.8529810211742177,-0.7047600291196003,-0.5310143146247661,0.060957733668831615,0.3241488609051091,1.2869348553920625,-0.9633032557939272,-0.07648154987516609,10.75509730736865,208.19849109649658
0.010716271026318225,0.600293561621303,-0.42284163071453573,0.7553890975981741,0.17439304348861473,-1.3656484381634773,-0.8378950488765922,-1.0891889099507273,12.390111688650624,210.740163564682
-1.057947323523691,1.336848337686586,-0.12197835262730639,0.45569570873606935,0.0887584637048704,0.7536167397439213,1.7225387351641697,-1.2506122177634187,15.365928306140072,213.26115036010742
-0.4457219941492836,0.6105039171200648,-0.9403494350026884,0.8969081412682991,-0.7946263808216143,0.5021457592502694,1.2281176910360943,0.05609569023737748,12.285544526041024,215.67309522628784
4.0405403272642735,-2.786152539001666,3.70502285743163,5.052706541732239,-4.740433336979349,-5.058913893469692,-0.9591542045631378,2.309785242922466,122.33273125259166,217.85828232765198
-1.112287118420209,1.1112272254358082,-0.3203960415824527,-0.4582645806399297,0.4975600464294736,-1.2225982655208134,-0.5880825185678278,1.280412172423377,16.24848004005733,220.44520163536072
-0.5454299700462419,0.4272886737064736,-1.2862257258117715,0.3508239771451045,-1.074214161050703,-0.20574997617366186,-1.3087243334002343,1.2348259983483665,16.463708439525575,222.79803323745728
-0.13619577718398812,0.19241748512929568,-0.32518016880795564,0.19243435877605553,-0.9526955734259879,-1.012855059170156,1.581424957667111,-0.5896627278710458,11.83650558830018,225.0729079246521
-1.1549111953808633,0.9116776963380051,0.1153023819224952,1.0892409167789774,0.053540147070102684,1.4156744905130845,-0.9941656570530473,-0.5271671514324829,11.534868619697228,227.69133472442627
-1.4682172892880594,-0.297751764923321,-0.6965072434419497,-0.4883641612072589,-0.7304655784677045,-0.264302380398882,0.9103469129358652,-0.6657930847313391,15.31763359947836,230.03336691856384
-1.1301867200368245,-4.287585409065823,-1.2885594723116989,-0.2377257761118905,0.873972245599699,0.6039453748960399,0.4623823502158224,-0.5757957991086267,32.71726506244118,232.7678143978119
-4.273022208423608,4.153112941545259,-2.8851179695657683,-4.617088859155602,1.8613291090322148,-0.5157732374496709,4.916613851189541,1.4724109831607892,103.25361029338563,235.53265285491943
0.37250181277726035,0.6182415501669842,-1.010817962388601,-1.4324669257069145,-0.05881049011303041,-1.012166389827895,-0.3119444929194355,0.8924023170145032,12.532189086412384,238.5324490070343
-0.6422257769610153,1.0961861154153976,-0.11067700483745657,1.5233459570784058,0.009297465750733203,0.2036024796067526,1.2846522463402197,0.6884315704604775,13.445476657992408,241.35624265670776
-0.3086055095247664,-0.5088164898289618,-0.8462963698473445,-0.30250409141747614,-0.9900298264714866,-0.9264913133694641,-0.8474112280586681,-0.7473942306060737,10.9392404217721,244.4414520263672
0.8561845379057438,-1.5063970520989693,-0.9859338531958555,0.8031791580465075,0.14089774124104082,-0.11619190961145787,-1.6726295662531294,-0.02603880468605091,12.609898308248628,247.34397101402283
