4.775141467025246,1.910389496145915,-2.9334841097649154,-1.0504646794113288,47.49007267407423,0.3297898769378662
4.047395555083225,1.8572246441750249,-2.9403117439648123,-1.019147810278552,34.483343629221906,0.5644469261169434
1.512243831188603,0.7352877623011089,-0.9371034328467998,-0.3754971691069908,52.604085545322434,0.7261698246002197
-2.767275499164147,4.909515101538715,-4.800879209937654,-0.9503251867745517,73.54295461368442,0.9103002548217773
3.276197423102764,2.077076355644821,-5.12,-0.2822106669968498,68.85066952964586,1.0831513404846191
4.44152789198579,-1.0836088060193347,-1.954457858516991,-1.3124664715751595,61.356451184628554,1.2939562797546387
-4.184701417388637,0.5492193991037615,3.4914041308059707,0.8405687582232249,80.84375580635809,1.5311279296875
-4.568151821902429,1.1164369927223596,-1.5248672794970366,-1.1282220783465653,70.32026309017563,1.9614677429199219
4.020883332887583,1.8551910381512036,-1.5479368944527905,-1.0171032775548552,46.59476411167625,2.4103195667266846
4.083221130778365,1.8123657439146657,-5.12,-0.4940755068904954,76.63644478213408,2.8769021034240723
5.12,1.2089338737730886,-2.3140414680912627,-0.6936134236762816,71.05575202037784,3.403176784515381
5.12,0.9270758609437246,-5.12,-1.0067349476958176,60.76284488375087,4.021814584732056
5.12,2.4219808769438727,-4.475795484446724,-0.9608465074726293,94.75468005556783,4.384846210479736
0.6154409099928451,2.4940835040073592,-2.9725071021572096,-0.9508451082201788,54.43696782199637,4.748349666595459
5.12,0.5338261302215486,-2.9179009650720453,-1.6443703358834556,77.66428891377376,5.117379665374756
-0.38981138570163054,1.7693548680544344,-2.993956944160318,0.31696860298131124,52.92318059032962,5.584221363067627
4.0168033533770595,1.8555193736732338,-2.930351732767396,-1.2774027031095394,46.352849770152105,6.069926023483276
5.12,2.0413337330492265,-2.7946923446391323,1.001110271772494,49.468533371882906,6.471256971359253
2.596959471246122,2.3732406378722395,-1.926795556518992,-1.761144300225073,64.7237290053485,6.97698450088501
5.12,1.9568558510750425,-1.1416114850894883,-2.203093525773922,50.075443785433585,7.48567271232605
-2.9095526190253644,-3.1263794918381373,3.0561253010105185,2.650737561934749,55.62403437796556,8.090035915374756
-1.4863046758431229,-2.074218462525216,2.551435343896146,-1.5526413339747722,75.40303308098791,8.592454195022583
-3.903220537183974,-2.271947709526517,3.4212975527182055,-1.8476759672297622,71.72622039845437,9.13465166091919
5.12,2.827064684908505,-1.410976206529539,3.8130192207502374,83.41090164829846,9.568479061126709
-3.8881554800050138,-2.2875282602096236,3.1111497287847074,3.1983279525439494,64.11573241320664,10.116138696670532
5.12,1.9812190293979839,-3.1261833896016644,-0.25812203242907206,56.25094113214072,10.583462953567505
-0.8022393702598967,2.0011933187630486,-2.7423562383531923,-2.0998529864781936,35.73935835716374,11.120526790618896
-4.199527423168475,1.921229846158674,-2.589123073597857,-2.3349246423122647,75.12317109589881,11.665436029434204
-1.163974024895249,2.005969730790696,-2.830174150673799,-2.8457770749221156,35.860050475711915,12.129364490509033
-1.0367768185261905,2.13691651873103,-2.655662998538466,-2.6629373102091356,54.31644801932187,12.60731029510498
-1.0396043729524829,1.9452495648729675,-2.8945992901333857,-4.7958589157215386,46.409861230727145,13.238518714904785
0.6540003065200004,1.981446696145042,-2.80451910577079,0.17824725282041332,40.275376492444515,13.669096946716309
1.9479444542024194,1.834315233422819,-2.147480977156,-4.834483528779734,49.552295920747326,14.071971654891968
-0.3153367689469553,2.066057594604409,-4.05527603464823,3.8376361746146523,55.74548524949196,14.502330541610718
0.048114571898834946,1.9216685173486283,-1.1750411230607192,4.899387350199066,38.115162310836865,14.901310682296753
0.2690204388415749,1.8999212254054694,-0.43952208496422784,-2.9889180645870006,45.22477109905863,15.338505029678345
1.3232768490304627,1.5397317042990402,0.5331190270911295,4.8652150250033275,85.37057103024465,15.831420183181763
-0.16000648674403806,1.986021583579932,-1.823302587309263,3.5762147173248495,49.19478370755643,16.306522607803345
1.9960049670261144,2.0063605079744526,-1.5178372820006865,-4.81444878967217,59.50099209811426,16.865933656692505
-1.111919165450602,1.9469341039329064,-1.2184500698010932,-5.054416551082068,43.591131759132466,17.426822185516357
-1.0909910052410057,2.0659373337051488,1.3990320433390409,4.629899174947986,66.19222644154364,17.92861294746399
5.12,1.7677864873817892,-1.7965753560142326,-0.12565609979946046,54.25133889655547,18.476412773132324
-0.25815050461776057,0.7535701579595102,-4.883028882399862,3.731338959458145,72.44014615618457,19.123835802078247
-5.12,-3.3837646941458037,5.12,-1.6099966390983407,107.04620368436419,19.69558358192444
-0.3900718010769184,2.0237618989444446,-2.918496368506454,-2.8899329685064656,42.516745998698894,20.230894804000854
-0.7862356102300598,1.6119230719130186,-1.418117754881492,-4.251839714111357,77.49715206518769,20.814324140548706
0.11629565569459732,1.91177490473176,-2.6052626074410528,1.8668712534460248,39.18204745461213,21.41769003868103
-3.0613497175158506,-2.9359106438924023,1.0034400527699345,4.3867712723117185,57.35233526196885,21.976980447769165
2.77129444059858,0.8300134169032098,2.509074065259365,-3.409753038782486,78.55731342922296,22.51218056678772
-2.904011423106706,2.5576456644810355,-4.153814913973403,-4.83215474062945,86.07620529389166,23.105993270874023
-0.6843029434211312,-2.9633914842331412,4.035946160661335,4.645802575838373,77.74043632809423,23.752256155014038
-0.23388864976936574,1.9104899350620794,-2.2522780004050356,-3.754598128962426,53.25838453756256,24.41641592979431
1.2396207472742171,1.9799409940693105,-2.6497272513863077,5.12,66.72193523748747,25.10217785835266
3.752252506275169,1.9125362846072633,1.131873364405732,-4.34914576218368,68.33943430499315,25.65571904182434
-0.9021108159915592,1.9380730172018756,-2.0580463477212096,1.5320664941866564,34.18825214554845,26.290717601776123
-0.7017926051073147,1.9128416235251056,-1.545264034256062,1.9910332466797875,44.56295095789204,26.957379579544067
-4.132864051955694,-3.009855452142255,-4.317340417526944,2.114086749446999,69.1216326787783,27.55266571044922
-0.8098789546765053,3.6893390599558176,5.12,4.675099737963081,99.62837078961809,28.13873863220215
5.12,-0.7992588524486912,4.544032421854099,-4.164054417128871,98.98351760667931,28.752412796020508
5.12,3.8534085277815118,-1.7134866704082872,-1.4874861278286806,85.1156014501698,29.393255949020386
-4.360150291367237,-1.8715549817397,5.12,-0.16580106607023648,75.88395364020145,30.04275870323181
0.6452183595308405,0.41027790811162035,-0.5080163676657063,-2.9242996966573758,65.06240563155058,30.64675784111023
5.12,-1.4648237258516348,-5.12,1.4152171031123633,100.36907709730161,31.325795650482178
-1.480011871505714,1.989942464493967,-2.215300933289186,1.2423862451413008,49.90140921113543,31.985108375549316
1.7498903468921423,-5.12,5.12,-4.568596863065759,110.87596650880698,32.63994765281677
3.4862335391335266,-0.6010744064813105,-5.12,-2.3046455314705185,98.13055586782677,33.25308537483215
-5.12,-5.12,-5.12,-4.660833898969439,123.81146949960446,33.81417727470398
-5.12,5.12,5.12,-4.299214285754928,118.30056548424284,34.464282751083374
2.5929068843921685,-0.6532410297712694,-0.004085305005898654,3.6091392696837685,71.97448687455876,35.16515040397644
5.12,2.5171838331383576,5.12,-2.6920040026001377,104.93818111344041,35.77757287025452
-5.12,2.300413646186122,-0.799225328228589,4.100283571726796,73.65905467366139,36.30796980857849
5.12,5.12,-5.12,-4.969953287660433,111.65225474311956,36.983949422836304
-5.12,-2.6278466462774497,-0.05310604711138733,4.512702572653143,93.66078293661775,37.79947519302368
-0.3047061071559245,2.1766705715046637,-1.3090467772677052,-5.12,68.01841800406328,38.48170733451843
3.871210268077397,0.0005174942772043778,4.953792207783921,1.1772345248355371,50.015701131219004,39.43600344657898
1.1176776001687134,-0.04585225782363356,5.12,1.8555936530768404,40.484090506295075,40.189433336257935
-1.8448878431624216,-0.1550066623954498,-0.9375417414920681,-0.4814041824619997,33.9949011377219,40.85309100151062
-4.882820085543268,-0.15701470027565279,-3.826376458026121,-0.5583827947975486,70.61191091810608,41.6293249130249
-1.0849068763532328,-0.1367158552687684,0.5322408538204195,-1.2999403596993413,40.90869886358577,42.38599109649658
-1.717765681266068,-0.22262080111889748,0.5562122174590991,3.4159037600190603,73.29668181445842,43.045382022857666
-4.813057154046805,0.09153514176852084,-4.157804786596308,3.7634209008727,76.05774540902694,43.797396659851074
-1.297170534560911,-0.10669020471058932,-0.9627553043147596,-2.9110628627407666,27.973508733003914,44.635356426239014
-1.1425557236196773,-0.09157397159789582,-1.2033194489874983,-3.8359648417227303,34.80319928025612,45.47964024543762
-1.8995623559942283,-0.09573389336826565,-0.45074973749056824,-4.55989035034257,67.11981721866664,46.286956787109375
0.4681512600273603,0.9449988155784741,-0.05767297018605877,0.0687860948065735,23.080832481354435,47.05980825424194
-2.6534927259430754,5.12,-5.12,5.12,109.51407388577101,47.776055097579956
0.48848218710255686,0.9186935557326548,0.342824060660317,0.2567995334263484,48.451018065579724,48.74894905090332
0.4637163674958602,0.9068477412221174,0.28467712786524757,0.22603627446694574,43.23691988888888,49.555255651474
-5.12,-5.12,5.12,5.12,115.69885490314357,50.3822717666626
2.8571917777907663,-0.2353312967978356,-1.7792788836217484,0.7488642987790115,43.02996843266215,51.20589280128479
5.088507658778629,-0.0041641237789118435,-1.788268057475081,4.600234380490156,77.46341287488923,52.010130882263184
-0.0060954938473756215,-0.33400738104390104,-0.6011342113963138,0.07623491377057423,34.696243265659675,52.76098275184631
-0.03245405632714693,-0.4003773431234645,-0.6562127907943918,0.05214208924700525,34.99549142148187,53.460514307022095
0.420684795227106,0.8084385999281096,0.5773966107453683,0.30750331203520176,58.82799158897784,54.32594966888428
5.12,0.85325379125414,5.12,5.12,91.46017369422765,55.02725577354431
-0.4736924068067099,-1.1005721567630697,-1.6105738796500333,-0.5563564457603629,63.195529613825514,55.75614881515503
5.002452437038598,-5.078812741830523,4.793510909566661,1.6501010722578053,100.89464716092037,56.66767621040344
0.027429974673030877,1.7784847174254637,0.40896896928696513,-0.44588346222836694,49.73362765328077,57.396323680877686
4.174916491957396,5.107135835058247,-4.967842972067051,4.614087974332667,114.86117439581213,58.1974401473999
0.11109141276985923,1.9874485145078449,0.23994151105780048,0.37248636216547215,32.85539168754115,59.11406397819519
-5.027899924290023,4.9015775161102395,-4.24861685215968,-4.834229504359797,107.5953967218208,59.85863208770752
0.5266637141426465,1.480277904745062,0.4490626652744041,0.45194540568333164,81.69764783129212,60.696353912353516
-1.143919500823841,-0.39000772492801783,-1.4334505204726704,-4.853607146179112,71.67457116873126,61.606465339660645
-4.676712577918991,4.2839702922706495,4.165200033162384,3.2472743921609295,109.42890039111275,62.521844148635864
-0.45946392880013587,0.22386067117033193,-4.419884760377752,-1.1574813753544801,72.44712663430043,63.468379735946655
0.12073904781092537,4.6713425165562255,-1.0938200945913525,-0.15510475456748818,46.61450839802299,64.31703519821167
-0.4588477782647953,-4.985419406521087,-4.922834338018403,5.008185081198616,95.25642722259997,65.16737866401672
-0.2846311670681878,-4.979900915283363,0.11960099436871019,-0.43542323653143544,59.20402116831744,66.14973211288452
0.018837290207183166,5.0970264795483,-0.5458861352423172,-1.457501702141355,69.50658660553641,67.05407786369324
0.08699661734896047,-1.4579842455651573,-0.41726132090691337,0.20499336648720856,49.34865295990333,68.02409625053406
4.910928590287809,4.748974740218537,4.096450156835766,5.042343824078178,102.59872895397285,68.93103218078613
-0.2629863201492757,-0.5857900673068874,-1.880290124861936,0.20706322293179813,43.42042798703056,69.80292010307312
-1.3955329600835493,-4.964203858242536,-0.532300064711194,-0.2228609757413027,73.19556361102762,70.76708769798279
0.8318372134168479,0.28795511817061303,1.4730501583699773,0.09266202732665096,41.90171132406913,71.72671270370483
4.9526823256598265,-4.952305661521003,-0.9169446645900257,-4.965266886025746,77.00164507788264,72.65979790687561
-4.886988120608877,-4.7932286967992335,0.5507645066308893,-4.985504718344684,101.2873529347782,73.57839226722717
-1.0799680003789733,5.0522203083738075,-0.9415985033061949,0.27338803675086876,41.55200496245831,74.55662035942078
0.20178989151971827,5.018799271544121,-1.4066640708836662,0.35596354310787337,68.92705705206419,75.55166244506836
-0.7104273028491317,0.33515702280349124,-1.6104370611330165,0.49214261997812603,68.68795271939445,76.6793007850647
3.2710006621062027,-5.040678575954827,5.082064940239687,4.773079008242193,106.21325105020418,77.8112211227417
1.163484627152945,-0.3163328656692661,2.0072927002745606,0.7959201420461328,32.15765001560894,78.81139302253723
1.1775404621141483,-0.8913896032087827,1.3710474396419388,-0.36071224586592887,45.33541602030048,79.84023213386536
1.1277778193779477,0.018433100684983827,1.4677850917678503,0.6190235479298574,44.05761102161454,80.90786504745483
-0.8400370773043662,1.9720174262168255,0.3250676188888466,-0.21260081464944935,31.75470969730882,82.12452960014343
-1.3604206166792818,1.879521995562932,0.8983347754010023,-0.49145841973784066,47.514744195357935,83.23317670822144
1.440786319109261,-1.478867467183715,0.8859405419737634,-0.44133688474454935,66.25869740602957,84.31468272209167
0.9221456336644405,2.4718277426608006,-0.23506460705070342,0.8789974619523733,40.62124131433606,85.46353888511658
-0.27478086419493675,-0.10537757778460488,5.0278877440286935,0.2708444222512991,50.56245477303976,86.49309730529785
-0.9466461411216844,2.0930362986171964,0.939612165250912,-0.7606220213945525,18.99981866986415,87.55967998504639
5.013275251444132,-4.78702932575944,-5.074953226002864,-3.0082840897998353,91.68472548164576,88.6207582950592
-1.861819877013358,0.44004719004100856,5.016138312881313,-5.053423555219455,77.80514525246727,89.78006410598755
0.5034684510743981,4.785474624538646,5.053298439532839,-5.095820427481731,104.75835258394027,90.97083735466003
1.2703418250543086,-5.095204944857283,-4.789109075667026,-5.059747564191711,97.38633718795333,92.09816646575928
4.978639391600139,-5.038331315266938,-5.0957328096429455,3.8955744288864382,95.52372503431616,93.22455263137817
-1.4522063533820342,2.146263831998893,1.1264893289918776,-0.3634120603523776,51.13611411252467,94.50436496734619
-0.17561990899578106,1.2729138210434119,5.069492920863939,0.5026051863894088,65.4699758725925,95.88704466819763
-4.869415185846081,-4.977951242087368,-4.1632009698361765,4.698974416936715,109.14498375842453,97.1797468662262
-5.119160110663073,5.070452915033061,-1.61997602219905,1.2539519887303854,87.28918699159479,98.57044720649719
-4.971369733893762,0.7079821225700593,1.0881003620330514,-4.833592388750855,69.01347679900928,99.8692409992218
5.065067704106048,-4.710730353229338,4.423828774142257,-4.957999648847836,124.48708633122274,101.14412498474121
0.8814698181297107,5.030996116615955,-0.5433894880280832,-5.028296057554469,74.2917042243586,102.51657390594482
-0.8304333547017153,0.06135016234802748,4.670007114184011,4.953366193033314,68.1739591634212,103.80412721633911
-1.7267455952373219,2.0791542546170225,1.7137293232971569,-0.6792897315325659,49.9276251436674,105.059494972229
0.5254560676841278,4.820308395415981,-5.048568494438889,-5.108986388386186,103.41475927533432,106.3364405632019
1.2421230944779538,5.098204921625949,-0.03993208386783387,4.6388127003926245,77.14872385573426,107.64295434951782
-4.782664192527449,-5.063341329383603,5.05056356646691,-4.587656283833507,122.83137736767885,108.95221781730652
-4.74072736823025,4.985987487889786,0.9315020360312225,-5.048278374253483,85.67691232934355,110.34333896636963
-4.613563163948546,0.27255688376058984,-0.004716926826447754,-0.15542123945299746,54.76195581522016,111.86790323257446
1.114090287791238,1.9676041431637055,1.4046560576520646,0.7281002546680604,39.91381413772673,113.24743366241455
-4.99322745321574,1.0816649940738126,4.551205782464645,5.057007662431405,93.80753366889067,114.65972781181335
-0.7737004346311336,2.2732994199104715,1.0325664663967338,-1.1604863979752147,33.03068288683041,116.00350666046143
1.022302786141715,2.027158073498766,1.1382481555260018,0.7895463125131075,18.39878388399829,117.43618488311768
1.6000782307270152,2.317474301613263,1.2317038086963468,0.6395492416537367,67.30699020453687,118.96272492408752
-4.845177441634068,-0.3086169535158012,-5.066018326185018,-5.069148684544387,94.6791945705047,120.37293839454651
-4.875557655497347,4.965836480334123,-4.818965904239319,4.964645061706666,105.48123764237283,121.74626564979553
0.5268603619519077,-5.071501225058187,0.637850540643818,0.6788916795670135,78.51408618854673,123.29632019996643
5.117988152741371,-0.34504121715131664,-3.9690979738703307,-5.093805563450571,88.13594086105651,124.75600218772888
5.085509723582422,4.6046878782021805,2.8881520055070764,-5.031080526956325,102.60070834120646,126.32741403579712
-2.159667586725636,1.7538304943417016,1.0786156106586704,-0.6932067762770782,38.45602089576778,127.8316535949707
-5.023795042168169,0.6364573700015717,0.17029239526915863,-0.7821797378634301,56.130517029540805,129.39133024215698
5.039654583479366,0.6814731000436396,-5.0269705391009625,5.063714248502378,92.19072686924218,131.06119751930237
-0.17080660207220522,-0.11954538180928242,5.084966828260655,0.079756833743855,36.44554282685456,132.62156534194946
0.9852545795725636,-1.5347024579921476,5.085343580110371,1.6601755635585294,68.50159676210382,134.18786525726318
-0.8243938604925516,1.3262826412621846,2.2460387717860044,-1.4765318200732187,59.41172908144182,135.70785403251648
0.8708209324146283,-1.3214134114601772,1.0604448062135328,-5.084905876898681,49.04240267753266,137.20461106300354
4.749747303088657,-0.5179023680577792,1.8522744854721536,0.2604767656480087,70.94470636060231,139.1071925163269
4.927783903061898,5.056103576237821,4.8263909460095755,4.225987285892827,106.50640636012398,140.7808117866516
-0.06008477439987825,-1.4466378617718516,-2.3068651278286545,-0.6675182071593282,56.46194250463017,142.34014010429382
-1.5165330513006943,2.7849106366671563,0.19772475469686945,-0.45279736218182887,64.40745753173886,143.91817474365234
-1.0798290985101913,0.9611387085977379,-5.051162255997144,0.029774402638485853,29.82006970331068,145.6125283241272
-0.976569671686498,0.04519470395735237,-4.936449698740466,-0.5862655125358698,45.529958227977254,147.24864315986633
0.024581695693917993,2.0894945240021956,-5.096580607493403,-0.04441306063088213,34.174745518944206,148.98186230659485
-0.3179044035699006,-0.6009997702057284,-5.109422582583307,0.4833820546935623,81.21082813369725,150.64468479156494
-4.8518707092414095,1.3817411109869724,5.050202295063891,-5.028021121944711,98.27495669199871,152.42843747138977
1.4151268347867338,4.667235148160768,-4.9454928678293895,0.8916229671823972,85.43008424963311,154.367502450943
0.023324327199114592,-1.2456971937038155,4.931762965738522,5.098211364095847,64.45263113723452,156.24430751800537
-5.025464410366487,2.176373440453002,-4.839434479575878,-0.9751503808253972,64.82122477569885,158.0730938911438
0.5723342155242026,1.5389823329827887,5.110355846242256,-0.3795266291997894,87.220631534609,159.94879794120789
0.3963933069065204,-0.5374983654654342,-4.870849919937668,-5.051837178765593,91.01233302893424,161.94905400276184
-2.0069578524191214,0.0607718938124302,-0.4393767855226427,1.3110370764092378,39.69822728020995,163.80578899383545
-4.429661088203652,4.954495472538004,5.106640280596724,4.682639685654654,127.8881295340806,165.83284950256348
-1.9315019363038952,2.2682658655349144,-1.533471239085821,0.24808532543914197,53.00529407922461,167.80824899673462
-0.4005178153011908,-4.973869962006244,-0.36143635133858787,4.988633906710354,84.62963194310001,169.81135177612305
-0.8731997671032898,-0.80307489642344,0.3058124691654198,1.3877249179449542,44.21134250562818,171.80003571510315
4.966243170702698,-0.42438724897639446,4.797670728602374,5.096681680436832,101.79248755849291,174.0027301311493
0.4433516029141167,-5.014679453702986,-4.912126272740203,-0.5353611757425174,90.41497514207747,176.16760182380676
0.27516794859446136,-1.7112734442370043,0.47499605557978075,-1.6927309041703786,63.47723853543987,178.32711553573608
0.7861422993526546,2.8200943383490076,-0.519991230642125,0.045582604236659385,42.65740136170696,180.39067888259888
4.718999523384556,4.98332645440875,-4.941586585519533,4.714288726046125,118.62767046981818,182.3121476173401
-0.5277543826346438,-0.8236412190611624,-4.85824615627852,5.065399384934277,80.14590037989004,184.27680587768555
-5.05962205467631,4.599657028182173,-5.054521896698544,-0.4911658104596519,111.90805069517756,186.25178742408752
