-1.9681747929375235,-1.6885873759958492,0.3080214829326815,2.4490984520501087,4.176029742001833,1.3905995726318432,-4.792849115892132,-2.466429137600348,70.9843250694675,0.6618127822875977
0.3014542341040132,-1.0978012305238494,-2.1249414183049713,5.072090118081088,-4.795890643629637,-1.661349578118906,2.274904370766145,1.1255222805322251,69.32961147141718,1.237015724182129
-1.545235851261416,-1.359323589817898,-0.01985725174816899,3.060765651352054,5.12,2.0187379458766035,1.316441280758049,3.7576688198696013,66.05602245712791,1.791795015335083
0.8944302781941937,-4.52496803918305,0.08721468635630103,1.3857378728166667,-1.6013535622009392,-2.962485939758753,-5.009144323626601,5.12,92.05347850682834,2.6355128288269043
-2.552288128180442,-0.5205264203804516,-0.2889163959778269,3.799988164283797,-2.9366973971735404,0.8220297713314384,0.8932705739875049,2.6789080741159763,46.743570902924404,3.3855321407318115
1.7381712615955367,-0.7427934459430352,0.023743860352315238,2.7281399360079197,-1.4383225492679559,-1.4850208531950124,2.3200641511198716,1.7670881676930836,33.303596490002946,3.994924306869507
-4.785205080409253,-0.665141486803698,0.018404441157882978,5.12,-1.5778636829479855,-0.3736450426854976,2.857635114693174,-1.040646917294393,67.9905000408391,4.6536641120910645
3.614843365056834,-0.4756795838030863,-0.21315394731687132,-4.080600067985859,-4.66910488210786,-4.536309099451071,3.6302893331999515,2.1714713777553403,100.56855405662101,5.267713308334351
2.416764532983893,-0.603396531416192,0.04538550341093561,3.6785869664203306,-3.8652326447316723,-0.005449556150709078,1.1713176040374993,1.6764940601067106,46.30767593412729,5.9933021068573
0.16407975809813724,-0.6613036814750846,-0.2035963245430219,3.3509410329394944,-0.36159582248089883,-1.8630505548878848,-0.5080124543413325,2.301991534678341,30.526113843509666,6.733421087265015
-4.08976671896422,-0.5375832163166958,-0.6600506873473275,3.232819720357239,-0.038236671814385836,-3.6159933534190207,4.336560753326514,1.4005301959739782,71.40416584733589,7.584106922149658
1.3288982521028654,-0.6120331414378866,-0.2066735265961297,2.754619249053646,-0.8050365889672948,-1.2416989050060572,-0.5901690283982868,-0.14937843616148871,21.133525844867325,8.34403920173645
1.6427608842964947,-0.3769859123877817,-0.30404387066887484,2.41109160444665,-1.0010145083542303,3.4594494128379987,0.07658173143351643,1.746278115980342,34.39732905584627,9.027771234512329
1.8955178675094162,-0.4020524764945268,-0.2994080020125498,2.496208955520358,-0.8716160140280147,-2.403596096467752,0.7641265352856781,-1.1030117834124216,26.98621358095574,9.660851001739502
2.372806676484787,-0.6165206324065533,-0.1585296906907816,2.6823373800578683,-0.7137608512422338,-5.12,-4.062347333550084,-4.132111277842883,80.73883698523397,10.332884311676025
3.8901969037073885,-3.812532707347218,-0.837698125501273,0.4074936916190621,-1.7966935623387723,-4.266219773304645,-0.334616076917416,0.7788140732883706,59.98158530365266,10.98542833328247
1.5505629135568926,-0.751259404001134,-1.3394958606395155,5.12,-1.281760249617375,-0.9992309288726462,0.10115460899615947,0.41681095582035255,41.808838373256016,11.663632154464722
0.5150198837670406,-0.8612725613438519,-0.07520851254065164,2.685957052554988,-0.6719764259160703,-3.5629583900253845,0.1902713882089584,0.28505305963798033,30.58947572760673,12.351143598556519
1.1798778863405301,-1.0434117231989406,-0.43972285696901814,2.155027870261214,-1.2740925922314612,-0.4922219664784304,0.013122859069754078,-2.808562805834668,23.843095429417904,12.993146181106567
1.4782815170327694,-0.2744001294956293,-0.05024661144833953,2.8752423593429057,-1.2782992262116317,-0.4119413571178292,-0.040300815434265225,-2.6152789974445536,27.468376983633362,13.607831478118896
1.2308516153130622,-0.8857115535197879,-0.49353032208470893,2.089464343436645,-0.9979501647183877,-0.408874487362322,-0.03975374592502945,0.19074438493429824,13.897786978750888,14.183556318283081
-0.12285765425395212,-0.5483511553058209,-0.49052880041061364,0.7057439528179792,-0.9661685749083775,-0.04006854647320246,0.07267962785783677,-0.013394799070293395,7.665441280168819,14.805431842803955
-5.12,5.12,-5.12,-5.12,-5.12,1.1716802379212297,-5.12,-0.7616156981169233,162.32008686468285,15.44022536277771
-0.30347651068897186,-1.0062281207489514,0.3407532903540744,0.19034779861573536,-0.3380410412455923,0.2308496423171542,0.4181503767603365,-0.031701561948983326,9.400343040774242,16.066667318344116
-5.12,-5.12,5.12,-5.12,5.12,5.12,5.12,-5.12,211.88345098062877,16.607919692993164
-0.0963031144927049,-0.1420654253771021,-0.6585438437229874,0.7192009682698144,-0.3315033471072839,-0.21744702428950635,0.41331327656738814,-0.04853770336113605,8.785105753689159,17.42417550086975
-0.2677972476278754,-0.29169618044342016,0.18244739332093118,0.4468932937677472,-1.2159872842018182,-0.2579597605346926,0.1341136883205083,0.09917052389564418,9.226767434218162,18.471359252929688
0.12702329578087745,-0.928711742106815,-0.790166135142548,0.26484262979298734,-0.7662362550873034,0.00793928113750475,0.031238826614408133,0.09134160227547028,5.4924813599724205,19.450154542922974
0.6978141940236524,-0.9895723685923832,-1.0301717346154415,-0.6535184922739026,-0.647612141997552,-0.026450587322516483,-0.19743806847247392,0.15998362351205486,9.104519918861774,20.313746690750122
-5.12,5.12,5.12,0.4699321057968966,5.12,-5.12,-5.12,5.12,187.60106301811797,20.902814388275146
-1.0214636218888122,-1.2697231064256562,-0.8509119674649197,0.008079196723289606,-0.5085142222823595,-0.4007441152819533,-0.5531246280845439,0.08423246668014528,11.545434972075332,21.46997833251953
5.12,5.12,-5.12,0.8579478781849108,-5.12,4.720729159158664,0.2857718914163536,-5.12,158.30849726793377,22.063793182373047
5.12,3.7849028053941227,5.12,-5.12,-5.12,5.12,-5.12,5.12,200.50596163786005,22.630909204483032
5.12,-5.12,-5.12,-5.12,5.12,5.12,5.12,5.12,211.88345098062877,23.33230233192444
0.6616710466128515,-0.2531194988536667,-0.46262490938135414,-0.13711992040367083,0.24802553826124818,-0.2511988892756074,-0.11774442969523591,-0.2900416143654869,9.330603124229505,23.92871880531311
-0.003516050753805011,-0.5959222607664012,-1.0664012597320003,-0.2206610939619189,-1.186404399005017,0.6162759697262326,0.6913847679066327,-0.6327088967903665,12.321068323031493,24.565545797348022
-5.12,5.12,-5.12,5.12,5.12,-5.12,2.40979662937489,-5.12,193.04878195168138,25.168397903442383
5.12,5.12,-5.12,5.12,5.12,5.12,-5.12,5.12,211.88345098062877,25.89320206642151
-5.12,-5.12,-5.12,-5.12,1.3301939387006314,-5.12,-5.12,-5.12,188.6502566647262,26.49066185951233
0.21465946456665286,-0.07926270782901756,-0.10106575072137769,-0.2574640756210558,-0.24023509132017384,0.4061491135812192,-0.6958728707397537,0.7242246185649117,8.767950048784368,27.092612266540527
0.46417926488911476,0.27218780793678654,0.13886700613614522,-0.4428543681551158,-0.9773933593183308,-0.26491626453217787,-0.5217984173920511,-0.409294258307642,12.313534312864679,27.644043922424316
-3.4566874267067167,-3.8899865892451713,-3.763660187925459,-5.062818568474975,-2.365184515862988,4.6835303484030275,-0.37250134446295835,4.223104766689901,121.16030200470423,28.32961678504944
0.5745284906812094,-1.1582847228159623,-0.17037985292579094,-0.016357665045825698,0.2766144981190042,0.11453576338103666,0.08054130489363942,0.7261285319958564,7.886628252533886,28.947805643081665
0.38439158241340543,-0.27353979441541565,-0.7707306759406096,0.013905423592842858,-0.37380527746960013,-0.22030917596553135,0.16164516457108036,1.2300067496779992,10.176928136953304,29.467631578445435
-5.11971307402341,2.2900317706092803,4.194917740460773,-4.010039633089669,-4.6934357605567305,-2.6782757349981106,2.620888620327703,-1.554483721444996,112.25251909368158,29.973970651626587
-1.3380286491241287,-3.39344573316603,3.884143876572753,0.4220479418863645,1.042533472382738,0.2636705235941781,-0.7729141899164986,1.8499388198195108,41.58224620935635,30.469249725341797
1.3406866486185098,-5.089195080962656,4.037599927379005,-2.5812961857651118,-4.424975485340841,1.7906266395716894,2.201465032617878,-1.133137232674096,86.84055882073345,30.999457836151123
-0.8206422645387423,0.425371882792108,0.03311850152246265,-0.8785945415007879,0.8546554140702405,1.159208810382374,-0.5152734193449611,-0.5612519448983413,11.814485161707081,31.62237000465393
-1.4598256557844076,-0.30442632643161094,-1.160649828825842,0.08914677244761915,1.251421522465722,-1.1418075719766638,0.4089240243285257,0.7621719011679842,15.265399770649912,32.13443160057068
-2.180106983292829,-0.8236383507733729,0.08237578901973475,-0.009046342848393785,0.30876036465662526,1.0047378631004786,-1.0643072204172697,1.287291760778662,13.26790322071086,32.72932434082031
-1.0723011396644946,-2.6692476405608803,-0.28578795664376333,0.5682989461315335,1.5257880801085628,1.938216046447959,-0.407210032481081,0.37571562052263374,25.397050991396828,33.33613204956055
2.2342590308044645,0.20166800563490916,-3.993808824294997,-2.5275942610747957,3.130973523387083,0.862598679234031,-4.678231706752911,-0.4439896675177586,67.63438694768183,33.93767070770264
-5.117087492838529,-1.4751986404169402,4.002710427149808,-0.6500127893014769,-5.035653476020325,2.9272552665757994,-3.9124967304339746,0.8491323270801141,99.28630534116809,34.51658582687378
0.09462514748091433,-0.10460536889733607,0.41798847752071566,-3.261415509664383,1.9268902961575494,-0.2892745198489486,0.6395292251469229,0.5947725838577353,23.528037430775562,35.143752336502075
-0.28361566416582473,0.5862906967662536,1.5398292086153322,1.029736718552786,1.8946886308971305,-0.4093322421633925,1.5741653609784034,0.48020435516109305,21.312850588370974,35.770031690597534
-5.093149529705364,3.8901105126168636,-3.769672432180643,-5.085860826475782,3.969767042099293,1.528549164151693,3.2855794200675676,4.186676468759006,132.81874329807772,36.38645553588867
0.647065538068202,-1.4926840281036315,-5.068444961599119,-2.6953323499607285,-1.0973176649333514,1.2113612249692132,2.4400667141543417,-3.0658405705113414,61.61001112311108,37.12619590759277
-1.8947734937391014,0.6172685610487996,0.00774947330148823,-0.1589210050552472,1.0179263471579638,-0.7027689278348328,-2.255140394333244,1.9888650789261888,19.312277670649035,37.833271980285645
4.42080590357492,-1.5382014057511735,0.8828966266486455,-3.597849064195518,4.941358412321612,-0.4237657954002563,-2.994995876750688,5.03528361520535,102.45948409181496,38.540302991867065
-1.016276739100963,0.760939883614193,-0.7867580790016486,-1.0846689526651687,-0.45174322677052103,1.106948787149328,0.5876341361664013,-0.3626974902332929,12.833830136415783,39.340320348739624
-4.677009283423311,5.01267304310731,4.885324890021294,-1.6817967628710888,1.7868802825831072,4.315245520574309,-4.456738445668013,-4.739262093802043,146.14311340254778,39.99435329437256
-0.30691930697112557,1.8113543759723578,-1.4262453974036502,-1.6411931397082666,-0.5437111128677046,-1.580240687436437,0.3879470233955713,-0.8059254783099048,23.452016200914798,40.75731635093689
-2.607345101086439,-0.3235010487129877,0.49224640502949324,-0.29566288343055724,0.1251151153714396,-0.594300543323401,-0.6553469987248768,-1.143234415463545,19.907946994300325,41.449756383895874
-1.4971057144196465,1.0276071164442717,-2.9743282033844305,0.5413294802921813,0.7421647769065283,0.980932748856433,-1.881978846848114,0.29816858828301385,24.19205590621184,42.20095252990723
4.353104040624175,-0.6655249458149974,-3.1723897475079417,2.6902854660596986,4.778601382748037,4.994953314564378,4.402171496730172,-3.905900263662572,126.92993132035282,42.920838594436646
-3.8965292883006155,0.9282536375333663,4.743442155957442,-2.077390652215657,0.7423075013807319,4.392428795178401,5.046635722859697,3.6158260893982925,107.32632736750811,43.62562680244446
1.95362926460714,-0.10342237211006466,-1.4624971499373722,-0.2382991320434611,0.8320287182829809,0.2210792987036463,-1.0729406808288857,-0.9030728546628382,13.485184272537172,44.38847541809082
2.745385167460146,-0.24228509714071844,0.038823092924250346,-0.28541551667322285,0.9835609358615782,1.284533065815558,-0.09805371595256585,-0.4448344161178479,17.079544207557433,45.141796827316284
-0.35839856334558107,1.427526688476429,1.6731932680443515,-0.46385000501905793,0.4539071240701791,1.311233795880578,-1.5190692931153245,0.8743877592594842,22.766762481451853,45.99796485900879
0.767588255230172,1.0701368223277177,-1.3719859000576053,-0.6925425060851964,-1.5100149193592922,0.8815784252962553,0.11759322169975839,2.4465733860374135,21.652534234165294,46.67992115020752
3.157458314628429,-2.651487918173156,4.564479568909767,-2.8280406824336315,4.84689962601298,-4.925953508156111,4.870053550402328,-1.3732949468803604,126.22118043189701,47.39399290084839
0.8072851151275104,-0.6638849970642307,0.9628433052030525,-2.1872645475262975,-0.7909200237889253,-0.15652265141781196,-1.0401900489505387,0.13598785621497456,12.926755753613543,48.17095923423767
3.5148498575977767,4.799166916877529,-4.549071770613979,1.9948562777166252,-0.674564496996295,-3.917252120579712,-2.077992455666451,4.550832642504093,109.18837193268006,48.96268630027771
1.1095619536864714,-0.2772353338055158,0.30002141746733635,-1.796143876040598,-1.3848434630613866,-0.28515502985918406,1.63212366037214,-0.9451223072159021,18.303779544072217,49.77038359642029
5.080814125029929,-4.3091408719145985,0.4952246954011459,-4.810538120373168,-1.2725995570610609,1.7902547122504293,-3.0612201471783824,-2.193984704249628,93.516224745923,50.65961503982544
0.6503193097246136,-1.0610741364448746,-0.17120750270856178,0.5091124331342973,0.9965975291721252,-0.44390629138924176,-2.3973286801656677,-0.06524849749497008,16.781826454330485,51.605170249938965
5.104890486049508,-4.673824436249195,-4.98920950589484,5.092473979619453,-5.09972808337676,5.009112329390105,4.488570558630427,2.070297287181176,178.3832678100347,52.5236279964447
-0.4515460539364824,1.1697770450920997,-0.5580060949972108,0.11760478670924979,-1.3971440693224162,1.024163816815462,-1.1227378641709334,-1.3397564832920095,16.24733695935059,53.391517877578735
-0.20984840090187706,0.10939883079319568,-0.8703678461453981,-0.9374803252196537,-0.34302778465059625,-0.8362208592221672,-1.012122857540784,0.24650029806733098,7.978986802630343,54.27349066734314
0.43319684152846794,0.4369384880728715,-1.5842622964477409,-2.6729236548747797,-1.3918144336610188,-0.15529303642202041,-1.6633350754824976,-0.8334805174865751,26.854394467861457,55.1479811668396
-4.5512238705420955,2.552195757976894,-4.928899560767246,5.0773697290216075,-3.784597329221876,0.6016060133822032,-4.531469392938388,0.1804501207950544,121.80697319576684,55.98977446556091
0.6657486370054997,-1.0939160273781843,0.22869011027782982,-0.44331052837591667,-1.0376973036109005,-1.0227391922968296,0.37878013954967304,0.40790372650620643,12.398210380793582,56.860716819763184
-0.6853678399117005,-0.4210431460546067,-1.2421190824548103,0.19654587398103995,0.2053755792031131,0.9319604890791142,-0.29206521421742426,0.88334911392674,11.2315231097299,57.63972091674805
0.40667118078291953,0.035392916894369186,0.3265337411629936,-0.9416475943478648,-0.3283035004061343,-1.1238255864577114,0.02443838768939699,0.9802064400104191,8.6582772156368,58.47298502922058
-0.17830013677479783,-1.346280182219743,-0.6482333398622009,0.7570304908324825,1.4422660451995322,-0.8522346735573114,0.9147007593900334,-0.15905693225462425,14.127076736194786,59.3721649646759
-4.976524633463207,4.300098774943673,-4.873331599757661,-1.5510972341869986,5.11943519954158,4.987662438943786,-3.4139949592951355,-5.118580669784475,164.31632287802648,60.37016582489014
0.17275726491878984,-0.34557182720356305,-0.5718316662832148,-0.9826405566109075,0.17953288274870527,-1.457930350474466,-1.402910613315476,-0.6309987866435414,16.006733546773184,61.50586414337158
1.7873496470630652,-4.778756025046195,-0.32053031276371247,4.559199933106286,-3.29879877310918,-4.7155141891558765,5.040362755104096,-5.0072655705801585,138.01431401680185,62.678733110427856
1.9347894982308924,3.591393416012731,4.541048472623143,-4.771260401734403,-4.8848249869349125,3.5066176576402848,3.6765582390862592,-4.772040490743133,141.7879665008922,63.817572355270386
-4.042635665741248,-2.8173881464599417,2.7111803619127315,-4.60622810892633,0.22578054493458666,-4.7701011922818575,-2.4360612173772944,4.300009094911069,108.68132702398083,65.02193760871887
2.0809347550823682,1.2890012516075249,-0.3095191387548599,0.050860776368717,0.9418100928986659,-0.9468680997075785,0.07763179056845715,1.5236046332096453,15.21320212355593,66.36602687835693
3.674072001993914,3.686865492124693,-4.949684985094416,-0.3209539673679753,3.716602228643363,-4.827799354426219,4.930864659607839,0.020477816448186914,119.29494886214215,67.43138670921326
-1.5901115031761748,-1.0516570866470287,-0.3708680871236929,-0.9133462965777328,-1.7899230733900602,-0.1856488143078847,-0.40503088377330787,1.5340688094301962,19.253901293396893,68.49126625061035
1.769824705229623,0.04805070394893285,0.2940169121300187,-1.642506222116761,0.16584776862012962,0.983155723376381,0.9105380509597785,1.7659588943224067,16.23481478521683,69.55460953712463
-0.0644353937801565,0.46063321862633533,-0.17686763239105652,0.9887205317812517,1.6260749748844274,-0.05840974803648802,-0.31743774208955067,-1.6245374909540322,14.111242239887297,70.70014452934265
0.5355866896906809,1.0974339463569605,-0.24320304725434916,-0.8906011621604835,0.34837550271165085,0.3149746944485683,1.2917522678011402,1.7970173731140981,15.747808197074578,71.87678790092468
0.20715851334144908,-0.40932038585548103,0.8015498429625545,1.1110896873685032,0.7576118267073841,-1.286153480034995,-0.63311500086387,0.6170146621010488,14.178095655536362,73.04325866699219
-0.6210765113923093,0.6383780441733995,0.004836721802782051,-0.8846823661257623,-0.31448207208388546,0.10685395806155817,1.129842201134541,-0.9538022014730005,9.46154535325049,74.26992344856262
1.0862947518183423,2.9301946704267925,-0.2607295275152941,1.0651065536741307,-0.08534877836417998,1.251841682537239,-0.0926031998613519,-0.20788580173078675,16.037610857695945,75.52151226997375
-1.0279845855436847,0.19534283882848857,-1.7750537988827766,0.601799074146669,-0.11422179756572604,1.391034192495999,0.9617015041974364,-1.7572185904430517,16.897636799224124,76.62266325950623
-0.5860590502495775,-0.4940311029564919,-1.244461770307987,-0.08489711350495632,-0.5808622647536836,-0.5707585187744488,-1.215981876797556,0.22168028387614758,14.682468250011755,78.00175380706787
0.8527341010982727,-0.29723025949986237,-0.9053138583258225,-0.1325156730435033,-0.281743505502261,1.45349669431796,-0.36454244410146064,0.1329077378823138,11.328723076142442,79.2309799194336
0.20657267025707693,0.316417642754363,-0.2636492718153125,0.12180680607974992,0.5399003550093475,-1.0201755463541735,1.3081744342356716,-1.646057417649832,14.422381916316375,80.65150213241577
-0.1262924166136683,-0.04231327795709827,-0.04156502493444325,-0.1806081299211133,-1.5744786056389337,-0.08476444639796199,-0.4873975155486754,-0.20941260713333598,8.540645637309039,81.98953342437744
-0.2020230411784789,2.3236032555859287,1.0130484488092817,0.8232629954349253,-1.0229218397623345,1.4130025616720987,-1.2903841372496112,-0.09273448327965106,17.849649165138825,83.46362233161926
0.3348366742352358,1.0063272250819049,-1.227067983068074,-0.5141132117358431,0.8793211300771455,0.5965626131216277,0.9284096471592065,0.7753195118929197,12.884942229150623,84.94924736022949
1.9429767986629836,2.1780507260056803,-0.43718532213233097,1.440617452891817,0.5525550688645202,-0.10891508591205579,0.22974499246302482,-1.059178621461573,19.870932194253637,86.39452362060547
2.5106530461254257,-0.15474693704136833,-0.7666226962394491,0.5982470235011919,0.4689591478528925,0.13534275260155937,-1.8169527773237206,-0.1360655007224878,19.2332501539774,87.75782775878906
1.2353092899673541,-0.6941392222751883,1.5409449467928393,-1.6989238026088533,-0.5289916486798374,1.2713433149271482,-0.12678365276977832,0.55853714002928,20.378174054380807,89.03617334365845
0.912892354525507,0.00583913663410307,-0.3034252120544476,0.5842863669093923,0.19715310680048592,-0.2637452357950387,1.2002092166938896,1.574394656452224,12.978928587801034,90.29832673072815
-1.9484693701349403,1.6936095357196708,-0.5289425594186641,-0.4680093750576848,1.2085393856194822,-0.2903105394323733,0.21622179443114575,-0.39806719514057853,18.860183113710782,91.62735724449158
0.18654869003919394,-0.04812221362218949,-0.7879324092415505,0.6508345641078508,0.9051918164424153,0.37094173355163296,-0.5402735682229034,0.8198968073271828,10.411301958908469,92.99701166152954
-2.163260369710634,-0.8007913823308783,-0.14331993732765191,0.07770080960322545,-0.6849796554066314,1.3385345891223075,0.5717016307207734,-0.6431854078642081,16.459787267797537,94.39186358451843
0.017590608677410025,1.9732547210842437,0.3632680996925943,-1.2768532132517452,-1.0790414531162904,-0.3517669758443267,-0.007186974402948465,-0.3224836942808551,13.048107119626533,95.83846139907837
-0.5104022079164174,0.9775863924911103,0.4665569684302797,0.3912362459842793,0.8768276399727064,-0.7948233428762537,-0.6408365398352842,1.9324922803030988,15.62278258075609,97.37571501731873
1.0807797534551593,0.598213149235133,1.5694293243017707,-0.14596893263628985,-1.523982717155163,0.5846256795085836,0.4064388759439552,0.34219234486229233,18.426989010933823,98.88776922225952
0.8349635231911154,0.10229502125041812,-0.8796480097829269,-0.42340492245823036,1.1700287965282499,-0.9658756206375703,-1.6842419342198633,0.7632236557005863,13.091228952720083,100.40938329696655
-1.6349535751623119,0.7243215291121672,-1.091867394197461,-0.05187117062409374,-0.8896772280200143,-0.4591146626086866,0.46962585819180713,1.0969914808222203,14.215490994542517,102.01284170150757
0.773429103886726,-0.6199451481512561,-0.07259802923375869,-0.30503593520382655,0.9402865054007101,0.26227852709513755,-0.3530956052106671,-1.075572342937492,10.199697816358967,103.65714859962463
0.49124888842136105,0.09711732220991198,0.5576861645085227,-1.47455692094726,0.4691357696998235,0.9682337572236426,0.8839347697340951,-2.235442794593217,18.93753879578507,105.44430899620056
-4.803071959953689,-3.8783311998216217,4.4781735833270835,4.948830749154431,3.4545869085446563,-3.89686661376459,-0.4456165510624235,-5.116921809955093,143.51229707793286,107.25045728683472
-0.41773004626567545,-0.7825133669897752,0.25005438546221814,-1.8751272693554957,1.6424498851308726,-0.3234528054994197,-0.326516000019911,-0.729198770419762,17.428787746001564,108.89580082893372
1.0163546643320185,0.593669131941386,1.7081110187392783,-0.2632893621262564,-0.7083386592384047,0.5260273127999255,-0.2403456436345035,-0.7537638576865495,15.118531234446197,110.27633714675903
-0.0585952874996023,0.274058840742307,0.22719376673077551,0.24851688488459978,-0.5592788627755692,1.6577200350239707,1.6001503163851547,-1.138084378583717,15.815053812359002,111.62759232521057
-0.4753871348017764,0.6390225421021709,-0.014695144027538909,0.5514875875628595,-1.7237382593313084,0.5838115099707499,-0.012804502850627841,-0.874974248928428,13.924168034336104,113.11502194404602
0.4766728950702772,1.627757582524196,0.7745547634478314,1.3181168410446285,1.46713719497322,0.4999738302016228,-0.11226464399845248,0.636661712912356,19.850822879431533,114.65357112884521
1.4011133928389166,0.2110627697869436,-1.3587154210711314,0.5538652216484854,0.58105345408367,1.6589552744889469,1.6683039091388876,0.6564192168696525,23.06997619805749,116.17854166030884
-0.3631965788770968,-1.360769555823087,0.6937412421471345,0.9865680302113073,1.075187517174629,0.9491132140245995,0.21573785964571357,-0.6083285373332021,13.27904688268524,117.65371227264404
-1.0644110074481556,3.464411209081754,-0.9914737548430175,0.09401252733212129,-0.7033423536622854,-2.0840042982953304,-0.4685033593923489,-0.975887673891731,25.780362491508054,119.25948309898376
0.9339845168005327,0.37811918814555145,0.7621217853745881,-1.1357140448895713,-0.16827290525182637,1.2541665778266804,0.22495233761025624,-0.08532980610236596,10.135234469905352,120.77300643920898
1.2588254568512331,-0.33743752026438667,0.035652616639842094,-0.5347122426997135,-0.7273740808666318,-0.2920548814812971,-0.3456888977592705,-1.2479000492700631,13.81102419280114,122.35436701774597
-0.5126385062302123,1.380563797137886,-0.5502324010760216,0.6784491177125638,0.09979022484099254,-0.4864166284425142,-0.021100579029641686,-1.7876458524910475,16.4489121505038,124.1136245727539
0.9668673693800587,0.545425263902815,-0.6407691808818399,-0.21462765315024956,0.5286767848436922,-0.7529205488777215,-1.7391226563450544,-0.13143721719903745,14.327402500399606,126.02609825134277
-0.07397877307607725,0.8137692433518398,2.3433294832296383,-0.9131623589636613,-0.44086469331309,-0.24725652226738148,0.5704070979949281,0.7685243009686316,16.28099887741407,127.78017711639404
-0.13571808297144372,-2.816930935715337,-0.7348727913142019,0.7693416974986,-0.4851305540820796,0.9736423322294083,0.14831068917394497,-0.36632621414327904,17.412988855645285,129.55311965942383
1.3591618826961405,1.9974206351659491,0.4855011659860011,0.17538946744961326,-1.3116763918214,-1.4345473498358237,-0.5246741753222075,0.7238150389541298,21.304937868527897,131.3278775215149
-3.5988246344300547,-4.411812786891745,-0.01466649774109463,1.805413811091058,2.748864889497181,4.858319576909838,-4.893105224094003,4.043943680392448,113.09057546351764,132.97124886512756
1.1812942937963564,-0.8904222497693954,0.7236350594780845,0.9145660601673287,-0.9184421758875256,0.7657872544177362,0.2443798552952341,-0.39047418811373635,11.072007078744127,134.55511808395386
-0.37602956485498584,-0.1059749726150061,0.9457586804075016,0.5776673448235474,-0.4204536421166498,0.10262414546672183,0.06510366751446206,1.343589651102266,10.959338217871332,136.13533449172974
0.8463571619230121,-0.36529823837286557,-0.2656085156511381,-0.17639503093427944,0.10408453898967274,0.747426325343076,-1.7372516206136077,-1.8794713211308993,14.392540089720589,137.77665662765503
0.16243856170374027,0.41887601011173015,-0.5646679824890724,-0.8210609226090924,-1.5353521907074215,0.7888891568173406,0.5210827814228995,1.051558563301711,15.165386558967981,139.89165043830872
0.2075500616275452,-1.4273087390100438,-0.6785172349045343,-0.08315572952060979,1.88628899317834,0.06252793527973921,1.3016699036131412,0.14302247490460918,14.042966515870129,141.682373046875
-1.1720541471594856,3.5308109690397957,3.5128396035062552,5.0905207850695655,3.3431365881184663,4.61815021713532,0.9266458999277383,-1.379515945753786,97.14495145082905,143.77348589897156
0.7232405013489718,0.10970252153689586,-1.6872322492454095,-0.5470859958890317,1.8173455373736047,0.15412782363406574,-0.47510761345298214,0.31956587523215685,16.505815857638822,145.9568338394165
-0.10920351871669265,-1.904261575464432,-0.5562043140512074,-0.7671701203556678,1.3523688869128474,1.1602017133301548,-0.037631301129188444,-1.6083743865793823,17.401575686892667,147.76465606689453
-0.6125397092266907,1.8199172115546585,-2.4469255970901664,0.6948716666300534,-0.27006532531344796,0.5991031683134986,0.5600940638459404,-1.0212745529672453,22.442040270906052,149.5016565322876
-0.6744717821657931,0.6806466487114786,0.3780507260337762,0.760189999536685,0.3554446600687582,-0.6584416352506057,-1.2141648951173054,-0.7127363611011326,14.884592338904525,151.4900825023651
-0.451985948708586,-0.8266303315822539,-1.169296432201679,-0.40043865912183474,1.4350998023727826,-0.3653170537475452,0.8190949100927742,-0.30953058684054824,15.717225877823507,153.25418996810913
3.1515872634317654,-4.299285226781883,4.919212837706822,4.32129578525215,4.482134830292469,1.9214106234610293,4.880977241223433,4.647575687873844,147.7581776915673,154.95966839790344
2.4025878234224196,-0.13058860206729683,-1.163329066724434,-0.2949036785212602,0.0011331138580148448,0.32064551495826077,-0.22391840551789155,0.163404500024094,14.055103513276913,156.7586898803711
-1.065390971280368,0.017371681851668264,-0.9503673818103504,-0.9643016476367894,1.0843972338941956,0.6659984469060829,-1.5175899044120915,-0.19664683697907126,11.39799548047698,158.60317087173462
0.2373224710590902,1.4947525676117843,-1.9979167609394888,-0.7577589582388757,-0.38593084344547535,0.9095435881667502,-0.09883118631247712,-0.3288183836967429,15.394918842198127,160.56662154197693
0.12058303474490195,-1.6608352652400122,0.8797176328300873,0.28353057909869595,-0.893722964972449,0.44074612345123665,-1.3393353730935242,-0.9093758214648462,14.363647835877774,162.50746774673462
0.9373491648305592,0.4467098111141725,0.07329109344545603,-0.7736500279355276,0.4776273479470001,0.7378304812934688,-0.5006609947062737,0.1999382788418691,11.479436097949387,164.41011333465576
3.19249133591262,-4.335938372123945,-3.6585296388788286,5.036118229624599,4.741187642229794,-3.545395394299436,-3.1219903516363567,0.6961583673487075,121.37613227212495,166.43695783615112
0.9095903770030604,-1.6075912595332849,-1.1158514655575758,-1.5547838712238926,1.09024420957914,-0.23992382514615418,-0.2143504490211754,1.3290347838159855,17.612093419345026,168.46889519691467
-0.1671923324970761,-0.5804291918029385,-0.5473633217800353,0.1026457230525617,-0.06372190411333456,1.066623664422619,0.8025422905182209,2.2261959264775593,13.643794236781638,170.52768993377686
-0.4961263115209178,-0.9101858523795725,0.7102922343475919,0.07782620839431154,-1.154995975638128,0.790577089144862,1.0611190657734415,-0.18340108108934494,10.074828662202732,172.4807047843933
-0.23648823223271176,-0.19493924339677093,-1.2955719742972414,0.12682416953044573,-1.062664480336947,0.2601369261039954,2.7363346699504003,0.11150095319061748,16.106452670699074,174.43586587905884
-0.07618603877440844,0.6582429054966292,0.9369144245772736,-0.6558224532874348,0.3278748882363054,-0.15854026347655203,0.6620064169031545,-3.4073607311960945,22.50777876434053,176.44440627098083
0.5504642834986804,0.24037821108206714,0.503478852789959,1.0172164124633696,0.19409137673975696,1.0471507670886142,0.9139797210119047,0.3324506757865855,10.961618445915859,178.34747123718262
-0.33071643576905174,1.4524101662500337,0.027993981614680585,-0.3493590403033213,0.20161654873119783,1.0256091076048142,-0.09333749904846389,2.761995456066116,17.918201123903273,180.2833297252655
0.6102929470149521,-0.04055524811839106,1.0479186409857197,-1.579269378568584,-0.46407491323449523,-0.1884431876078123,-0.6340023501656313,1.6301768544686954,16.948929310574165,182.3600630760193
1.281180430754561,-0.30924353391111215,0.03572508811110975,0.0998851250535493,-0.6218839606902682,-1.8923360097318418,-0.0424607588431023,0.16256873233225733,10.97249990706031,184.49810647964478
0.23538923960714353,0.06873061723964469,1.3364187908330294,-0.25025567873606214,0.09995632930757736,0.0735021402244449,-0.3700167902434144,0.38765507550105127,9.471035597793556,186.54239773750305
-2.7967241798985807,4.754543157041721,-4.936481921533784,-2.221896588956277,-4.859819181348621,-5.020024889975022,2.96151641797723,-3.9280487559834225,135.83757803376903,188.74700331687927
1.3477047148632844,-1.8895358651715632,0.5963222274434994,0.5642654989248115,-0.557808410463525,-0.39714317939503285,0.8039757942760977,-0.49927832773372494,19.37495196658021,191.3314666748047
-0.25086500701607495,1.3348391590881992,-0.12072060310449917,-0.6680400124875767,-0.47203864627139946,3.7469917000763955,-1.895226253415895,0.3589120545972193,29.413924484830865,193.85557889938354
-0.562810608302998,0.4613566930465911,1.2019051957233362,1.3337844569138602,0.5753536103506587,0.8678620926414444,0.6526468420546827,0.35225401218962826,16.874787068352752,196.6204514503479
-0.13529665158223914,-0.008961745215211536,-1.207438973317975,-0.5008297473307133,-3.189511873598062,0.44945973055121247,1.021026463737888,-0.9724031003071953,19.770340932956714,198.9965615272522
-1.5427447948392463,-0.8772004946570009,-0.7863287551528746,-0.22945557566344377,-0.8938912041917364,-1.3728587566430592,-0.8622303720494715,-2.8731596620801607,21.959722460504636,201.53476119041443
0.38121311721988604,-0.04231417215606914,-0.08850541384288402,-0.04620233672530816,-0.2962008292888232,1.1842606479330495,-1.6946959286243652,-0.7502160426152953,11.267926617336741,204.1829376220703
0.7987763140795332,-0.8901251734072559,-1.4773722122532233,0.05107267559592632,-1.9153748077793686,-0.5224913594321787,0.08207197072011496,-0.08180899789423535,12.926295537617921,206.9068169593811
-0.2212154510097717,-0.5445411322838991,1.3397862219889385,-0.9138285878098351,0.08587457258792064,-0.36913034890923857,-0.25435457897598024,0.2929250287961942,11.845071074955232,209.88238048553467
-0.4100095001127899,0.33220531318357516,-1.9542798734042885,0.02919879535049752,-1.8063291781618074,-0.12510310165757232,-0.2964450429847707,0.7529689070841279,14.643631076142364,212.7129454612732
-0.9097264366484827,-0.8139546983690416,0.16946477751283595,-0.09428399183251468,0.5149888559835203,1.8648801082047122,-1.4717535948802363,-0.32584133499538215,14.771946956344808,215.12040996551514
-0.6858381829452647,-0.01728178070744324,-0.2788614346004037,-0.8858093072893425,0.30528328857472076,0.30593104410773186,-2.9606745748878502,0.8291333322304002,17.036071222898446,217.5237603187561
-1.6415790685358815,0.37177451943579065,-1.094785187418852,-0.6958884615423271,-0.32425708357341154,1.079933736324148,1.40866506612453,1.0181625762488125,17.055855056250753,219.860582113266
1.190146252389452,1.7074568249988475,0.05610835170788153,-0.13185019907438011,0.032176125734801886,-0.35892623153589387,-0.6583021963761064,-0.2349441630138438,11.356075617871504,222.2480058670044
2.2483954363969767,-0.7639064748677269,0.14225420910643383,0.07043464085907569,-0.7408968507570073,-0.19958169244810087,0.30724419743781706,-0.2002800904563209,12.550127157852085,224.60816955566406
-1.517387818133149,-0.289371375126918,-1.5324021958897953,-0.96754240010236,0.11677933342358848,0.056601376813990356,0.1524404510315689,-0.08785522943359325,11.850485878933448,226.94110488891602
