2.543179591909963,-3.8699279133541244,4.073024463295703,2.57566653660587,-3.5371786072996736,1.1184720466723697,4.255316276960316,-3.045080543915129,93.39284175708704,0.7415790557861328
-3.1122037044188673,-3.0047546924283854,5.12,-1.4663232537159887,-0.754860360019534,-1.5292529713491603,1.0430710957593838,1.6616219261055347,60.84005315696862,1.4427971839904785
1.5107788231750625,-0.3609783911550908,5.12,-2.3009002396559173,-4.702422612019138,-0.5635521559262626,0.932284376077658,-0.7196535096778387,67.45851274315037,1.948734998703003
-2.232423098613468,4.382082316985977,1.3733989086453802,1.1494317417049809,4.5792116779543806,4.7928597988529935,1.006451162674323,-0.6137485458891732,81.82976579171228,2.4906070232391357
0.1952143476485695,0.6204282672980552,1.4146243156863436,-2.8122910510322607,3.506413572625129,-1.1260788106614763,-0.8344892916056503,1.7012441260680546,36.446684722276245,2.9948010444641113
1.3417209099127216,-0.5778809584165652,-0.7343731558491058,-4.260083398763688,5.12,0.28412948864083454,4.116523468374257,2.0308020493729337,75.53449440153366,3.533273935317993
1.1374130059095764,2.677004963610754,3.7256351375358845,-5.12,0.849063163618041,2.87061772529651,0.060260102990794095,4.641100215424292,84.70853217827982,4.16191554069519
0.26004547820956336,-1.5823924491387782,0.8494929018472224,-5.12,-0.3906817597120531,2.8139947087871438,1.4967441466354812,-1.0407902753528555,48.93453017929073,4.738081693649292
-2.884394286171715,1.1712418418741501,-0.45447804355040944,0.39916482893041305,4.7135210505521625,0.6796639303846526,-0.1223547423673752,0.5706291152628316,42.459304592029774,5.3304948806762695
5.12,-0.45561122349138294,-5.104243724935556,-2.670826728693858,5.12,-5.12,0.39841465260960973,-5.12,144.94327751296197,5.96692967414856
4.869175511961143,0.40082084024224773,1.6280327701324255,0.0500369066506563,1.2639944905903668,4.039077020412123,-0.232889752009676,0.2916649661266675,51.7167659956445,6.572027206420898
-5.12,-1.5023595363387243,-1.782372567926394,-5.12,5.12,5.12,0.4225866015625126,1.12512980885771,117.79553537408641,7.3411641120910645
0.13023344536428993,0.45278163203135335,1.384490278148152,0.012991024922325067,2.325766852756348,0.2665612831366877,-1.1762678954221122,-0.6156344277918677,18.268704965074836,7.948925018310547
-0.4209327769950857,0.3126309357220096,2.5348435951347925,1.3362618977660228,4.236137130586937,-4.127655507597255,-4.616523085076396,5.090987553169264,100.57388452179532,8.57138442993164
0.26122832716217115,-1.3335532017920286,0.6688195324139405,4.101064041557124,3.713280423302339,0.6155681769602914,-0.38216251631907205,-2.65741239953443,51.0068776239558,9.316141843795776
0.38300144280272796,3.2868311427859984,0.6312966509331126,5.12,0.9265712755658173,0.29156645781331036,-0.8625850722986845,0.004322061501243368,45.88450313302349,10.007182598114014
1.4144681511461679,-0.6176623761895348,5.12,2.0305697677183607,1.1589732566232023,0.9423615854159832,-1.4994116593926372,0.2108756586812186,44.41144751716717,10.63978624343872
0.6979422083824041,-0.14133668397680044,0.22907085474605537,4.950980596303153,1.3700448327965535,1.171014804036516,-1.2750496119853891,0.33139869784913767,37.51672313913752,11.428379774093628
0.09574187608774576,-0.01299974833255213,0.2303439915977652,-0.33776964007189036,0.8226379541149491,0.2614120673337048,-0.404760655844453,0.1700117557682601,7.66939369175302,12.000494480133057
-0.4319596976898161,0.13031475375780222,-0.15824522488681403,-0.11313330465588756,0.2390616473320426,-0.5468066778170018,0.33311730551540997,0.3037900812636902,9.443584135005576,12.701171875
-5.12,5.12,0.02143486370454184,5.12,-5.12,-5.12,5.12,5.12,185.40753460742283,13.554349899291992
0.12821116815063505,-0.5151321685956978,-0.04454337448708312,-0.06951492294719586,0.3744886493157651,0.36135385235391215,-0.15577698416292307,0.3299733587889939,8.400513220955979,14.651002645492554
-0.269394460968873,0.2247869516020513,0.2666834561675113,-0.5760048711166572,0.44665004180119006,0.7770211704930547,-5.12,0.5647718018048735,37.78391843991241,15.281344413757324
-5.12,-5.12,-5.12,-5.12,-5.12,-5.12,-5.12,-3.8804820173225645,200.72512179155905,16.116645336151123
0.24955828631819799,0.41686465670379214,0.2797131162829656,-0.26821975587926516,0.3915800313314586,0.49083034907174916,0.31120580374550766,0.34932390232883304,12.897717736216427,16.91452980041504
-0.08138751266458932,-0.5553578650113922,0.012027874059992172,0.11442384625492164,0.6612859245180198,-1.1347842013841576,-0.11198248288899393,-0.17076912031190528,7.0400496904260015,17.615078449249268
-0.18447219289920458,-0.5840788688258751,-0.015067540197978069,0.08851886802146858,0.8270603293911014,-1.4476319050478224,-0.2329934610378377,-0.06130329107877586,9.287120473570265,18.250922918319702
-0.4045370984100778,-0.278832106061329,0.33752121349261,0.01995981195654828,0.11134745820753178,-0.7581196940942467,-0.44292095472172743,-0.6719789521757473,10.717783170453975,18.925737619400024
0.28430659581421214,-0.5964999813887601,-0.8328863459126516,0.1274368379452877,0.9347433705734387,-0.8571454022014695,-0.07923209234465922,0.30967260532189655,8.646047710569846,19.841970443725586
0.00972464462471212,-1.133874176236326,0.1524244777227466,0.11776777091999424,0.8425119579843399,-0.603960132627753,0.16282371650550775,0.3697547676339932,7.989782547504216,20.632415294647217
0.4321977136651096,-0.544032976737781,0.13016351523722935,0.3558087873131992,0.8822368389523279,-1.0661054605003981,0.6944105384236856,0.04620802665003687,10.56186151034027,21.39849615097046
-0.26157596431884933,-1.0997840529991683,-0.42800554054744033,-0.17058714824293286,0.703511527985075,-0.40442109989663066,-0.5191826235758503,0.4659237275372705,13.40201711511948,22.16570019721985
-0.17946611287833125,0.40362226681478397,0.08336428049316424,-0.04408428532721498,0.9085937506486026,-2.1040765657221407,0.627797708609946,-0.13222069802549452,10.820866135997946,22.887449502944946
-5.12,5.12,5.12,5.12,5.12,-5.12,-5.12,-5.12,211.88345098062877,23.586344957351685
-0.3192424478790672,-5.12,0.013511302516889145,-5.12,-1.7385464644847124,-5.12,5.12,-5.12,138.04877053921916,24.19318723678589
0.6579091889924928,-1.4544671267904543,-5.12,5.12,5.022797944636589,-5.12,5.12,5.12,163.7204433691421,25.003271102905273
0.2690155852694609,0.16331373731988386,-0.4049630740343222,0.31061150341640875,0.4048168065722715,-0.3449963214571019,0.6817110825980599,-0.4993801724689888,12.960748192740663,25.842682600021362
5.12,5.12,5.12,5.12,-5.12,5.12,5.12,5.12,211.88345098062877,26.62324571609497
0.19348859026988396,-0.11855064025194118,0.5203147569454218,0.44852807025542596,0.14533748994902318,-0.6812652264985992,-0.2105016451117283,0.6013552995997626,10.637463832626144,27.380271196365356
-0.7926216363848404,-5.12,0.04840487866979082,1.3087167429465376,-2.561574962670192,5.12,-4.305501833124496,5.12,112.30832910039669,28.221864223480225
0.8080953390105545,5.12,-5.12,3.3122135976118576,-5.12,-5.12,2.836422098779118,-5.12,154.60356095515056,29.126899242401123
0.11162292801625107,0.5836193382002612,-0.494882475548283,0.12513852855844831,0.3320655977413649,-0.995163453840525,-0.5607963006103986,0.32050067055388265,11.375708987380134,29.90997290611267
-0.6539822383278588,-0.42102160706116365,0.3714038725108173,0.4471518135263981,0.3468111030531693,-0.34092591077120993,0.6940386542948866,0.3153438612055721,14.699277093930904,30.64270281791687
0.6667867165799022,-5.12,-5.12,2.016020256351495,5.12,-0.10173369513261221,-5.12,2.7834881206329305,120.7018027357232,31.391592979431152
0.9104502477318466,-0.34459764009677674,0.3580094335350479,0.04453125726398088,0.41373975827282905,-0.6455131718559723,-0.3371077532604545,-0.3530550151373175,11.875396179031984,32.073562145233154
-4.550634570621579,5.12,0.7455399214961167,-5.12,1.4806049529879957,-5.12,5.12,0.48285333443202116,136.5957913842457,32.789873123168945
0.610675359807269,-3.249129249910191,0.8714747678420993,0.6043087279927644,1.1076123256990273,-2.852476987775264,-0.8674431642918119,-0.6169647602328006,30.103671790052573,33.68933176994324
-4.528771514919781,-2.5418390014895413,-1.9719630469564633,-2.8954108968400902,-4.495482109081786,5.090079417168144,4.44508089542103,3.728564163122125,128.42592114192067,34.532931327819824
-0.12279187019312499,0.19432428502389332,-0.17708890405618405,-0.0990296126808321,-0.11888697898385736,-0.7520489076454542,-0.6895494909328503,-0.4409194611751346,7.585217123714718,35.46435284614563
0.17760534807653805,0.20023395586019888,-0.7809145296857318,0.11550566076974889,0.09499009739581066,-0.7558466978967093,-0.6826727982304384,0.016624533261366814,6.605592081515457,36.25795078277588
0.06198944046074217,0.27379534228683955,-1.039503235111079,0.1264998691723438,0.0379945160576165,-0.9339857809402874,-0.7483450364218251,0.18000859524968416,5.893480305994518,36.94649004936218
-0.08630505220974705,0.39627919988803306,-1.3773755080921122,0.12811010841782178,-0.0005671443386301434,-1.227741592401594,-0.8303861172020284,0.3634244948250567,11.400556960475415,37.6139612197876
-0.45604458727816155,0.08838071893623667,0.05159815805379786,0.846664560847497,-1.733326701020267,0.586541897292661,-0.671079362834905,-1.0901312317663097,13.10849140769034,38.122196197509766
-1.2464196276596842,-1.2734315202087352,0.7856164069420837,1.271066584825757,-0.791149989279722,-1.4406854688351842,-0.12263537906264066,-1.2665142606702888,17.824554078126106,38.68650555610657
0.6671237967530059,0.5220772558477957,0.3912989775718154,1.4771185877618906,-0.21875116485384094,-1.2135499363268485,-0.2769828390801754,-0.6629265444430468,16.609467660061615,39.48926067352295
-1.4431760756854821,-0.13774690258600764,-0.10790687863563075,1.1480471978234315,-1.470924047234766,-1.5665598404176952,0.40257428249489724,1.4953613303336422,21.074629489054093,40.04540967941284
-0.4022030834122381,0.6668953514734337,-2.280397416628253,0.9275634318257104,1.099130458291305,-0.4418453631241288,0.9925234466047268,-1.137947968957676,17.433471834761566,40.60090899467468
-0.4242140350329269,-0.41585807617295334,-3.686482174321504,-0.4140875402758404,-0.7545311419045468,-1.787965743506755,0.6055125157568124,0.37058700796289923,30.593907073495746,41.204487800598145
-0.37267965520010193,0.4641247002318867,0.012001894817424308,-0.6019807609371881,-0.04917926817199447,-0.38526918021650847,-0.5621681094304085,-0.6632536370532751,12.34124446357511,41.914011001586914
0.48283676005436416,0.49030463039031247,-0.5535039643880975,0.17817111666576047,0.08896575414842012,-0.9509113296082319,0.05958583776476001,0.6327043671996897,10.568593336254654,42.610825300216675
4.903033180049866,2.6226825327310035,3.709972330772474,-3.6356621783589533,1.537032228491909,1.5991107396482747,-3.5860428250639163,-5.077857085121459,112.02840596002913,43.298267126083374
-0.29972117380880725,1.0156591522884604,-0.3524082271066824,-1.1249051245697932,-1.4591554117078744,-0.10368173073809928,-1.3520369322107801,0.3969839148444567,15.408971175642197,43.9883394241333
5.090097919393233,-4.810383884482182,5.0074730375005325,-5.0357686521900895,-0.46473485980364515,-4.510516718094101,4.460102395890684,3.458633950214076,160.61845545864927,44.60429334640503
-4.128916459945898,-4.01946937634935,3.3978549579600346,4.477717694423009,1.8727085452599237,3.6623261805107434,4.7718367571981135,1.6143531030385532,115.64750246157647,45.236594676971436
-0.1148097399149215,0.379960755786958,0.42723847070643384,0.49312664091987823,0.09371512168370799,1.137741524862819,1.952217935633299,0.9045108631725665,13.129556590136792,45.967183113098145
-0.3852071655260332,0.2466326997284991,0.421290908837352,-0.2561620468710464,-1.9815225419132738,-0.0649193340408889,0.47030366802822154,-1.1064594103864946,13.764026966428958,46.622214555740356
0.3411666377403284,0.09515301294535128,-0.7397713546694566,-0.3185663569742818,-0.7883344409751905,-0.7862220357894678,-0.5336077406712061,-2.2303722462205617,15.861011192209158,47.318596601486206
0.8012619378764931,0.7694706803817519,0.9033984803092805,0.3577269307786288,0.21934200249014335,0.17502361353521145,-0.042296598227716586,1.2180934111009458,9.299551096697051,48.03928208351135
-0.8752060481619894,-1.9300508783515538,-1.2010296756435368,-1.0796228639621575,-0.2163536990902868,0.9109682046175411,0.03692916437586646,-0.3206085305814623,11.685305443786497,48.84073829650879
1.1772501157952142,-0.6312144801803097,0.19050461252034623,-0.7388531205846096,-0.12991632242422568,1.207849113437038,-0.9577567777889202,-0.10902576615803738,10.02786036872183,49.79721283912659
-3.895908609309755,3.6323884611269284,0.3014680078867471,0.04122546586357867,-1.9324559922112785,2.173651629527237,4.348710987430599,-5.056953248338373,86.9109179494865,50.7368323802948
-0.442968333056343,0.19450763467679621,-0.7491681045231084,0.8174746743089694,0.5143817826782211,-0.16946299844498824,1.2543954190042488,1.0495716370844788,12.207618659439934,51.68242597579956
0.24035594039302488,-0.4548896306277843,-0.11839132714276701,0.19092017782074056,-0.07676010121085675,0.4257459345301209,-0.15918009670512046,0.13278037609288607,7.141546948913877,52.54388070106506
-0.3520060848619311,-1.50861447932644,-0.15130720301006484,1.2138879690134328,-1.97453537254836,1.0544702280600768,0.4403486114031754,-1.0846908212953066,17.207416792859,53.36410164833069
0.4486587809326572,-1.222924919404318,-0.44898144006217855,0.43407000577317145,0.08444306007171942,1.5580137525955289,-0.037725709063097135,1.4317553801771945,17.225533507304785,54.46243739128113
0.4374136981997321,0.1853028833410768,-0.3645589020512272,-0.2500293456277918,0.6687011135961498,-1.0990582819487464,-0.357807359827774,1.646871063768252,15.010805311418288,55.36647415161133
0.5488203475663598,0.2339224638303996,-0.35884115035082687,2.1312613275761114,0.4327122743718004,-1.0706199728344403,2.171101628732223,-0.7346420999432306,20.048796322640065,56.33892560005188
2.471363694800657,-0.6017659204045307,-0.07123440406342674,-0.3321878929087392,0.40290558206454463,-0.571026286365881,0.9206706150124448,0.8512623229348675,18.27359162244605,57.470519065856934
4.471286712404043,4.169223881906015,4.524161217612478,0.23832895029756074,5.055916904192148,-4.89673815027165,3.471770081827578,-0.7075583878918996,128.9189314741644,58.44602060317993
0.7814207663982504,4.955880007441105,-1.4555650962746807,-0.08079374448746979,0.013482926140139462,0.07174147461835112,0.3910614887536159,1.2328949353568737,34.675222983232,59.421815156936646
-1.0453371136798308,0.39531212240448976,2.0962172834782393,0.13629512313461767,-0.037049635514875945,0.9867373542585094,0.34332956341876386,0.48699440790522974,12.92595648662917,60.49980568885803
-1.8037505202967083,2.1406524478381934,-0.9186508690481245,-0.16626938220328746,-0.34311751505245613,0.7986140795389121,0.5641126346143395,-0.44501496518176875,17.75170182258187,61.513253927230835
-0.29293137025418936,-0.03955236033124265,0.8246586910493958,-0.7682383170139859,-1.340411809594395,-0.11493271527425541,-0.453987486583741,-1.8640423026363835,13.668414032335512,62.48723387718201
-0.36631944971775354,-0.5190538369582205,1.3536600599582664,-1.4774872584490444,-0.039596640274510264,0.5321111404116277,-0.8338272443892887,-1.5161179489262446,19.456854296820516,63.50465130805969
3.7542314119615225,-4.9736074946426285,3.9895895670591477,-4.871354523256192,3.910668249105691,-2.302308268179771,-4.816974193525926,1.8987675124615633,129.44226463144085,64.50851559638977
0.692724558356633,0.031176458673885854,0.1683994307057901,0.5747507591625416,-1.7923121028564806,0.8019805752524336,-0.5294734573012292,-0.5205198281924917,14.40986816854258,65.50059485435486
-2.963984054410442,-2.2957063584517137,-0.878316756293029,0.47378982075560394,0.5567264423713167,-0.12779032136654944,-0.3405452434150984,-0.4189829867925914,24.897182752441722,66.59081268310547
1.4100935451400245,1.086164905908836,0.16640188659908972,0.6182342190846262,-0.309277915334774,-0.7043563646713116,1.3024605101080056,0.9588760940661825,15.012021070708624,67.6496651172638
-0.9490361504770712,1.3804360571927354,-1.3725315900624757,0.4253419126048277,0.15028400733219804,-0.5088556060690914,-1.0199077173702422,0.748189838229349,15.553557884132887,68.71659183502197
-0.3764070189946729,1.056279214854631,0.2821202883315319,0.5252546655111505,-1.5031758918153124,-0.15453990317492217,-1.3007263385464993,0.259391123995365,15.426230163265188,69.81453156471252
-1.3028072971909723,1.219748854239505,-0.7761750756009222,-1.3876443790513706,-1.3013240778998778,0.6135655052149716,1.1557813081986517,-0.279179467898663,18.628119854371175,70.84944701194763
-0.5053604361207951,-0.12586239497933693,0.25569376372948227,-0.5734431171963958,-1.3105688050343778,0.27279822859495795,1.0300815747782863,0.07316350356811885,11.387041840594955,72.05747675895691
0.2289146973804428,-0.16255078070175255,0.6950399269207432,1.4650515430020592,-0.18170664882375398,0.40694798446588454,0.483306733153519,1.6581555814932418,16.50806311019722,73.02525401115417
-4.0924301703316015,4.807686380599455,4.495624235155241,-2.405554196440059,-4.335465402178425,-3.0425784149480384,-3.227158352688134,-1.6458904429613943,115.68682749261978,74.0657525062561
-4.708899004116932,-3.9126565045386688,2.221706490538778,3.656010838398383,-4.553143384294402,-0.5826881655270189,0.187454389325576,-4.765408701688726,108.71531709425606,75.24748635292053
-0.32386733452759486,0.48123992328238874,1.118237574828382,-0.5821288935352484,-0.014299645640155845,0.9137588830448768,-0.6901996726360187,0.7090722863063013,12.082685862723581,76.44265270233154
-0.6515895371889204,-0.31281817861836636,1.9515236282041393,-0.6550988047418729,0.157427956529391,-0.1302428479806359,0.5942995380189142,-0.41695038653337413,14.36424041310365,77.7112340927124
0.45822511403237254,0.13058141347815067,-0.6070909001779805,0.8527759589467907,0.8688397869246387,1.8198320880138992,2.2440756169054907,-0.793781335842823,18.10665803081083,78.92426228523254
2.0571543109085644,-3.3443708416416515,-5.106939475698547,-5.055286920539864,-4.685818806208543,5.072933240184322,-4.936728435111922,-3.714879722612234,157.60879070470006,80.22208666801453
-4.901851025587015,-3.6851349538708247,-4.91315755269112,-0.5338825203971851,4.989419086348824,-2.0313188470377095,2.4635469748790113,-4.26651940224992,122.12752646405464,81.64811730384827
0.819600400675264,0.21870300164835133,0.189822044094905,1.0845326001093563,1.0409293563759716,1.3415752111570018,0.7502038254694652,-0.9785481559784968,11.07008791104812,83.11857724189758
-0.9420536994530746,0.16353547635855392,-1.083649267758208,0.41236197838256405,0.927740569976244,0.7270127978700591,-0.2512362545845539,0.9882163398024488,9.479001591687418,84.52060580253601
-0.3802890229584399,1.570270628070059,0.46472895340544973,-0.8911663592552808,-0.5364585227924241,-1.456293464119447,0.43059192892409026,0.6353684387800902,19.955277225490157,85.70924043655396
-0.6547871940549337,0.9922589186561304,1.194073503816087,-0.2095727985548228,1.574049003476972,0.6888267810234332,-0.2686825143468363,-0.26034766465283,14.394771832471012,86.83694505691528
1.2447010768029338,-0.5350526609196207,-0.3114132381730954,-0.37146534883918214,0.5892512850335621,0.9269949174181091,1.3109626344399796,-0.3408233854786822,15.986140871187809,88.13224220275879
0.28742298782400333,5.055756620709464,-4.977345760315258,2.0710925549770227,3.6043456537095535,-4.032645943785011,-4.496149492664795,2.4254713940062436,117.16612670713945,89.41502904891968
1.0079886661847572,-1.398426235744484,-0.028468893687537467,-0.6385083190865632,1.154204162219444,-0.026802926256880966,1.043148303072047,0.6684031099303889,11.687947361415109,90.65971279144287
3.342602409943992,-4.571385352199549,4.602840193752832,-3.1513467658662724,4.118099924417689,1.9027144128288889,4.228155224913169,-4.825746143749878,132.44899948670897,91.85887598991394
-0.45307671780073644,0.6250948230107589,-1.5821302042431018,-0.026336856666392627,1.0704201836982286,0.8022539839985043,-0.6180259929843892,0.452841057858274,15.490931423404433,93.2174117565155
1.4380169618223944,1.129921644516135,-1.1151513150646633,-1.967953019898752,-1.090488591628981,0.05569772597612044,1.1509845523480324,-1.492542704186289,18.350735118466133,94.62169551849365
-4.992892678230236,4.836210849605101,3.1996773446899924,3.8765383489697145,-0.7752061059242479,3.856762836620134,-3.659082966816415,3.4672217981933953,120.67026064900499,95.93286275863647
-1.88028573086907,-1.6427496989697663,-0.4328253232101664,-0.003685521912177414,-0.3921655619586826,-0.5485785166620367,-0.7202770115135557,1.3334929365716448,19.398951551363332,97.31323480606079
0.9020768521381664,1.384294829571381,-0.35775083618893166,-0.15058876314223468,0.5527244030306324,1.3576946590269259,-0.7073357139642882,-0.56971926968132,16.568929046300976,98.61479496955872
0.4472814991497236,-0.2265539013235749,0.7613065106882617,1.6633765147243995,-1.119598197586284,-1.3334076980936498,-1.6410048181446557,-0.571552461533396,20.197398938217766,99.96860456466675
0.9092298507729915,1.1073014100023668,0.784431292513541,-0.7945974223077119,0.7367272987261924,-0.8742651280997089,-0.0922966497324591,0.039532868889308403,8.076216879924294,101.21590924263
1.985049403775636,-0.2500227912991111,-0.11740529565003577,-0.37377417556366854,-0.03837665406197743,-0.6674457507732674,0.908584598521883,-1.50065994509464,14.33219425059575,102.62867283821106
0.7436764549795205,0.47644702426245633,0.32494325684274283,-0.11035218270649949,-0.02511867179183369,2.242163906515133,0.1846384526424325,-1.629689353936854,16.57904391401244,104.38799548149109
0.6240890464238635,-0.615014429576763,-1.0118983619618875,1.7596275531552124,-0.9197157737108013,1.1931589929229105,-0.17991668342454759,0.31249976623640574,14.422406517806612,106.00714373588562
-0.6117859241609498,0.7717971918282167,0.8438016644273683,0.2036658348179774,-0.38866524922687073,-0.3872970091962431,4.115093601430465,0.5821899000766608,28.725937547318214,107.64797306060791
0.7304952276544547,-0.7983120724475894,0.6091501429810053,1.2492146233343435,0.06575953181505856,0.8902551768277318,0.981864496854242,-0.3134844755054864,11.261531945309782,109.01319122314453
2.4426764156624214,-4.0764370848215155,4.3726849121334626,4.792032381405568,-4.508137166716857,-3.6217294351704608,-4.902829818875281,2.161034973909916,135.67118136517746,110.46410536766052
3.902582697613597,3.690309025634485,-3.414326878711107,-4.973667174417986,-3.070596531192699,-3.49207590551533,4.743633146661078,4.288394711360303,135.55361272046343,111.8643889427185
0.9093233476601332,-0.47869879984544816,0.2615162679679859,-0.5665595658128986,-0.040569493040855775,-0.005713143795653686,0.429918324371771,-1.3573395229832608,12.171431175328838,113.33084321022034
1.191057771565733,-2.3997904090934132,0.4039625913664535,0.0830426025606652,-1.2778389276233462,0.1608557813562177,-2.2713422759809117,-0.011749986226792686,21.34750972484237,114.9408016204834
-0.9285208814313854,2.108793752175224,0.5264367588665912,-0.7557219229835148,-0.44356986628246453,0.2990731686677881,-0.6401845834951088,0.5822213515474575,17.213868894344994,116.47241950035095
0.5216132307008472,-0.8099979001780051,-0.30697715923933533,1.0000085631316509,0.9918915700478435,-0.6029983933781837,-1.1561290040499603,1.5178329780976147,15.22004225354318,118.02617406845093
-0.9910540726965529,-0.226050589742524,0.053466684358332905,-0.10556172301122313,2.1526660742863246,-0.5649682173223756,-0.28897060414724507,-1.6674952906112943,15.065661582679827,119.80603647232056
0.6381559513661115,0.6544708950365328,0.36590498359911994,-1.150474079887084,0.5963247746076652,-0.31639986325437874,-0.29611014219009224,0.5106194885906499,14.899545091098338,121.52589726448059
0.21317937662796993,-0.8412344048524236,0.31124853794324014,0.5307769411696004,-0.8111705345374807,-0.2410749681759139,0.6954310158184853,-1.3337456147322682,13.102882487267141,123.27048373222351
1.4775686022190015,-0.4396202230985038,-1.952281193245721,-0.8551962565089983,-0.39779735654699344,-0.0792703722076098,0.46481696408282325,0.7294475793396895,17.20836378348219,125.28383159637451
0.7125939232341674,-1.9445461777821826,-0.3518184352647129,-0.4397732096995677,0.12574504730215352,-1.2363905041429826,0.1696301867471517,-0.028148337942229595,12.742083188948449,127.16030716896057
1.2315333969816882,-0.6345891731225093,0.9866720272397602,0.7419585237363302,0.6931922013132414,-0.07650983976669323,-0.8081719004881442,0.9172625692829488,11.263200758770411,128.99324560165405
-0.05560209245837466,-0.1353594581893116,0.7916561560809434,0.36561356699644776,1.441569652927706,0.42950249175583366,-0.4166420318402606,-1.3019522047992353,14.742767653235768,130.7675063610077
-0.5338835003465316,1.091520067070757,0.6864334435044182,1.1090854761300522,-1.2834301922949014,-0.22221725321671215,0.6761699363823093,0.16621165072741828,13.091851478266294,132.9119074344635
1.4601042422404946,-1.441682047401999,-0.7183414557770504,-1.3813619539878785,0.24004402741326558,0.6430432830575112,-0.08381634250680214,-1.7960131728115933,20.583567090525463,134.83466410636902
-0.40582669360636814,-1.3002589477879423,-0.1112135490249333,0.2217390490715312,-1.6554401242137002,1.4552101238643207,-0.7241060615078698,-0.2837667118357592,17.471171476921523,136.60793900489807
0.33442551892814,-2.9291858018260912,0.9826514775833699,0.3455827490390915,0.7703241823045177,-0.3590902418605033,-0.23482788797794196,-0.052004383010703314,17.194913244407033,138.240882396698
0.8194742280384029,-1.8249374450572744,-0.09553897861083804,-0.06410689617883936,-1.216400910694341,-0.36096327151196306,0.06983313822081438,1.426612632899249,13.466447627195244,139.94934177398682
-0.6453676942449054,0.37511908280440576,1.1488304582171391,-0.4390867295399392,-0.06855220031355458,1.067149228873176,-0.03998598774604023,0.30647904190039643,10.519398563563502,141.58586621284485
1.5033169007305558,0.30481742173523774,-0.07259541257199764,0.4435462390148839,-1.2633172082087163,-1.469930679000949,1.4380397354277195,0.13202896212577198,19.090116008791195,143.46107172966003
-4.239856439840051,-1.8450347624802288,-4.568554264555311,5.066227354326281,-3.5206504323590284,-4.369362497239032,-4.6522854866647005,4.175259645324487,147.6465700348645,145.22234678268433
-1.3105296592061082,-1.3010947514606452,0.21611171559985198,0.826653022189479,-0.37536031625106236,0.82841137664116,0.5093719829643355,-1.059016662538573,14.662715522241971,147.14358520507812
0.23372343864298983,-0.8290438290210762,-1.0226873800821341,-1.3854300662103225,0.08229928634934858,-0.7387893137752464,1.9230040001075137,0.7178501902907177,14.17306392474123,149.0321762561798
-0.5958886489803605,-0.6995952558884007,-0.19074555569235052,0.212862886276314,-0.2813235908879026,-1.1007981204704844,2.376669320063959,-1.0498401978184155,16.660806019141162,151.0088701248169
0.34937931271886313,0.4789578718508425,-1.1513976607889744,0.05505823655357389,0.5447694353124266,-1.238866566191124,-0.19839701449295788,-0.9213063191853834,12.146418102862038,152.83033657073975
1.391472947645238,-0.21994458388492166,0.6766364550594552,1.2585918279406458,0.1015038459226707,0.29823594188254887,0.23218594318714647,-1.6761018440797257,15.907502866955932,154.9746024608612
-0.41982651217063705,0.557987325615728,-0.0979469217639668,0.0018865808022869857,-0.08350950115074074,0.0376837143931299,-0.22265801449720257,-1.2756911257411025,8.328436215110848,156.8778624534607
0.4021093812042853,-0.43801330803906424,-0.7067599848781647,-1.088057289255703,0.6345179470668247,-0.18248806188759215,-0.06583346355397879,0.20373665533555396,10.727809071798392,158.56399822235107
-0.7392544838974011,0.06066037286445436,-0.1271794437067264,-0.20043398643523602,0.30457476941854367,-0.05454220766971307,-1.2955736691100466,-1.9121733246285935,10.997883713413652,160.63837575912476
-1.0346100294407892,0.21843965045206026,-1.5217478495463053,-0.4383963467695171,-0.7964084218419245,0.6612042403546585,-0.5444326632814089,0.04338899556005238,13.979194918742841,162.41439771652222
3.9368357931263622,0.5188043983834696,3.774311625384388,5.069801268006461,4.702403481931534,4.367118325500003,-3.133019385601968,4.3153145262178265,133.04567516018034,164.21012997627258
-1.6556278212767057,-0.6669620029059953,-0.2283776982252359,-1.3558886191801882,-0.06518573098534475,-0.06593386787583988,0.21710941342851786,0.3282904968457645,13.21354271308559,166.28660893440247
-0.5654758684133592,0.5388081552962376,1.7549222687807644,0.17488959913849644,0.013331517649056934,-2.042713365118679,1.1085313891939919,-1.6066859834242173,19.151562601184587,168.18616795539856
0.7431084036071391,0.774360125430654,-1.903143621020741,0.3637853443339045,-1.0898536819855984,1.1278783741160092,1.0622974538478163,0.3186823586942671,14.276873254764155,170.00503516197205
-3.793620698870419,-1.3022837678078627,-2.1816240818478643,4.246430832974231,-0.15122559011683823,3.96403646254108,-5.066636095781453,-5.0965891708134485,110.58349485396266,172.05455136299133
1.2227183239705708,-0.6950626600946928,0.14874341771763433,1.3302676960917017,0.5433068750948005,0.14659687358353857,1.5730538179305684,1.9847806763325382,18.816595905690743,174.0847635269165
0.18897976537275696,-1.7693604138085512,-0.24242745460131765,0.05088710233339366,0.7702038141597187,-0.5739974600619853,-0.6014607551559266,2.373068252149513,18.920607174117425,176.31236457824707
-1.2857750650113502,-1.5280016422729323,-0.5516607861980356,0.015971546985298346,0.08947775210414655,0.01718223076044989,0.8344806426961755,-1.2363988998277877,13.254356067796563,178.55165696144104
-1.0198756758470893,1.2908390564465426,1.1387669508184084,0.8674369663655712,-0.40958895146041385,-0.10072837243306143,1.3369991342911636,-0.26042732710736693,13.35633924142273,180.75592041015625
1.8764566488486398,-3.2548246456824526,-3.24821911417379,0.5905059881093733,-4.4010883766813915,5.098622526758972,5.114066988189641,-4.892691044551799,127.08421501730034,182.77084040641785
1.2329250570174688,2.082540226414486,0.5181324612842877,-0.949616171618314,0.7945774388315474,-0.3888239902158954,0.8621661301694932,-1.104039468464637,15.887354701822881,184.83317017555237
0.4439604640156336,1.7240601625562784,-0.20714760409252353,-0.01304918114593967,-0.06735506752093201,-0.5819650390563451,0.860712278732386,-0.04953263777080785,10.503016042814126,186.86844992637634
0.23023213146309907,-0.5548696763554828,-0.8367422278708023,0.4941277312212007,-0.9448283003928468,-0.9456979041906894,-0.8864974486666481,-1.393787865070041,13.265204865835575,189.11654376983643
-0.10252808438504335,1.7118687476619199,0.08216889122595639,0.24652691596961862,0.030746360979489573,-1.5416605744740859,-0.5722428912798128,-4.343172712754557,32.55887427764113,191.37959027290344
1.4925540173384029,-0.14634745664312732,0.6977553083296106,-1.2208532002153891,-0.04072144211262785,-0.013728265935898598,0.06867024683521983,0.11531867901020298,9.158471351166554,193.67922735214233
0.33754743965348055,-0.5518080502458531,1.0059469505292222,-0.8883642231492681,-0.4920635849445967,1.209620460120008,0.1656584323172572,-0.006896071121873071,10.902583678073597,195.98552560806274
-0.7766705796325786,-0.005832939484261779,1.529245977321989,-0.8757993989845101,-0.6308148450727682,-1.1610144581917963,-0.31948156158627494,-1.020474642238658,13.286045866071124,198.25840520858765
1.2829386135986534,-0.6000192207371313,-0.6717214821210042,-0.0705344400548551,1.2428399502435683,0.8406293963584188,0.21423266033774446,0.5460904026330056,13.792224352023316,200.89627265930176
-0.4717213816328183,0.8357216788255073,0.6259131874577069,-1.3230372764549254,1.290557570547926,1.4062284775756257,-0.4517339479045681,0.22210703373056706,18.440364544973434,203.46602725982666
-0.43687698135980746,-1.106426183259603,-0.533349870632259,-1.0535478075782985,0.3911196201292162,-0.2741062666197376,0.6617479893396183,2.456588465827349,20.09766424833777,205.99037075042725
-0.924836519077326,0.046816391487693565,0.2623787707123757,1.147875857724296,0.8365663986003344,0.573868722223259,1.4691938865500198,-0.6535631836132509,13.417978512550063,208.33734822273254
4.70856423362286,4.703381146982886,2.222656301003597,-4.875361328210205,-2.975917313640794,4.81129297748299,4.820602501705026,-4.178069598082,151.13714482493535,210.66749548912048
0.639162527443907,-1.0465943453975797,-1.798315234634004,0.5453736868446075,0.3606913944657144,-0.6303380523844178,-0.2375428415941121,-0.3057312781607848,15.645932817150157,213.07985830307007
-2.353721440092523,5.06497601908901,-4.497881008882063,0.9527102632896813,1.3695578476796024,3.33380706650921,4.127038782234663,5.026042600867403,114.84900619361356,215.56758403778076
-0.866462321451043,0.8863881030237808,0.686961535687824,0.7003787979155103,0.8951124030178237,1.4422548446910124,0.20614840685736535,0.23960052088424177,12.555612285626717,218.01677441596985
-0.38295139312438664,-1.6128475223178502,1.1634682560250882,-0.872734865993305,0.1676134337934947,-1.7652633214980114,-0.10143588804857728,-0.416592283618181,15.949105812019251,220.56282353401184
0.5130960764398704,-1.255184878464171,0.37202718929792233,-0.7977366144578211,1.6828832283539734,0.7505145160174944,0.4828723965581503,-0.02171804024032209,16.079650509168058,223.11094737052917
-0.12085227155560485,0.5724135424480599,0.8476252199991858,0.5039943904011466,-1.2473974459129624,-0.7907923964083343,0.9979787203026902,-0.5881436512937235,13.015719169373584,225.58004069328308
-2.3985612398108556,-4.934609687739846,-5.065768307245104,-2.051966851143606,-1.2390278717133425,-4.9327871448408835,3.329383971233157,3.8438613216467017,116.66876951370492,227.92627048492432
-0.7404282160289384,-0.5096209708327653,0.48977936367331143,0.6981371156006881,0.085764851952006,-0.19308450170961144,1.401970511547681,1.416210632295912,16.399881171748714,230.57775449752808
-1.4921347154846236,-0.5872699844839842,-0.9527717831012215,-1.0511058505501483,-0.1889981854670486,-2.263022661296209,-0.265410560020368,-0.5154022693219815,18.823776950777148,233.27471899986267
