0.8724416005921487,-1.634390140028633,-0.7948960364766817,-3.72986585517629,-3.8442202847561133,1.0546723704537673,-4.160104704912174,1.8539325625663539,59.78391689874398,0.0020003318786621094
3.831545348935699,3.348055859498152,4.814213387280943,-3.4590561139637654,1.1936662468810075,-4.156229726932529,-3.5106073373473254,3.9907933990956765,115.74108747259915,0.0030007362365722656
2.203530621920918,-0.7638600002940485,-4.677223304225079,2.5734827743662185,3.2762906299858523,4.1187422406704295,-0.6805039464241531,-4.807461496537777,93.67287080978376,0.00400090217590332
3.4490586733537585,-4.82819133315321,-3.6469250673424334,-2.1962658277696,2.845013610353231,4.470143785554828,4.90242742343787,-0.1639309134225142,113.30515106168178,0.0060007572174072266
-2.5692931822486464,-2.6125230401483233,-0.37835711030240216,-0.8388411090113497,4.115288455262898,4.97599736377811,-1.2668387290757237,-3.401164875180635,78.1828646809933,0.00700068473815918
0.3208878636098884,5.09036288371624,1.087097837833774,-4.220481391160376,1.2352656204442223,-1.73115920940079,-3.498268656318729,1.770111183581876,72.35189974582896,0.007999658584594727
1.1143771938727411,3.772363131174248,-1.7046271927586627,4.314532576574121,-4.486768721307152,-0.8917652038674415,-2.084473140720275,-0.8756217174150382,69.46125821593553,0.009999990463256836
-0.1389171101684461,3.4824973426807118,1.2689172346834399,1.251173690800794,1.5662037523360937,0.21333127202304691,-1.519727323553131,-3.948055189310951,44.9266297957603,0.01100015640258789
-3.8534113966590686,1.6776787964105022,4.887761992534144,-4.87739399257542,0.7910229036387246,-1.6805812166304253,-3.7649499160910738,-3.321463164378608,100.86226133062829,0.01199960708618164
0.7735821616875489,-1.28789063321411,-0.30868466415761553,1.1877191262064652,-1.0451817100433596,3.355124481726757,3.1670846284332503,2.610003515242324,40.94840722717879,0.012999773025512695
2.4011127358866293,-1.032989426288844,4.790155921618315,1.3210464496620293,0.00561232411961754,-3.2299068736703904,1.757432130939799,2.4075400916395964,58.520879773485035,0.014000415802001953
4.478138973947378,-4.94225774187998,3.5664484350378975,-0.40741266660490894,1.7076418927216306,4.995650015342975,1.9109180902071623,1.074360859448956,97.37204284749627,0.015000343322753906
4.117463210258772,-3.578607124416106,-3.361080709669581,4.020304908937308,0.4097287555269258,3.547487249125095,4.8180479097935995,-4.49556549362274,123.57154902430453,0.017000675201416016
-1.4834745105716665,2.2870184900065675,2.4189473288982617,-4.571631833678634,3.5459498683280293,-2.1501659991383604,-1.3905056106389764,2.7932245357290153,72.98943271245008,0.019000530242919922
-4.9073348604731954,3.4775466836645927,-1.6982921480892896,3.734871409949702,-0.14599797261124348,4.797694340015011,-0.40344550459777384,2.0000526531689564,87.69824090982543,0.01999950408935547
-1.8263347760567314,-1.6287502397771907,1.9458151399507697,-2.9101069772378123,2.714576555800467,1.9521526588649625,-1.2061908845728255,-3.2183703212710144,46.47374952722076,0.020999431610107422
-0.04456314087110158,-1.7884801974047986,1.2190566812542878,-0.4101877126098534,-0.1942802038216067,-2.761317467697208,0.6588702134236293,3.0872357271815725,29.208288436116014,0.02299952507019043
-3.9589233893043003,-3.952351277131753,-4.112871061215096,-4.198036922830714,-4.5992590613517175,3.655200923648354,-3.5025351040587007,2.067865603207797,123.35106620509437,0.02400040626525879
4.885194300181852,0.5003786347684702,0.18976184116163441,-2.3546957862703386,4.440855904132126,4.531806504312217,-0.8744276034022533,-0.66576560342439,81.36557796974033,0.02499985694885254
4.111750011166666,1.4082195278025837,3.604147048911501,-3.3702822904768697,4.197631584506225,-0.9674145138606756,4.464094534752575,-2.7295969827482844,98.52743701659686,0.02599954605102539
-4.691354527018032,3.308277193257875,3.941197000817918,0.0881235099808162,0.7516070411405655,4.751804235018986,5.10668077069174,0.5554261516133714,105.0955782473052,0.026999711990356445
-3.391866840041499,-1.3935103802545399,-3.1595518067130373,-3.0844571319896805,-1.4089471013812664,-2.247425326237655,-4.280153788496953,-4.487899394042804,88.61196004658385,0.0280001163482666
-4.250147890250705,3.3102483844168136,-1.947066485068969,-3.7459628571273322,-4.290205022111389,-2.882758268302568,-1.0785049475484563,-1.1751425256502062,81.73099189705484,0.03000617027282715
-1.026882400907053,3.2930024760193417,1.0668657307862226,-3.5586881312433025,-1.2374482800983055,4.407099953899986,0.921783975289447,4.914660194227191,77.9734232654029,0.031016826629638672
0.3295089449703932,-1.8535641204269124,4.9513289190714955,-1.1112857005290575,-3.042620150204774,-2.486708755080006,-2.996925466803501,-0.8213620637544983,59.145533857429214,0.03202176094055176
3.8586924342336806,1.857048147715492,-3.0641281295663982,1.8297582442394162,-0.8039856245175345,-2.8130482988890866,3.442522669233626,0.9071051658657314,57.03648534973598,0.03300046920776367
-1.4821563334075534,-1.7678794655608505,-3.0258175691789115,-0.03177797276075989,-3.1899515901394406,-4.156767082020179,2.139054338972092,0.7597709933410544,52.376070976787126,0.03500032424926758
-0.41248203210242984,-4.228512087397013,4.617296458563229,-3.5208858066714477,-4.365354402588154,2.678976073314434,-1.0975039649742966,-3.5629081098278674,103.54778380625234,0.03600049018859863
-0.1598953710966251,-4.251347949316027,-4.0801078306954235,3.731041180143051,-3.58677264338324,-4.669389058893976,-1.4393766383440032,-1.1251063709556974,94.95005007486986,0.038001060485839844
0.3713522172661614,3.199170757697247,4.37357747009002,-2.7807074101230724,2.531034498718711,3.9809249560422098,-1.501690889833855,4.503259367572594,92.89514600540846,0.03899979591369629
-1.0413187283657903,-4.0357297782533665,-3.163831543346518,0.7327359847353137,-0.508679440349626,-5.0954232899588465,-1.104372161965653,3.682195262500204,74.36362528234996,0.040000200271606445
4.604561537053004,3.951367539442603,-2.296084619165233,-0.057432189920285204,3.723196820849572,-4.907999426306426,2.8639922616973132,-3.2361714734681355,104.49136540335034,0.0409998893737793
-4.47566639295003,-1.6791433942194596,-3.806026678273363,-1.0995132424955303,-4.818462666379041,-0.2355017455077828,-0.4477242603066758,-3.3496998976004906,82.52804796647432,0.042000532150268555
-2.2980699755199097,0.9129211424335564,1.8109103331921679,-4.160037511599102,-1.8442725920413334,-4.1500383907254275,-3.1772088776168412,-4.5796009458260905,84.21584054058536,0.04400038719177246
1.704848109367438,-1.384766053647823,-0.08656320506194515,-2.8084407434015675,-1.324231539667175,0.3322841455155423,0.8173125478920449,-1.548364281952368,26.950402009625623,0.04500007629394531
-3.904873278909996,1.6407913645238539,-1.3855432486862518,2.4858974004531564,5.087191568115059,2.5142973286216845,-3.148040788463239,4.883464825625661,100.35555878091283,0.04600048065185547
3.2127087390184625,3.7247110784948942,1.676659867990196,-4.914954498580297,0.5295548826072851,4.420745074266853,3.94044360276643,-1.3657218714181822,97.4840460356548,0.04800057411193848
0.03470804033219288,-3.4599877199944604,-4.652264878380418,0.8674926451690022,2.764478597926283,2.7676217295133805,4.647576886354419,3.2236772864911947,89.79250894723387,0.04900002479553223
-1.6184896562802424,-1.3314451388285526,-2.359166360551238,1.1866602231850196,1.5164168223546302,-1.8585268760024287,1.708406100157073,-1.125306229057084,30.692692211197464,0.051007747650146484
0.7160979852680933,-2.129428497914525,1.6881417599075919,2.702287853376485,-1.5185148670907136,-2.7668227820107094,1.6387392873293827,2.3068086436754465,43.24663923882433,0.05200052261352539
-2.5759952173199423,-3.980475464258607,3.971161191547636,0.9309712757540582,-3.420054023938611,-4.424769589978241,-0.5764240974218131,1.922398607752803,82.19489016423896,0.053000450134277344
0.6141553676561458,0.323780999529081,-4.00082952715719,2.243949112281844,-2.8924985359267508,1.8401482681177974,3.4470435512028006,-3.968890658396714,67.72078539055826,0.05500054359436035
1.4172609445053208,-1.9078711560538903,-1.7795807156599932,-0.8475539006965329,-1.403864983674176,3.13019760947303,1.932857963970287,3.9044860779305273,45.95632899892998,0.0560002326965332
-0.4710850769675554,-3.2296016341588096,0.040865083378624156,3.3178025470692285,3.462380094777351,-3.3084479323084937,1.021978446960202,-0.39741371522295044,55.23988047326698,0.05700087547302246
-1.9859136250816092,4.446450328679771,-2.3657653423467817,-2.226021689772271,4.058912221506103,2.0104160723789573,2.8929525672265504,4.63968203546552,91.06844694748614,0.05800008773803711
-3.9876137273987293,3.2017017084412442,-2.2445872440882484,-1.8438858487584886,2.737674233719485,-1.7339484424557505,-3.3710224317042776,-0.06290969806897007,62.51752117085503,0.059999942779541016
-1.8540707668667271,-1.3670100147891806,3.0964938266097137,2.1895053252894217,2.1699141291593618,4.671829065972745,-2.3676015561163646,-0.09121070213039406,58.529222575171815,0.06099987030029297
4.934712827461014,-4.426206879518925,-3.755697147653002,0.13748961561724649,-3.4221506224069476,-3.4549105042096926,4.175875257118338,-0.07787620748955693,106.9616157672545,0.06200003623962402
-4.212849209614819,2.7770086479800495,4.148725161900786,3.1100067465063406,4.935915792071984,0.7003467603082472,-4.730918023699379,4.111218871295859,121.4573820749744,0.06300139427185059
-3.9723913998824045,-2.1428809886991083,-4.161083629921289,-1.4953132117735133,2.530885843469764,-2.5792045625441022,2.0943773904900524,1.5916053782381798,68.63039063067428,0.06500077247619629
4.659473890930495,-1.8007341425558758,-0.7824137137802873,-1.254832587712281,3.6257603215856227,-3.522346238855188,-0.6568373924188462,-3.3081661897873653,74.72565859161236,0.06599998474121094
-1.5535646707445112,0.39918926612249006,-0.09941807596917496,-4.120160575220269,4.1521871979014575,-0.2969305730853433,4.227397293909388,-1.702348392598969,65.73411521200464,0.0670006275177002
1.1600664564169616,-4.948336720427245,-3.3136881264039477,2.201271405546711,0.0038990748322227375,-4.981081046119347,-3.2171340995815143,-4.254133606929101,99.34990222846719,0.0690007209777832
-5.036227285610128,3.772454259184607,-2.1278906477590516,3.508828754876057,0.14109366216610475,-1.5158505735800163,1.7878067852435997,0.03639495676404625,68.29321772257705,0.07000041007995605
2.2333566546385395,-2.223659336658465,-0.5851300227829688,0.3112993883666739,3.408342791716767,-1.5440390772726387,2.9108718757550625,2.679368225573894,50.37455190088402,0.07100033760070801
-1.9654566860470157,3.884069920374073,-0.7605916225935347,-1.4543200816569088,0.9418555866668843,1.4889638009698265,-1.6137831006592789,-3.8306174599537437,49.52800482869223,0.07200026512145996
-3.0606899140024164,-3.470587525790777,4.722002423940629,1.7540109221916662,-1.6233320841094865,2.1340179071384044,-0.1152860975431036,-1.01716024907767,61.53385294049156,0.07300066947937012
4.002899673688158,0.6396378897970711,3.795130670036971,-0.9992465537851585,0.36428283490667024,1.8041072855744416,0.793077239989735,-3.2770448370892686,53.175136923930836,0.07500004768371582
-1.390774045018663,2.1652878692469955,2.021219957326494,-4.531347392952481,-1.6435803736266,-0.5048396787737834,-4.56364806513513,3.2638062001376325,76.5595602360712,0.07600688934326172
5.101655517198201,-4.806704263745359,-3.669564067653149,4.459400630848667,-0.7654128274865277,0.5701857458167474,2.2734660784055034,0.43217233196572913,98.91487937784943,0.07700204849243164
-0.42605118455833235,2.712423808744189,-3.923946587800634,-0.42263561349246537,3.969787859440104,-4.2363981017918375,3.800315822850492,-3.3311724422373263,90.5941097174346,0.07800030708312988
-2.02050325418078,4.859552396311298,1.1907286543859819,-3.65334798606519,0.205747528260658,3.214328773777056,3.940967827845669,-4.813718021752167,96.3011499847462,0.08000040054321289
-4.006197585064758,-4.667294217776734,4.541850995351468,1.5992415146798553,1.5538763013738954,-3.873218516593089,-2.878334473826256,-3.632228222333257,109.38486717326197,0.08100056648254395
-1.4544879040151004,3.6839065524440135,-0.933366147665815,4.813163056802289,-1.3810348391122234,-3.561986968391218,3.0766842930327902,-4.773519811064898,95.2596941200087,0.0820002555847168
-1.3114474051736265,-1.861575763062203,-2.9079025453906566,3.4958612664847353,1.3074491416774219,0.2925097940140793,-4.303793137963348,-4.488427136284749,76.16597213875728,0.08300018310546875
2.4177379605856117,3.861885306609264,2.1687488430899498,3.1002605390923916,-3.368223305880823,-3.2631224419429006,-4.351750670210299,4.983493487009967,108.12746938821209,0.08500170707702637
0.1690408519434854,-1.8748059837241629,-2.2722936234877187,0.1833096688357312,2.5511518451134467,3.246286945419599,0.45789119623408236,-0.24937580787348512,34.48522368174987,0.08600068092346191
-1.6668068556861457,1.948821882075607,1.2898441171413948,-3.2315704725681655,-0.9664531234938005,2.389797898433093,-1.1362385730697455,3.3998672748146133,45.805803697196616,0.08800101280212402
1.0834053521621216,-4.78097518696773,-2.338814900047066,3.4993844100973517,3.7119516439363034,5.002500496591243,-2.721621472888267,-0.9379562238565855,95.79744984554729,0.08900094032287598
-1.1226469650064899,-2.9259951152888477,-2.8809780155693145,4.788767360003663,2.854353791080496,-1.8126570308595995,1.76926250704543,-2.8609862516969846,67.46084097246376,0.09000039100646973
-0.04476933653070159,4.215647049745978,1.900633136493684,2.503294358843581,-1.206415230651483,1.8066833029255758,-3.3543430111793677,0.28248647538238636,50.91033034350081,0.09200048446655273
4.232053646137488,-2.263583258293433,-3.1533251625053627,2.1913996185591635,-1.1379400713791217,-1.1965866156754288,1.7242203789779058,2.360544390442353,55.91828538183469,0.09302735328674316
-3.1776364516312046,-0.8742899871198739,0.3199566896195094,-2.9658757628816312,3.4979215456756476,3.5002728269228234,2.7484261418768154,-2.3430530661861835,66.1586989187709,0.09400057792663574
-2.2183416210220193,4.316603888917169,-2.373294578431185,1.8203078218938717,-1.314132383998182,-4.281307570636841,3.9081985207735306,-1.3760757107747663,78.6662706564995,0.0950002670288086
-1.462387031093579,-0.7086574268676742,-0.7481885455969612,-2.032646008016137,-3.6744276299614795,-4.929489126188809,-3.676797096404591,-3.709211103384125,80.92309811167017,0.09600043296813965
2.7866228666414568,2.305280990776387,-3.367956511675553,-1.0491303332156878,0.3498197609341398,4.200926883221135,-4.02284766854034,-2.4357640664004983,73.45785226110206,0.09800076484680176
3.861308947127392,-4.888411663099053,-3.7204449675634903,-3.694152263146261,2.0397276412201064,3.1487709306853295,0.73905246010355,-2.433974403523425,93.38183522686886,0.09900093078613281
-2.683192493844089,5.102894345185741,-2.2935038549781526,-3.031875924731416,3.364617039263087,0.7742664963970034,2.9235924280990497,1.5747021455859702,78.05051390160448,0.10000014305114746
1.8158748185758569,3.3710499182366123,4.729490404262456,-3.28302277870226,4.201618799298218,0.6551420420391869,-1.8300284914098275,1.5026852731355849,80.8992067611667,0.10200047492980957
0.8493322602517779,-2.7290997019447736,3.053522524705765,1.5877019686352387,2.8372034794877043,4.857698432288381,0.33032597269723585,-1.8205200920751765,61.446752589957114,0.10299992561340332
-4.729262189573692,4.935892651884902,-0.6010590419493411,-4.114560342847769,0.027613061366285052,2.5442145586611744,2.523769542698826,4.805047812661447,107.84115917223583,0.10400748252868652
1.6608670619557815,-2.629150699025217,-3.169884492316066,1.9878639873636557,-0.8813398013686289,-2.1855803847494584,-0.8457308589170687,-3.948910998619345,50.630227385401525,0.10600018501281738
-0.9477847493777372,2.9915428185866704,-4.064796105115058,2.2002490486458344,4.24440019512629,-0.9562232618960076,-5.11154362794892,-3.17208003508793,88.92736868987416,0.10700035095214844
2.504260730572158,-0.7749786212227532,3.3891076361307766,3.4653310742134904,-4.30562168935793,4.0129489930299895,-4.87894744335287,1.2799533810395136,99.84605237398047,0.10800027847290039
1.4885710163435677,3.2800319054086566,0.5188143746661167,3.5666132657046807,-0.7347221670733113,-5.108648161720779,-0.6120623366385383,0.28780436420796107,64.46904957391263,0.10899972915649414
4.270565873183366,-4.349388421443523,-4.175929679165763,5.117521275903477,-3.0792120493429236,0.09367143059542382,4.973076222994867,0.45267579556009707,120.99422877171706,0.11100125312805176
-0.5652363253962962,-1.4114207811937596,-0.28639335047157477,4.032083581683039,3.179697798515183,-1.3832098787354692,-3.1109337749347716,-4.294970746542322,67.64010362144629,0.11300063133239746
-3.955606754712477,-0.45485614379691874,2.3557198254795573,-1.1581861789154204,-4.538529541985805,-3.8195132311352253,-2.9986289402235795,-0.9857729136397637,74.51659597141803,0.11400127410888672
-4.889854182142878,-2.387347075473211,1.1040282318513608,0.601268058414897,-1.0465108903912768,2.5583172049004315,-1.948596501699646,4.751086164576328,72.22169573842164,0.11500072479248047
-2.991211490625074,1.5278567383134591,-1.3495287917872867,-3.0824758892518203,-4.985623721602531,2.687274609490075,3.466880485404631,0.4650608805670853,75.96342965202867,0.11600017547607422
3.8406271782423973,-0.5872478804298833,-1.816985924188911,3.381631421595695,1.8391106750692643,3.4729156199953133,-0.1877289344530606,-3.914920713716941,68.49177119995564,0.11800146102905273
-3.1443714258834286,-5.038523709552271,2.113903389464081,-4.123317501887423,-4.4290962894753525,0.20855195819899386,1.4158667834843035,1.8544960556164645,87.69028894212477,0.11900067329406738
3.2380324131648495,4.613863530334373,0.6429459136292506,-1.4090917590639909,-4.546213101833103,-5.0621408381711275,3.324885523213502,-2.423077278994345,108.90720581211131,0.12100028991699219
0.8298011603862019,-3.4099381563405164,-2.962566037799116,-3.813217623160898,-2.1935383165401157,0.11175320072462558,-3.3913562131980246,-2.4694163923098618,65.70793785716232,0.12200021743774414
0.6739186169897398,-4.619967238582871,-1.631466187614905,1.76310700085663,-4.739484828436739,4.664704741468184,-0.34248686961571817,-1.2887448799439998,84.72018042923023,0.1230008602142334
-4.358672733467549,-5.019943668802411,0.6693558649558602,-1.790851547922478,-1.771473500406283,2.060657032645959,-4.568634363375773,2.9936468065045316,91.78854269969031,0.12399959564208984
-4.823027679825035,1.4391227727358595,0.07778016255134101,2.4616117398547486,4.461890737966651,-2.5368460764716483,-1.0137143222470817,-3.2174862490993332,78.44070288113214,0.1250004768371582
-1.0374160730004958,0.036412216245133244,-0.3230351302632304,2.1447341461791884,2.44463260265141,-2.3077759722429843,-0.28027100687747986,-3.1000102056559182,33.33002929007256,0.1270005702972412
1.157694930676226,-3.3585529276821817,4.030662837302191,-3.93321002387897,-2.5444562944088744,0.8520944616014718,2.388789058145039,0.8002869848595626,64.88904972345802,0.12900567054748535
-1.6606465142878206,3.177957997391972,-4.295410282066339,0.7298155257299079,1.8496319511551143,-4.958534259743583,-2.923667529056978,-3.5987250251254816,88.22454691329071,0.1300055980682373
