3.5043537527760806,2.2395693643737022,-4.950160647087216,-3.8989559622290786,5.053187073986526,-1.8603629668973118,-1.1806515182994808,5.112219156888288,117.93663001189675,0.0020003318786621094
-1.1446618466643206,3.228520466585292,-1.2886839557276701,-4.392806771691332,4.67622951457525,-0.567588574380415,-0.5204391544904734,0.8192344547568391,66.02411630939474,0.0030002593994140625
-1.078178014001904,4.304196689277954,-3.37317076495839,-4.33963276332882,1.4482675333857786,-3.834681329422525,4.7480556155256854,-1.1185091296712226,98.89884299347727,0.004999399185180664
-0.9789810406170609,-1.0099361166605219,2.3008355122749657,-0.08204582727406873,-0.15235353772283577,-4.792300076894531,-4.3526588091123735,3.176371964599112,64.07440518946336,0.006008625030517578
-4.055491311740493,1.1687166797426576,-1.385447577033712,1.2201407473221648,4.271464349456214,4.34093271903961,0.8289145853220834,3.9462499470936576,80.96297372232175,0.007999658584594727
1.8667157847567726,-0.8401342442169444,-3.6912382091284073,-0.6788964566621356,-3.7150786646383844,3.624184699887821,3.0194091620656804,-3.5919683857363314,75.59265420306774,0.00899958610534668
-5.009202678988169,-3.9390763622424525,0.2767464279355476,-2.6038058243393034,-3.8508354210415017,-4.373091982665273,1.1162289977641633,1.0513055940911302,89.21802975442955,0.009999513626098633
-4.9824482665432175,-4.652401631172516,-1.1713016794600906,4.946896524994348,-5.013709542206844,-3.2617448899845067,2.1033289292422275,0.08590598558692353,116.10622372142072,0.011999845504760742
3.4610206243228836,4.1873554007981335,-0.1981256125781572,-2.457022627416479,2.7276507897226328,4.161563760685028,-0.09743357686859255,-2.6038039202680348,75.95581097233458,0.013026714324951172
-0.49026272464450926,-1.0738749605733586,-3.6317382853180398,4.796732064818488,4.195232439764935,-1.7047809964277172,-4.76269656767906,-1.466660456017434,92.2648045160615,0.014000177383422852
-3.4437342266227833,1.0297981096255633,-1.6162322598968917,-4.615676219974212,-4.994053580587085,2.0525382376858,2.7669870302675257,-4.016598161607086,96.18071492689933,0.014999628067016602
3.227976404332458,1.2673803082445652,-2.758921543329495,-1.3212134120485888,2.5719352493995693,1.2709331040809557,3.827403712555072,-1.3417526643365836,55.518895130871954,0.01699995994567871
4.755600619300622,-1.8498783772675003,1.5619749303100265,0.804667215312592,-2.893172678063007,-0.02355155867214176,2.0605135981213207,2.531838374972395,54.39732129508488,0.018000125885009766
-2.3658228753278725,2.1320840766198295,3.9242702873993425,-4.692414935642411,-2.0172246832077265,-0.2086011643337331,1.5190281098342666,-2.9801309065402437,69.06749100069348,0.01900005340576172
-3.786084120608733,1.8139368690812274,-4.227049764505232,4.758848532296736,-3.424949349468005,-2.9431821492885555,-0.3419105107684981,-4.925907122706003,109.70464314871359,0.01999974250793457
-0.7419913255550608,-0.3912386847312588,0.851266721683877,-0.25022408927876416,-0.566038820122027,0.38202274942122827,3.2965601265931026,0.022962739363674878,22.009548871182,0.021999835968017578
0.9445273153959679,1.1146921487842345,2.103364799145451,-4.708341280217551,-3.040555633345102,2.066972117271952,-0.2855676467750152,-3.0869819564072585,55.11356533895234,0.02299976348876953
0.35749263613877424,-2.3021580184281683,2.356663318566291,4.476925216238034,-1.7358390062410245,-3.7557677217907948,2.318856502867411,-3.6984074439579286,78.54683758100377,0.023999929428100586
-4.253323997431087,-1.8135180681600462,-2.343087778447471,4.622614657773194,-4.361835674110532,0.5692760803578993,2.19738848187885,-1.6524740013809258,85.85272197802317,0.02500009536743164
-2.014788030220796,-1.3282794918012684,0.5432406899632154,-4.634672405030883,-3.7441577293538373,1.9252735461339467,-1.10482534902253,1.037668102289425,54.10648939866472,0.02700018882751465
4.0599949666739095,-4.178935760043531,-0.6866062705924243,3.490447746933177,4.523043729522441,4.118896830150013,3.3773479283958396,-3.103982740860972,113.26984222848273,0.0279998779296875
1.5823045844119203,2.707904852492251,0.6842135432284406,-2.21935848625156,-0.22433105203560366,1.8607341508817568,1.6717295355146948,-2.230994039698109,35.40731590394604,0.02899956703186035
-1.8915437382664648,-3.6978203283859066,-4.408122621400252,-1.5025419879503992,-4.984182877036489,-3.9548635809518817,4.80482960003908,0.7154079000903639,110.32817645995408,0.031000614166259766
3.2093752166831235,0.9452285743647462,-3.8698288866384587,2.9318732775118894,1.4026895603035587,-4.9203149263595,3.2689192705041465,-4.894229073544556,100.06694837286804,0.031999826431274414
4.521982317552896,2.2764969267041186,0.09550324439590341,3.799334857318608,-3.4203206555540553,-1.0712710070081597,4.035069838576763,4.175317583885026,93.20980901491438,0.03300023078918457
-0.3784532939202103,0.64472676434068,1.7844357572239327,3.007435800348305,-0.3915173394696625,-0.5606097388792346,2.8185988660263774,4.9479988007560065,54.14551639306329,0.03400015830993652
4.823742722484391,0.8927266873532531,-4.633708301589513,1.5037364959341595,3.107261910965467,-1.3756746318373319,-4.981416377443796,-2.882242170746921,99.1031638734168,0.03599953651428223
-3.323537953512889,5.076049930494256,3.0562907791229277,-4.341283250369981,-1.627910735997411,-4.727166242308315,-0.1892369364412243,4.754449046808451,120.23544561961282,0.03699994087219238
-3.992329811754022,0.16132429941209114,-4.3498616959967045,-0.8777725876908136,-4.646620865009186,2.2627552022117436,-1.0092887640892778,3.8654551416658576,83.6913354790762,0.03800010681152344
4.90617890835646,4.331006119289474,-0.796683976318163,3.8421084053966945,-0.5105263940085027,2.0559310240046385,2.316098320815418,4.026647189513922,90.58674396110797,0.03900003433227539
-0.16900911641587335,-4.049939362907086,-2.9287446983301284,3.3071411603828986,-2.144340506477534,-2.4644383821295612,-0.7797844626308246,3.364494908979336,65.3882355784111,0.040999412536621094
3.0402489975020037,2.7007601257296967,-3.52677963872286,-0.5214767602780652,-5.097535882402339,-3.8488856295898195,0.8529864754660714,0.46806906450828034,79.28281740994134,0.04199981689453125
-4.6289108233058665,1.6904600838084072,2.7386104279229624,-4.229987406924718,-4.155868299586425,-4.268095587593218,0.4530103707907047,2.648483576843809,102.4939492553859,0.043000221252441406
-3.64917746661554,-2.7953469041549828,-2.615147264754814,1.6036673552306615,0.7437870237233728,-2.1060076176996048,4.642997148999606,-4.528519682247336,88.30979590825005,0.04499959945678711
3.9807993370795023,2.2691705578925268,-3.360768077759164,-3.376006117398933,-1.8930682959106124,-4.27256841942439,2.3689524308295864,-3.8088070606922484,93.80295809308296,0.04599952697753906
-2.0237992007771965,-2.35439336195698,-3.86058823716148,4.65624242221035,0.9416188212749788,1.9202121717391538,-0.1313065766578312,-0.25229836716943055,55.94029584607941,0.04700040817260742
1.9434321447988623,1.7728360197097013,-4.427352314169172,2.9367878534306504,1.2744339409587893,1.773298973362702,-2.9634899327781303,-2.245325567221341,59.63743166456201,0.04900002479553223
-1.4241761486026423,1.6085878785117442,5.012525404906012,1.558278412773415,-3.746131241629166,-3.4871192809260263,0.24415551933279822,-2.742088993656194,76.57722627274657,0.05000591278076172
-2.6763544407436592,-1.0585839397739951,-1.040995661930391,2.518836332809821,3.5083698861768218,4.144651543986044,3.1342632379122195,4.3177041651850425,81.33591303129842,0.05100584030151367
-4.691010328710319,2.426904805188739,2.0317812501293613,1.9858978204098934,2.488002273213156,2.8007102971345894,0.9036172755343292,-4.8978471990033094,81.15006309827591,0.05200076103210449
-4.522433080337875,1.8655566311681229,1.6956432048091434,-1.356604123571687,2.905193575716871,2.1555481690156286,1.2420212451427926,2.561132929881542,58.608789943957696,0.05399894714355469
-4.50648401042525,-5.101285130406244,-2.531331505358664,-2.7999944027804164,0.9034081660664208,3.0325754843118533,-3.665194400514676,-4.24044997041762,109.5209468362959,0.05499982833862305
3.645650514941681,1.8414795522573524,4.598209142945232,-1.2310224080755523,1.3605178793199135,1.49852126856862,1.579767366431053,3.8974815031300585,71.6032815707614,0.0559992790222168
-2.66445552577048,-4.403183997501039,3.4520382367019318,-0.6673894002837484,2.469447985430959,2.422987644396642,-1.7162175963781139,4.621751990060344,88.70684688092354,0.056999921798706055
1.6303449721611223,-0.21023703592226362,-0.7700258374336322,-1.9249403973760972,-4.889496578459206,1.9110906308217261,-4.480932685966016,-1.5547833371032467,64.79320057339618,0.059020042419433594
-1.9824294070338007,3.14762275900486,-4.341046210049523,-0.10302713185306356,-0.8549585452496729,-1.6314209315021189,-3.6240705051789117,1.0144878637443249,56.17904669877207,0.059999942779541016
-3.436586629917527,3.949961437466958,-1.7765982927655575,4.142129845059267,-4.413252379621135,3.8788762653731874,3.9679732006984816,-4.1641515057525975,121.14813535013344,0.06100010871887207
1.8821067704897256,-1.6154488386964938,-1.8722806587341707,1.8023111490040833,1.301686044564117,3.6841612258942478,-2.353959023421225,-3.481676430092901,55.15110505772445,0.06300544738769531
0.6762854996453713,2.3647937996797603,3.0673334417582927,3.7028283307473577,1.3497406385201796,3.368775943773456,1.56333258996451,-1.3082958446444826,57.52793441017621,0.06400060653686523
2.7917662631586797,2.7826751126588105,-0.32896858882922686,3.5962836780246397,1.057112405173065,-1.350326505498718,-4.1726066597597455,-3.3280606809059856,68.4983600958328,0.06500005722045898
-2.8089944494553216,3.012470470947151,1.6672884241261592,-3.633222150094965,3.999004833091642,4.577248259924038,-1.2496404054867112,4.54866154129027,100.78372054199608,0.06699991226196289
-0.77734389861814,1.6259479724804917,4.129638233547181,0.8270273522879483,-3.8340790579588235,0.7305549488601395,-2.4627455727609555,4.6966019933541086,72.64312970617472,0.06800055503845215
4.212563998367927,0.025282741559336408,-0.09437684028645243,-0.6646024591305961,-3.4640091806134485,-0.9983420496209581,-4.81798227471947,-1.4394733229262195,63.428345781451206,0.0689997673034668
-0.5127672207864125,2.5003701936397453,-0.13925058660026046,4.095464986828525,0.3326014179992587,-3.003042318599549,-3.4577343939003935,-1.0921788109261437,53.7392018056873,0.07000088691711426
3.186248217230296,3.1385089192906124,-1.1477036089777588,3.346485145429633,-3.105763627244074,4.391123890584681,-1.9768958362576399,3.6027285150990407,85.06706642431716,0.07200050354003906
0.5766445374395524,-0.7240767593402841,-4.236414320476119,0.5220432870285192,-4.487574474930046,-4.109319680967918,1.064031287031498,-1.500931464172508,69.74347878457894,0.07300019264221191
-3.097889723422365,2.264854766672957,-1.0349352346313045,-1.0593024735690397,-3.5880099768064655,1.3051425811669928,4.395410080930206,3.398027435015961,70.51615157029843,0.07400035858154297
-4.561900690282954,0.8149572206111522,4.908417239642554,-3.866355628935814,4.1151064321548345,-4.778935416584162,-1.7832305123439123,-0.31466610833223907,109.84685413837333,0.07500028610229492
-1.0403382217963202,-2.523193528403427,-0.3816650920919056,-4.419274490977625,0.5406282398445388,-1.8885991455070048,-1.5817083665284115,-4.61053573122123,66.21610025682725,0.07700037956237793
-1.98573587811088,-1.1834925561353162,-1.195509464321106,2.8650566541534506,2.3492479392516854,0.21353623178354209,3.1538123617045537,2.1334170688079954,39.76491366702976,0.07800006866455078
-1.9049043080192436,4.67492040036034,2.862292049346088,3.624372903714023,3.299942845623712,4.405528763274439,-2.857153557077656,-3.169844503303872,103.04247692471736,0.07900023460388184
4.314893752686888,-4.2525955583645905,4.778773472502899,-5.029989715877617,-0.5294951563010653,3.2396802278925607,-4.95501919216106,-0.37537333065106626,128.22661780513712,0.08100056648254395
2.7283766177537103,-0.22512126939395127,-1.1806052630289043,-2.2841872148338402,-0.724678863102354,-3.3385284722823894,3.906105042854695,1.6693296101928228,51.932795774970444,0.0820000171661377
-1.0641765173652278,-4.789703698765735,-2.9787087410192314,-4.128868337042734,-0.39234790074041737,2.8507416162779,3.3473670186438946,-2.701032601843843,82.99308408774507,0.08300042152404785
1.8061781075857732,3.7550780351106754,-1.9043437276954167,-1.492439750760822,-0.03271277412294271,-0.45951155813447997,1.5184800496703277,2.8518928180398975,42.049375165985424,0.08499956130981445
-3.082906406299696,-5.070517629737123,4.776458512906843,0.7353237927013403,-0.7280978234140951,3.744357788207979,-3.0303239934892985,2.2734017660762627,92.96431112040533,0.0859987735748291
0.2503282604396162,-0.12877844057852972,3.1168790345375657,-2.7836160124271587,-2.127475288445615,-1.2587209703484366,1.7670311921164137,-4.099926169294504,48.38771333001377,0.08699965476989746
-3.269644669983946,1.7804568115269737,4.437054433205501,-4.056446118211367,-4.557681615999906,4.1903065710946334,4.988153829613727,-0.33892232977213155,121.35001952304626,0.08799958229064941
-1.5627252977163124,3.9250377050170178,3.462934618114745,3.3218268973023326,-3.1400627525744005,-2.7034631223543166,4.6665651004307405,1.5587557020846736,92.77541100086523,0.08999896049499512
-1.3578398440547033,1.4575868523445168,2.0988453612452815,1.6534594855270273,0.14071552856378133,3.9912873730236464,-3.2726681884525326,4.870009980903586,68.65820926024092,0.09099912643432617
-4.246319192426706,4.50779465116059,-3.2729089385427637,-2.7420467135685382,1.847296615749209,-0.17566291781980503,4.4945339357771745,-3.74703441132473,103.42953635807763,0.09200048446655273
0.8239666122679896,4.393925610408858,-0.1465135715516377,-0.2434099184248657,3.536141747956578,-3.5753489143771717,-2.5124745605263348,4.263304704340464,80.47773985644676,0.09299993515014648
0.8159651625978066,-1.9887250627679198,4.139673513121582,-3.247503054096178,4.248060199583306,2.0795123100709985,2.3393851644845443,0.24861693865157886,65.78793498170478,0.09400010108947754
3.0325469427058875,2.2305175123847008,-2.281598216663038,-2.671292972882024,-4.720067528069155,-3.472621987626285,3.7262204460619275,3.016119858474192,91.72965582465604,0.09600567817687988
3.8560053543966903,3.5248460215912596,-5.070531089691874,0.879816847039419,2.2093373611221354,-1.926275240006532,-3.330184803493151,-0.370185572447447,80.35575917538462,0.0970005989074707
3.6276311477372483,3.8897652739118564,-2.6118657397183855,-2.478104909109731,-4.494046215208628,3.9833049098571562,0.7181887372391573,-1.9942956508654692,90.69228367935932,0.09800076484680176
-2.3637619795860867,-4.036055694173189,-1.559062782248274,-3.511504062290329,2.064809216464128,3.7755140377442453,-2.741061832025401,0.9795814799598546,71.22621784100711,0.10000038146972656
-0.6474217385290588,-2.0987561828376413,3.102688222649191,-1.221822418393054,0.7694499649947604,-4.313872494237615,4.6524335710656795,-2.754177365508984,72.0056039569829,0.10100054740905762
3.016760337376163,0.2550437301270456,3.6106620646997962,3.1083777896794382,-4.703145713879462,1.7432176712652065,-5.005130525174608,4.066949456804875,104.0631502790307,0.10200047492980957
-0.13051884220562915,-2.0465529564733114,3.0663244490459727,4.763465161296035,-0.21606170454727724,0.7454977037416537,0.5439285394693867,-1.6706867941715307,46.60602294466086,0.10301017761230469
-1.2718326031299094,3.0308144608481706,0.6047691591637792,-1.056183668880137,-4.220156646933872,1.2589375555658737,3.861211487830203,2.3084860533122633,58.51121806557825,0.10500049591064453
-0.4952300199174742,4.252202442232142,3.9267205870854207,0.5210584632441186,-3.590087195168225,-4.811563884955814,-4.572032405613284,1.743525354416331,104.51591251754762,0.10600042343139648
1.1175943210167274,-4.1962240755070646,-0.3807856439640185,1.7541651744195814,-2.327125148423176,2.2625095632620082,3.6206163094547508,-2.9933349370812024,62.58978694635434,0.10699915885925293
2.534959745399762,-1.775383772738556,-3.755606820652341,-1.3772335534595816,-1.876235265556026,-0.18485596346393596,2.065017166254929,-4.882491818423127,63.96785100668826,0.10799908638000488
-2.3369326916718167,-0.8274684535147685,-4.22156331697579,-0.025056239382881706,1.492306000175181,-2.861662864981017,2.0618779722597065,3.4713288756460416,57.98392585894589,0.1099998950958252
-2.811345212567595,4.314211242202151,-1.1384275578919705,2.1113526253615227,-0.5049248402221878,-3.367984549464563,-1.4201670362601924,-2.998012413554438,63.031353106166335,0.11100554466247559
2.2264010725482866,-1.1712641331800575,4.794353408025494,-2.8690236582534108,4.925183344046032,3.5780008791233042,3.314609028202095,3.471135207719837,105.43236556618548,0.11200547218322754
-3.4585973943075645,-1.9173577494407978,-1.6158190388295357,3.6451862410949536,1.1881760314361847,-3.0016992748322395,-4.269575381396798,1.6917014238848962,71.60849578558327,0.11400103569030762
1.8716557173673696,2.7560385368591698,4.0799427948062315,-2.9987714285478724,-3.4465471110795614,-3.1298236051636783,-1.8578710466752506,3.57510538841204,80.56089707272072,0.11500048637390137
2.868981528476966,2.703701452568499,-0.9835617369358785,5.1032423435586844,-4.278240462642311,-3.100264310682496,-0.33798600253979316,0.06350711097036754,75.37231376909094,0.11601996421813965
-3.7111845364024543,4.120732240363583,1.1322431054819715,0.736475616952899,0.17305331828436543,4.97485099598141,1.9644075654123254,-4.946731196721082,89.24015983450921,0.11799955368041992
0.6404053402026815,-1.8003517157385538,-4.715595319740832,3.0133332447692984,4.41964810304296,0.014453204530314068,2.2351348181836457,-3.0494683074431963,75.17333606912428,0.11899995803833008
4.5792857837503815,-3.3374657075140624,-3.7023265275532626,0.4381785613582476,-4.253610205756349,0.8988565030899123,-3.4955956271223396,0.4540301198653509,89.13169340281132,0.12000036239624023
-2.7876685647685018,1.6371541996635441,-4.63424193493259,-4.232390800098783,1.1863966432953772,1.8183970641906253,-1.8789319841207437,3.170103047635668,75.0945595227108,0.12200093269348145
-3.1842510293997037,5.038121691729953,-2.062492817439524,-4.043058960348834,-1.6399407412712268,3.385245453296011,-2.207259557005745,-2.7018745818447436,88.60461098515974,0.12399983406066895
-1.0138443441982554,-0.3725124415815033,0.10023771037268503,-4.112984078731271,0.7151097306017462,2.125408733289354,-0.1878255308247283,1.5383699527486856,31.759589080827208,0.1250002384185791
-2.2758533726640024,4.987929461929757,4.816091535761772,-1.6858911373140795,-2.2734253334603736,-4.458403352941912,5.057769196431914,0.38643707168997654,114.95917576287455,0.12700104713439941
0.11932075161031452,3.9465880941480362,-4.845321105475128,-4.641675210411026,1.4273010717571992,-3.4113005302285293,3.829317327834308,0.9249489849667984,96.57217596584458,0.12800002098083496
-2.297891844009849,3.9914403738286994,-1.9117029224168136,-0.097299376381625,1.824889681240494,-2.1180581442903983,-3.248342558120822,1.571965344983071,51.042574841414186,0.12900519371032715
2.9634094996122036,4.231635916505609,-4.3111834783156056,4.298234556893866,4.161746202620679,1.6722491777187551,-1.600528116469016,-1.7915691756292227,97.71390612675214,0.13100099563598633
