-2.56833387999515,0.9712092209347487,-1.906938473384375,-2.840989627982916,-4.270510229392598,-2.3072094994227434,3.407725521164447,-4.843918443825951,85.19487019646098,0.002024412155151367
3.953033434096418,-0.7237318704296367,4.738401404899844,-0.8982711544906428,4.9724697988011135,1.110782659811039,-4.926273444171362,3.3099933928624727,104.79190306563407,0.003023862838745117
-3.482905691480549,3.7795880841542475,-4.0347369908285495,1.0392804739039185,1.8586029272974791,1.560867514809484,-3.447762663529272,4.047428078605988,85.08581695882644,0.004000186920166016
-0.29760901639790394,4.110379347324682,4.455989704007314,-0.0820507498922316,2.6560123745694106,-1.8153108467279897,-0.7817906260309435,-1.1744912415730373,56.30704841866515,0.00599980354309082
-1.4164907525647625,-0.18916215684555393,-2.453766565182677,-2.6779941147873907,4.025689062055551,-3.052925792283855,4.493470902072809,-3.557859220399447,83.50031770034425,0.006999969482421875
4.157872399100406,-3.8807655395320166,2.4327433259838482,-2.347012244259259,-4.128286445242328,-3.1215233003628686,0.6562062285963819,1.6696169977219713,81.6099636673635,0.007999897003173828
3.825863278038356,-2.2607281594606863,0.31572075001616273,-2.339953392726447,-1.0212893098411975,-2.137065568909865,-4.068078457283068,4.28297021921482,72.02496898014857,0.009999275207519531
-2.4663409303164983,-4.671334182050342,-5.023650582232928,1.2493631138437706,0.5424503131239842,4.4465776418546055,2.9411660725589117,0.5439422258227404,94.11245016854909,0.010999441146850586
2.3091950960246743,-3.128547925372528,-3.632735295674923,-0.9436245472643705,4.715031685295817,-1.4786479655349303,2.7865772304031475,-2.7414532967801537,77.34697204270547,0.011999845504760742
-0.15163342164326643,0.3675668718736542,-1.1705489308797272,4.174941528157611,-4.994077397934464,1.786150804154735,-1.4914427437099658,-3.467321115825393,69.25015361257188,0.013000249862670898
0.8484837561367495,-0.9837194739791473,-1.782453846357312,-2.351963813595813,-0.42261225783286616,-4.42489182017511,-0.4872564975831466,0.8230221505157642,40.21865908600822,0.014999866485595703
-5.0185844880486625,3.4368273082501544,1.2943049551963615,-3.0996558823817493,0.6052417661459923,1.4121852457384145,3.2726001078353084,-2.4968888417865953,77.761747779874,0.015999555587768555
-3.2910264116319894,3.369411424840231,3.6362703636662195,3.6384161797589156,3.452740019870359,3.751509176906052,-0.77557189607138,4.826708518927972,109.0985671131903,0.01699995994567871
3.3713700589565585,-1.1198932883605144,1.4639752599672988,-1.7569727552507657,1.4740665255876637,3.627991131142955,-5.097484820339,3.0123399105009474,77.00152017893545,0.017999649047851562
3.4808721704903034,-4.591763711017018,3.1622115667606616,4.438831291763223,-3.6963415841983895,-1.4351692841863946,-1.4870489744193374,2.691534522094857,100.92083062194895,0.01999950408935547
-3.649838597323959,-3.335709372582886,0.6608206500883922,-1.8960618358348378,2.129498975180775,2.253931179825793,-3.816292656568547,1.3109627366301995,62.52342815795442,0.020999670028686523
-4.920993128383462,-2.704100989425902,-4.130699863272197,-4.672349319544936,-3.254945561424792,4.603674699935051,-4.80507393778225,1.563589196024684,136.34481390166388,0.021999597549438477
1.9651131602627654,3.601647839116173,1.187665728434946,-3.7496999758919936,3.553792234756613,-4.722695659738992,-2.426982145548247,-2.9052623106949156,90.19812958526009,0.024000167846679688
4.538779381073593,0.33607769559107936,2.2984436138049276,3.0841635430075813,-4.24882228810042,-4.914603111468859,5.116967429358721,3.3286653503806045,122.76481365776604,0.02500009536743164
-3.452050639621981,-1.5765024851076377,-0.6452471607691752,0.6750812159884036,-3.1324552665334258,0.4315313101833418,-4.659610402353865,-3.340051540938199,70.35700956127306,0.025999784469604492
-4.979346616141958,-1.8533325641921503,-0.6632075149915808,1.5541143902644023,4.597219349995757,0.6655306228843978,3.103759703492188,3.0762800772917442,79.26639488581294,0.02700042724609375
-2.3851291586101384,-4.4266719006055,1.0148960020375748,-4.901146932137768,1.0805387516015106,-4.900706132863643,4.576255801872068,3.237976650698532,113.90976955465024,0.02899932861328125
-1.3575601037519442,-2.939205090237184,-5.0315183612051735,2.1882882885639185,2.653569902906109,0.06178295115693189,4.97366010782465,-0.9405413968172232,77.31943369607791,0.029999732971191406
4.3710605390198305,2.389680703903532,1.4247464716934237,-1.2947336229402144,-1.8171869623518724,-1.6983843641038305,0.7198181393686216,-2.4379135020934095,52.81981678075765,0.031002521514892578
-4.727777483001936,-1.7771828309389144,3.534905382226694,-1.5496422207089533,3.838032321461921,-0.6657444795100931,0.9218337914629418,0.2790985944266797,65.68526948838118,0.032000064849853516
1.8338700401566603,3.5387701275893972,-2.1897511612228966,-1.4176137960674593,1.901738078019429,4.494184961488702,0.9148459688425632,-1.6325262323384262,58.97055631741142,0.03399920463562012
-0.15895577041379294,1.0934775783528599,-1.290132312949618,2.1308256093476885,-1.7601018484143283,-0.37245414173012303,-1.3808345944100489,-4.906473423612758,43.370226137245176,0.034999847412109375
-0.36628527801099864,-0.5275355355636036,-0.11147036437544244,0.5707454446739462,-1.9535976729760165,-3.4087939502273725,-3.545368021291427,-5.023169859997679,63.632243890008155,0.037000179290771484
-0.1831779714288091,-3.4622380178505123,-1.2181763629815183,1.3572782635032983,-3.989691897451737,3.1169181874991905,-2.222715697087263,-1.5194733080554177,56.30071605552459,0.03800630569458008
2.129486549267897,1.3860971031078853,2.793351571428307,3.9107923911822686,3.805620554735026,0.9579611399223005,0.5045622718407641,-0.2951936695887971,52.219015998582755,0.03899979591369629
-5.019865706159236,-3.713568335339538,-0.8040919952903343,3.618387562655914,1.1112955686065353,-0.3894036213249823,0.21196208494390145,-2.703327033941186,69.16080638740956,0.03999948501586914
0.3297661743495093,-3.458790564513648,4.86137417393221,-0.5406003677510665,-0.1004847285634698,0.19812125080081344,2.8164640468544366,-4.39173958423023,72.28151327001842,0.0420222282409668
-0.42847093748964316,-1.3807006484211404,-4.033003864572645,-1.2588556590826117,-2.563458292938347,4.315931875034667,4.9652855013411115,4.279471594639241,97.34787574748059,0.0429997444152832
-3.8497371183023663,2.46396420112206,-1.1141586994933244,-2.894452143982596,-0.02930072055716959,1.3815102438692834,1.3706562901170551,2.297154810051926,47.154081936722086,0.04399919509887695
-5.036345797372559,-1.5989600450429209,0.5171080562250623,-2.04695063492697,-4.695991228360077,-2.8342993899794005,0.1681259237598427,-2.19750862968141,74.20970528260757,0.04599928855895996
0.13030817174438258,4.443120052928349,2.0613408825110247,-2.7720596392737487,-2.077103081040436,-3.092563636555893,-4.077453131560249,-2.0454519083335225,70.00449905529341,0.046999454498291016
4.743178056126845,-4.030778332368589,-3.8886860039211975,-0.00027442519031239954,0.7153476778725301,-3.7728621095109496,-1.1617174528245213,-4.967777031469059,98.5042647300255,0.04800009727478027
3.2100473495059516,3.281259465700651,-0.9079620141364675,2.393768285065975,1.6750646326200513,3.056866550740442,0.5367098125980077,-1.4344589635115623,51.42303260485946,0.04900074005126953
2.070641082480855,-2.1449919795817896,-1.7799921636782376,-4.569381369067563,-4.817004050059563,0.8680810636852296,-0.2725820715017164,3.6270595417495644,77.08113726863738,0.05100560188293457
-3.688301069080403,-0.054403959334870855,0.6398048176234479,4.997038852172582,1.3987439121639351,0.5994266828259631,-4.646142174978922,0.6970350880035063,72.99837365191279,0.052000999450683594
-3.850609372429086,4.125446273171138,-3.850268826366216,-1.6189418720993167,2.893281540597221,-4.039972553161673,1.632539023901253,3.748529936629951,96.47946229949328,0.05299973487854004
4.883204922625967,-3.176511195455407,2.8995753802287902,-2.186666748081438,3.7684527596123436,-5.061049949314471,4.311129838665697,-4.432609605249852,131.03460991758732,0.05499982833862305
2.0995477337451414,3.3430609932583435,4.552091098193309,1.4365427989276132,0.7834625087358322,-1.2598679849414571,4.112642826496995,-0.5333893912804832,67.45002795948525,0.055999755859375
-1.4008743809417292,-2.8140196973464078,1.7705730413667542,4.294962281867748,-1.0606786920949496,3.530421895735203,-0.645916567325818,0.4011011143986707,55.67539906208439,0.057000160217285156
3.748893139101983,-2.4365436399024993,0.48448792622920855,-1.8933960326237487,2.4350988735565977,-3.9010528025456765,-4.78744362414216,-4.72768070925392,99.38074626486794,0.05899930000305176
2.206977883537334,3.790382858793822,3.361502704402665,0.2709064921854756,2.8432897050117143,-1.2783391253908296,4.013990082743878,-3.3267002970065835,74.85724175220071,0.05999946594238281
-2.6049526726938743,0.6105306713369414,1.6431902765527342,0.9482893489178412,-0.5104000104694535,-2.282288853010014,-2.504624283291601,-4.093165613475605,49.852671526133136,0.06099987030029297
2.9683771592570425,4.052687088775946,-3.2840474519442533,0.22860510952036694,1.1166313039247155,1.3512548651613505,-1.39354765807178,-5.070202082890531,72.67778407327917,0.06199979782104492
-4.370869688803185,4.626983445912239,-0.24848304814739475,1.059883516741639,-1.380562422989454,0.07791882413568096,-0.32293579845631104,4.767736205700754,75.07341695683036,0.06399917602539062
0.5212577742610831,2.4275090400598582,-4.0377673111809695,0.8462432973720331,3.4425034135442134,-1.2636621566030324,1.586051552363264,-1.2898786670292206,51.286362296374605,0.06500029563903809
3.217454842475788,4.041776362888256,1.6201471807591243,-2.570227940524739,-2.1042197788934818,-0.9908944437728016,3.5021278550560124,-2.5437873116145417,68.69881393772229,0.06600022315979004
3.28705884923023,1.4391473246368465,1.8526192304930875,-3.8645443316888097,-2.612368507912947,-2.4179991305834934,-1.125343133197136,2.8868153866474975,61.580387909622075,0.06699967384338379
1.3023082089105023,2.406211142771183,-3.516206164283945,-4.704725239931564,2.4412994267299517,1.1010882451154371,-3.174519530042855,-2.216965389697626,74.04345014118074,0.0690000057220459
0.18179072919199335,1.7968352958256633,1.9245456718206224,-2.727938644760571,-4.253905485379704,2.759974933844627,2.4757772066796795,0.598477508691575,54.91580547476475,0.06999969482421875
2.799905568007018,-1.512969292099089,-4.376182292721319,1.6489489994398454,0.3938245579944937,3.909948735831894,-4.895586867558789,0.17904720596223545,80.15171443150633,0.0710000991821289
-2.984651815114539,3.5307428063884734,3.5298329233341432,-3.569065430066017,-0.8534699674174799,-3.4234736561967813,-0.544486339088377,3.5446620807775906,83.96116259178255,0.07300043106079102
1.9302054119337848,0.2634277677099641,2.6138432953797315,3.919867951246032,-2.0806138890350785,-1.0877601520501328,-3.296249541988699,2.4893986129529484,55.18313276122999,0.07400012016296387
-1.8983498933663379,-0.3072734695304229,-1.127582988172036,-4.460862336401692,1.2975183834869757,-3.6359398909503966,-2.438602480542316,1.8267050491743761,58.293793178443835,0.07500004768371582
2.5009371037301724,-3.0039991004021327,3.2375870169954064,0.44919344852456167,3.6057784772518042,-2.2390756762010477,0.09474565649827582,-4.937058235555433,76.20069356340085,0.07599997520446777
-1.7344821622885882,-2.9658875973259056,-3.044070028563261,-3.784090436885109,2.0000344888946326,4.894661389119903,-0.733793075181997,1.7738644245903759,71.14269739733078,0.07700061798095703
-4.74783428481587,3.140566063792993,3.882738313152829,1.1159838856160613,2.472703919666457,-0.17906001691383633,4.8071380873550025,-4.1195374425915805,100.3158471736464,0.07900047302246094
0.9427542485510294,1.545922356709613,4.268463328118972,4.742187515703875,-1.8343170750968723,2.617487540140619,-0.002137535171823579,-4.968266145207236,85.32812858346252,0.08000016212463379
-4.265545555111713,4.090329027907786,1.8042138760524322,1.7636768072173297,4.118039965385404,1.940817534442857,-3.648792093995745,-0.9175361032687217,81.0625492097737,0.08100008964538574
-0.26662576297048357,-3.958832130572258,-1.813092545488641,-1.0113475270529504,-0.4206485567279712,4.671274942848469,1.7346044068628172,-0.8501125351764696,52.39803540014406,0.0820004940032959
-3.8646693632695848,3.266788108827579,1.5492519716897117,-0.7947153457956802,0.18872605550704513,-1.8922169588906974,-3.921764678822748,-2.9391361118802397,61.43071905505308,0.0840001106262207
-2.4989665865879642,0.29301376904986753,2.9898605889078356,-2.952748870588917,3.004949179296383,-0.7005609358812279,0.2138253044927616,0.8838022108825552,39.98445079162017,0.08500075340270996
-2.061023090344532,-3.7217159208594772,-4.793886610776285,4.3382108776715915,0.19504263435786218,-4.044238133532316,2.5217830863679334,2.6893150577011387,97.45220844082064,0.0870201587677002
2.519373125763127,-4.249754271861203,2.310033169407541,-4.9903727688878154,3.2717304118276482,-0.8878688647291737,-1.3662801504243163,-0.22379349353468037,76.29587575291663,0.08800625801086426
-2.0038097437905042,3.033447518816849,-4.223068107430167,-3.3443731703222337,-3.491056809909403,1.4497721899178346,-4.450959519234933,0.3107909181966111,86.12051802889957,0.09000515937805176
1.8364182878830455,-4.152881026119665,3.4287408666950894,-4.66861388481923,-1.2364761134248354,-4.951000674423913,0.7239396996297067,-2.532216825719464,95.55436677416887,0.09100556373596191
-3.84995910648915,2.842385790422215,4.634763316684205,1.1669384115862798,1.3107193362910081,0.08308116773618934,-2.8210297464758396,-0.07444407349216942,60.641957623763986,0.09199976921081543
4.987778162505198,-1.014548807958179,-4.3306044580147045,3.978221265037347,0.39024422570642425,-1.5016397744742558,1.5771039073163893,-1.8412103096961125,76.38782582840793,0.09299969673156738
2.2085567968628643,2.0176101882231174,-1.9937696919431023,-3.436750253260519,-0.5888500769550404,-2.6663736833127607,2.2614151481748337,0.828590647106096,45.61064090091892,0.09500575065612793
-3.7986091336366004,-3.948446869510155,4.7871848584151495,1.42129656330847,-0.442980931249072,2.221201641917067,4.108666321041928,-2.3297429721226575,90.2567484345533,0.09600567817687988
2.3172339860202102,0.2111650549521471,1.5845755973019653,2.392087645510391,5.042741135513734,0.718928196907946,3.2388881015782625,0.4395229180600655,60.174844226242755,0.09700512886047363
5.096631062208535,0.827342758528081,2.0687890389265817,4.59973596867682,-4.571354595168898,3.8747032452349925,3.5355643866618616,0.5259027414398245,109.55592336454352,0.09800076484680176
-1.4488724893875684,1.3149945527074713,0.9133483897782373,0.11647443362079812,-1.5481142934262873,-0.009582339407772977,2.081283595499257,2.5990813472394985,25.802989198345536,0.1000053882598877
-1.3242290373547263,4.879498514250632,-1.1416574514886397,-1.7062390363310822,-0.6405989630277391,-1.5918770350157687,-4.490462343269709,1.9373770958421597,65.55193650881286,0.10100054740905762
2.967502222445181,-3.4714241274164426,-0.890791065235681,4.3336725693522515,-3.02448365945528,-3.6273341050959513,0.8160640922415761,1.5509417825128038,73.7947951023285,0.10300040245056152
0.3992812338601368,-1.509712424038856,2.317447092801771,2.9262643817851357,4.441775756102678,-3.4554555092609824,-1.8951494050654851,4.109096491307619,78.16923502452643,0.10400056838989258
-2.1757271117480235,4.45508822190945,0.038830732133781076,-4.768674182890894,0.5044381236755164,-2.8443983533357375,-4.217820379003296,0.10656784115248819,80.34863447455172,0.10500073432922363
2.780504616269809,-2.664707321592611,-4.797886306756649,-1.179602276580661,4.714293455274233,2.7265898754984272,4.117355609403899,-0.9835473970696231,93.05174441455885,0.10699987411499023
4.339141809936133,3.348561233823399,3.8062396684674047,-3.1227648417102394,-3.1643534430175086,2.927656443256061,-2.687608754857498,-4.569632180576674,108.89477651341993,0.10800576210021973
-3.7518657212380466,-3.95073050123598,5.056894619257728,-1.991780491389446,0.6342365897649858,2.5769278652646657,-1.9795650132482896,-0.16294047469991746,75.35098442438836,0.10900068283081055
4.951863312337095,2.1561348827137072,4.3626643453474445,0.9587797820613755,2.817663975012697,0.30407951438957515,-4.243195619465049,-0.9114817713848318,81.19079113603148,0.11100578308105469
3.306669952924154,3.188728287819301,-1.3462166812149592,1.9261740689391562,3.0460166322636786,2.5438344490879734,-2.2554700277398703,4.854793893074631,78.10338592922896,0.11200571060180664
1.1184515983468186,0.20934308668867718,1.823794078692461,4.3345549807928405,3.009716612643916,-2.5474255232581138,-3.6124179541174586,-2.3597766584186135,66.00123360986677,0.11300539970397949
-0.47180263338286643,4.198963001973124,-4.002399399484285,-4.413479017106227,0.8255331633435867,1.9199566199858182,-0.6358456694555752,-0.2503850619321053,66.03829605888374,0.11400079727172852
0.7438855123402925,5.007269916473288,1.7482408094166182,1.7827938077118226,-2.8284366338145452,0.4847942013090609,-2.9123174964019345,0.6346569753368785,56.15939312098282,0.11600589752197266
-4.513494378581235,-0.015782920628256036,-3.4157613857473073,-0.981215327126514,-2.3907963755959347,2.1060157703342135,3.2373778994158746,4.017601090971493,76.56083011029612,0.11700010299682617
2.3796415520978975,2.1763965529896483,-2.4743847307259403,-3.4736001767053404,1.2285874486435908,4.019097591416542,-3.5615196328232956,2.0398474513753184,72.18092220549285,0.11900067329406738
0.03464928896940833,-2.6095448975854523,-4.6097243639780325,0.8881552818672471,0.10774752114375374,-2.0062556197543047,-3.9796011822440063,-3.620718843402006,67.59267270711027,0.12000012397766113
2.1272002935554726,4.492483565372047,0.32105891159523114,0.8365215195374631,2.1672825231789083,1.1154485073605622,-4.562552846925104,-1.4963321541710792,63.40223566326892,0.12100625038146973
-1.0942779443853086,-1.207551847626826,-3.401949473443163,0.02371138024547914,-4.319822257058867,-2.521471196682241,1.6712898758511914,-2.424383790360683,57.43258872863553,0.12200069427490234
-2.3703793256742602,3.208562620997152,0.09862629816591095,-2.4973141810070723,-0.9267229963668964,-1.8117500623587017,-2.819203032072116,1.79010410834037,44.12340120139685,0.12399911880493164
4.758472186831788,-1.378585973263959,-0.2661284519825031,0.1055365277997451,3.039582218550687,4.6681069698696485,-0.30709636891910375,-4.990705261764572,87.51569616335163,0.1249995231628418
-4.694330675788709,4.835657477602285,2.018347878342535,-0.9139507034375018,-0.6197547661979099,-4.190939949648169,-2.461127801849993,-3.887675852372472,96.00456794863399,0.12599945068359375
-2.3807091717262696,1.0034995862927598,1.3269351620437808,2.8416018697479286,0.3923240828703598,-0.6532663337729154,-1.7629870076631122,-0.40238097145941776,30.10070888185918,0.1269996166229248
-2.0390246430108045,3.2370540611465684,-1.4652599593534892,0.9405824054278025,-2.268448855492357,-3.6064006825398804,-2.9524485430009277,0.6852863829556641,52.340378288882086,0.1289994716644287
-3.621600408504574,-4.562192320563253,-2.4221641410531296,-2.5277875430997208,2.954935594297324,-1.784274203595991,4.910954159355675,-2.147561235371495,95.72367651309453,0.12999892234802246
