-2.8314877729271855,2.3257016601975753,3.28567097000331,3.083315530140111,1.6522282782247908,-0.6826960344425164,-1.1387849273359794,-3.001424186167131,53.89769916959449,0.4469482898712158
-5.12,0.7008580446757389,-5.009480922262297,3.3597083030595245,0.9389719866137023,-2.6131728822256868,-5.12,1.3153986274488956,105.45660724840373,0.9110090732574463
-2.5427364134691732,-0.33073910109206217,-4.943236350668613,-3.3961987468358936,0.5160505086995677,-1.957478274145818,-1.871393982688765,-1.9334650421813593,61.61635250880958,1.376011610031128
-4.47373003302016,0.635897042743661,-0.40088640471952,1.5570257090898068,1.0038207981170943,-0.44495872023176997,-2.5106348481694214,-1.4949975730881175,46.07822291631508,2.257004737854004
-1.84203122703112,-0.056668558160533955,-1.4154625387596984,-5.12,1.1127734788981005,-0.40797540287237677,-4.070082919804985,5.053385454416488,79.99990645414772,2.829007148742676
-3.670500225867819,0.007945043928461182,-5.12,-1.1536058484731386,0.3698088717543362,-3.5015199283650222,-2.988251301651848,-3.0317696749777245,77.42468853432665,3.271009683609009
-2.1034060134128323,0.7441757155679962,2.794185026246182,2.568096456942544,0.9777004607325477,-1.3663270028113175,-2.187363921384159,2.090497706480874,37.68553199856716,3.720945358276367
3.4532363937607036,4.398295008162797,0.14821877904619285,-2.5752078237793983,-3.0694922981105814,-1.3624749898803779,-3.0667560831045146,-0.44824975223380115,68.63840587637513,4.164998769760132
4.7899162032686755,-1.181966812907259,-2.0337388822026554,-3.7229166634977404,0.4933874319926215,-0.6158639767950334,-2.8024904569781115,1.4358002310861524,61.74525569930879,4.6024956703186035
-3.4369039204248324,2.3768115119513133,0.2299679214571908,-1.2845307298384978,0.7444348841497934,-0.5520140415962329,-4.699043957866126,2.6766970755543618,60.737568571019985,5.025496244430542
-0.12102100306743502,-0.3252235876305516,0.6208622933507479,-0.7789333261742319,1.2674483390993432,-1.1775233203919817,-2.2060937586544083,4.059858110023224,32.197157152383625,5.3874969482421875
-3.2957065449539145,4.874723484822069,-1.4076395021301282,-3.8126291074765497,-0.4774977765633768,1.569642520726311,-3.360356007735753,0.9334173420780427,75.64866101398889,5.979496240615845
0.48520415575689846,0.25189152789207814,-2.896478661347046,-0.10148308095018788,0.3763118587849714,-1.0795346449554035,2.1010161395137628,-2.4509080477435026,27.817987089951785,6.460495710372925
3.9119186603920086,0.06961635022783419,4.590819419448832,-1.6018762255586956,1.265929728399957,-1.1623557023018494,4.321996899218324,-3.028459187083456,76.67116250095005,7.010496377944946
-0.7839866483985114,-2.8628394391493437,-5.12,-3.144413835068998,0.32802082830085943,-1.002475851011166,-1.4427516284545168,-0.7850509532813081,54.70332717218199,7.75549578666687
-2.0230719602713436,0.5721552710628153,-3.2533771730023817,-1.2291605548688405,0.5102668127578465,-1.1966722506248164,0.9739842958585339,0.9461596728122625,26.59095445081606,8.629495620727539
-4.243158202794071,0.9935407232957809,-4.940277853899433,1.5048120725306955,0.3564566194273855,-1.0663355230565763,-2.2966150694840497,-3.0417718905593674,67.508932872981,9.87549352645874
-0.19363469548946544,-0.3920543352296395,-1.9864817576372324,-0.8240085534219066,0.6505058676541315,-1.0087526600023144,-0.22199933779637337,2.9641622345989687,20.516576347517862,10.73848843574524
-1.8523087533692681,-0.18204814710711936,-2.1580491644585944,-1.0599455919438778,-0.9668617495073883,-0.610027547293682,-0.5187161919086885,4.664315965255127,39.384948978772,11.732561588287354
3.7396674277542177,-0.5941520519216592,-2.035770573801481,-0.6020336037278904,0.9679991587767747,-1.3798388113248858,3.552643306363062,-4.527675325854497,65.20769580389582,12.626509666442871
-4.130039657562829,0.23283200966456974,-0.659467892970059,-3.9770210709201574,0.10179816003374142,-0.7387406962426288,0.6699740161206345,-1.3255839183953282,43.08971070532759,13.482486963272095
-1.1088472826740468,-0.042608798409836446,-0.7959205239241438,-0.18404244237452616,0.4100983869426065,-1.21105677220676,-0.3339385759345479,0.05171090760562791,9.379073539581789,14.651488542556763
-1.2073117914329474,0.10815508818673258,-0.9791806859642698,0.22750130967558135,0.3351600661207863,0.0805341147492129,0.21887655082384327,0.22924822274104706,7.834810723817527,15.423488855361938
-1.3022530779461503,-0.7414378086678397,-0.6238641164043797,0.4236157705390857,0.2590594440166818,-0.3879397152630837,2.595280410069555,0.8503128559164308,21.521555366647476,16.13943648338318
-0.8376480150303056,1.053139832801608,-1.1916997473225428,0.2876311465768957,0.27577194967162555,-0.10261807815578283,-0.6010791048026904,-0.027860458734392246,9.35257635475109,16.95275902748108
-3.56762889616688,3.348275791661851,-5.12,5.12,-5.12,5.12,5.12,-5.12,186.34157108353102,17.66481328010559
5.12,-5.12,-5.12,-5.12,-5.12,-5.12,5.12,5.12,211.88345098062877,18.56882071495056
-1.803606568460273,3.664738929404428,-0.8587665442534256,0.88447490665851,0.5766881568280526,0.06421601203427407,-0.5282671692925112,-3.7428451224494594,40.623989917411436,19.34981346130371
-0.7238937359273736,-0.21338154978514545,-0.8067789337107625,-0.6044808960390808,2.4979433622870504,-0.18294661622088437,-0.47564657485559714,-0.14856746630694673,17.469736289214556,20.14475965499878
-0.7758819793269902,0.17441552757045642,-0.5955796711055248,-0.8855810932235428,0.17091267851866476,-0.030346177782535122,-0.3729665202545469,-0.09885622130314786,7.8299302199482375,20.866815328598022
-0.9043926707120127,0.205616932910198,-0.8094925199679279,-0.32737328744374317,0.6840725363611542,-0.24004571959667054,-0.2398577114602416,0.29874972632591135,9.874726889729383,21.81416893005371
-0.9234600897129699,-0.472999659978143,-1.2832808122128894,-0.29966647778984434,-0.4152453569340855,-0.09082901791710452,-0.5103241754361907,-0.2690314397121023,13.077478676425821,22.887197732925415
-0.24249835123837116,0.864539632573261,-0.5296430140167683,0.22765044733427686,0.5311424126295883,-0.9266839639361031,0.46032337709157023,0.26744543897398554,11.862981272257025,24.07919692993164
-0.5990749585756605,0.6256596275015864,-1.6312555450969324,-0.08042113141904927,0.129454885967748,-0.36812996434879697,-4.980701490900694,-0.13728642246109501,36.062421744647,24.992197036743164
-5.12,-5.12,5.12,5.12,5.12,-5.12,5.12,5.12,211.88345098062877,25.85541844367981
-1.6964803648764013,0.8131562616210966,0.5731048302704638,-0.3901145151398291,-0.8668369581889479,-0.1907564679833298,0.3574751773008522,-0.7438096734374815,14.7299255236821,27.018977165222168
-1.1825198819364884,0.4297196101348719,-0.045449293151583525,-0.5627812963824992,0.6428210404490997,-0.31498098996036994,-0.451691982990055,-0.133616427884248,12.399671632900096,28.020973443984985
-0.4330290930862457,0.7060054431133294,-1.3802829837512696,-0.5472422729577371,0.4365861900150705,-0.14125513088436747,0.05715426037139437,0.39846437815629887,14.292789653411141,29.076842784881592
-0.6492518334489796,-3.8182991018484573,-0.45352127705718637,0.5734478040761202,-0.5302443013416891,-0.4908189657492592,-0.5366552817394901,1.3216647770194951,31.51001806098738,29.87476944923401
-3.684620073121728,-2.0009263827364423,1.218652038654441,-1.0942548652894253,-0.6722588008532702,-0.1528880879524932,-0.6973471925960677,0.4190461057763608,28.868284126807424,30.86988925933838
5.12,5.12,5.12,-5.12,5.12,-5.12,-5.12,-5.12,211.88345098062877,31.55482292175293
-0.8901718786119428,-0.28534862128322125,-0.8068728519646022,0.8550583646448153,0.7176076362590562,-0.33025450464032335,-0.7413234159000854,0.40418136652383296,11.642994063549217,32.29778838157654
-5.12,-5.12,5.12,-0.4457141585535087,-5.12,-5.12,-5.12,-5.12,187.53907199238245,33.778770446777344
1.0573739160745097,-3.710168073648738,0.8211578422387742,-0.16329169490513618,-3.5473950912084256,0.07243435646071728,5.12,3.471050913897975,73.1098582233266,34.8417751789093
-0.5602684671680178,5.12,1.549276168737852,1.4194344141805848,5.12,-1.834391469631575,5.12,-3.997449096017005,109.78041413624078,35.99976897239685
-0.8497374098362682,3.160537617742503,-1.314116850067823,1.9974390021834623,-0.1481667358080605,-1.0200973065099976,2.0799404399716783,1.9093169264430774,28.42705981512742,37.22040367126465
0.6342914958652361,0.38288598014658337,-4.071017738677534,0.3377216740094555,-3.370293861632276,-0.10185893719251382,5.12,-1.1521766719698379,63.75300168164042,38.128456592559814
-0.11204779240684726,0.47495568482301653,-0.319946290190261,0.44956238055698794,-0.15946629041941307,-0.4912634499380806,-0.5143811889725907,0.7847425415061142,12.530056115829668,39.00245666503906
5.12,5.054216806612437,-2.0215915698648423,5.12,0.32067975540727733,-0.9163907526574331,-1.5430892845716464,5.12,116.0066745717135,40.11440396308899
-1.2390538801461006,4.268289187903538,4.155960435865606,-2.2036173558135324,3.492516264230548,0.1421419818309717,5.12,4.982610181336679,110.99058915231542,41.32140254974365
-2.121939377747263,0.7568362714792887,-0.23557124007487396,-0.6832007736063836,-3.8413232703147795,0.5064301647652565,0.0667911941716488,-0.1949096681279192,27.409678108978614,42.41940355300903
-5.12,0.2503875073251951,-1.7670065534811878,0.5120153341082458,0.4108121481482918,-1.2891185549531228,0.003759735304333489,0.8790247396277326,39.794715122408654,44.28040337562561
-1.4832838947630789,0.42625771961862124,-0.7189004796366927,0.1652327611799258,0.0002181675998960131,-0.5477339272958748,-0.10431073704439697,0.7181778543350381,12.689229402370566,45.73940348625183
-0.8378200500467816,0.04186340428986135,-0.023655266854524903,-0.6688515067248568,-0.19149602982008762,0.9634558021580881,-0.8667051262777647,-0.4593191340310838,8.053036375846412,47.37240386009216
-0.7092225125297906,0.6742577953936708,-0.6565551906558946,1.262863472286167,0.352673467155066,5.12,-0.04292094498051746,-1.2178990692570655,38.86181293750698,48.88240361213684
-1.022994338921304,0.1315607150718252,-0.026418027977713088,-0.12562410132877755,-0.042278886590188414,1.267836448357551,-0.1544978401964796,0.10029487361535505,5.140194815334448,50.050461530685425
-1.3499379584488778,-0.01715588561828607,0.24941949686909304,-0.3789841308051951,-0.6240118988871748,1.9741674264848221,0.34753036164672935,0.6007487699412035,16.217111842737403,51.094402551651
-1.688482856829058,-5.12,2.671432969995335,5.12,-5.12,5.12,-5.12,5.12,171.75093181147497,52.42940902709961
-3.3294047085816,5.12,5.12,-5.12,-5.12,2.226378721023681,5.12,-0.3955143190900534,152.74801793611098,53.571409463882446
-0.25630486640660166,0.30300405536632535,0.18643198945955053,0.510041209051824,0.24065677764504034,1.2044091812554258,-0.28306994334961555,-0.8515218989343305,11.011362996405435,54.67940425872803
0.04837011994440221,1.0442569552312735,-1.317923340884826,-0.9979094069469783,-0.7051181554647883,1.5340079912453914,-0.6899694882562679,-1.2291680880730178,15.6544291532848,55.80741763114929
-0.7052541813854667,-0.20036340697137245,0.08780350914460922,-0.2135657054763307,0.7518086961745709,1.0770787459088584,-1.3705246282775523,0.5004799732506511,12.127599327399945,57.16340351104736
-1.542925947910872,-0.8253611471397093,-0.500799954690514,-0.2782496238491765,0.32062036809725214,1.256755085528023,0.31642002070819775,-1.286608905185827,17.617222460213522,58.33540463447571
-1.1071859881799968,1.5541593741141542,0.46045235134086937,0.74073342302363,-0.5419517158576523,1.0589479040603456,-0.9410769735778253,-0.05637474399371101,14.057437059137271,59.600426197052
0.01106177031272182,0.4428239225916544,-0.5170129535695933,1.3376086507497327,-1.2829260117659294,0.025354900660841118,1.0067833667999073,-0.1709903873974321,12.140743119392539,61.0264036655426
-0.9299835181226994,1.1531837413812243,-0.9708777610353767,1.8510801158212304,-1.9540129180272796,-3.006131540205052,1.037103809331751,0.04792512758831702,21.55808670428216,62.4044029712677
5.12,5.12,-5.12,-5.12,-5.12,5.12,-5.12,-5.12,211.88345098062877,63.947405099868774
-0.1254675034916417,0.02016270456014002,0.3086742221930372,-0.8846529222726449,-1.7462794224043128,-0.8531998689516174,-0.02971231219639847,1.0254071890471206,9.088045405224591,65.4734034538269
-0.4297823573632771,1.0327552068281705,-1.0578706088594654,-0.461718072465227,-1.9293289680995094,-0.7008647201033487,0.5215276042173063,0.749115644628902,15.989441297814945,67.38740348815918
0.04809347219920923,-0.8019106988130247,0.5558131382545852,-1.2855211734194647,-0.18931134670559402,-0.19527458605788173,-0.5194397281646692,0.764520335728716,11.612704217526964,68.85545659065247
-0.6100373464772186,-0.004468821248650556,0.5037800884904859,-0.4978336501809766,-1.4795862496578271,-1.119372109382832,-1.781167798688542,0.8426362448941873,17.484745443648645,70.15545654296875
-0.34990571215166977,0.031051960522651356,1.3350536154091381,0.8514109704098711,-1.7143240951013752,-0.9387642380032846,1.0128827037363308,1.6405569099961257,16.622280192571868,71.7164044380188
0.8352591126435858,0.26514718134651716,0.0012469825352239283,-0.6204608024332794,0.07738745652393408,0.9727304729599471,0.6981255391626577,-0.04867309064134062,7.4036199778011,73.26940417289734
0.7291364952407182,-0.028675036932751752,0.37095587615583536,-0.7556125353421717,-1.1330695272315467,0.19027208556826825,0.6688076526742126,-0.36143252431149975,11.03530710099095,74.8664321899414
0.4027950536495153,1.1076957345468745,-0.2733858883915561,-0.21909232453344263,0.7218877833472668,1.3074925580299785,0.3955583368326101,-0.3024748428929094,13.628790471028054,76.57635688781738
5.12,5.12,5.12,5.12,-5.12,-5.12,5.12,0.16495728823034472,185.91595812371008,78.31942081451416
0.6640763026002672,-0.8364727012399653,-0.5648263597165828,-0.0008126220297990372,-0.00756164740391263,0.7358077930030955,0.5131557815482175,0.45835759197537307,11.44258224270472,79.98635601997375
-0.9223704102850085,-0.998175021540848,-0.3232422866547777,-0.4696177655117957,-1.7080286580489714,-0.600754022720837,1.0268988547235454,0.34954005315573866,14.836336247831508,81.66541957855225
0.2746992508126542,-0.17470703362214834,0.1975007801524704,-2.2854547370103906,0.0637059867657932,0.7523702574242872,0.518633413001397,0.490840797449148,15.099926096053558,83.16641998291016
0.7195541420569009,0.4799124677249287,-0.009492993440479935,-0.6443797909161244,0.17677951281948712,-0.09488739390645584,-1.0271803873870127,-0.5831569691529488,10.008401913690019,85.43941736221313
5.12,-5.12,-5.12,5.12,5.12,5.12,5.12,5.12,211.88345098062877,87.98435616493225
