-1.4797408798800196,4.693429664517185,1.7690732517552048,-2.2702050179514193,-0.26442445832548067,1.0502578114890966,3.622359859493881,-2.018663801603158,59.08335300380758,0.7273316383361816
2.6888199802453467,-2.730935239706321,-1.1479295283653386,-4.812058779214379,-3.9653554816115424,4.4712139229777454,4.615552917252709,-3.1655030595438047,113.96585422616418,1.1893310546875
0.4600359658057718,2.8456201207357354,1.85744205817167,-1.0234293265024341,-1.9680325893832675,0.4584301187541442,-3.666648079075043,-3.013505443127594,45.69460076665867,1.7395281791687012
-0.8207328017851783,3.9291172511056773,-0.892443724954151,-1.328436959232643,-2.0160185630684904,4.0895661340877725,-0.28526673019229953,-4.569451396738163,66.06877621692662,2.264580488204956
3.1786523805682583,-1.799882822073008,-2.5115119662494156,-1.0603870264239577,-2.5047444208457255,-0.015925990516294952,1.9117424253960644,-0.8454090212667982,37.33596805425249,2.657527446746826
4.422503369886107,-2.2938106853380873,-5.12,-5.12,5.12,0.7897845080772541,0.9497348488290971,-5.12,136.24524921090077,2.858591318130493
2.9139977297298136,-3.083564297075307,2.6338903099906865,-1.5100061734545962,4.050482267142487,4.322630202901563,4.752140663644686,4.410286765715015,112.60638909251804,3.326526641845703
-3.0486468235066573,-1.1096933489775003,0.8861346035209099,-1.2349687947377173,-3.944228810403038,0.3440416619456643,2.3888310685165406,2.0999289390762055,43.62746707467521,3.8185291290283203
0.04469950095147013,-2.748189144397824,-0.20071153260264296,4.579263647733527,-2.9013939385521663,-0.36985730702880204,2.113179375088545,-1.217505205244104,49.600909881577095,4.391510963439941
0.9849223081941023,-0.6308022363872974,-1.3244059206609138,-3.5648726385149883,-1.9325443194153964,-0.7089309127117662,2.045690385092983,-2.7644687253207154,39.242693831092254,4.8976240158081055
3.774436572108544,1.7815360482694986,-1.6745478346548368,-0.9195787892886695,-2.0864711298652425,0.24751667770657715,0.6603927264416436,2.590636220107852,40.36813863358494,5.622623443603516
-5.12,5.12,5.12,-5.12,-3.059103126356475,0.11881413648574934,5.12,-4.956630021820859,166.7385810675026,6.193624496459961
1.0032852667962207,-0.8976806690116232,-1.8718979124705135,-0.11543971227924921,2.7492334340704137,0.5292202773227439,2.4708165718116097,-3.0063833444479986,34.04179883352492,6.944628715515137
3.993198577523313,-2.4740928935519153,-1.7370483001503731,-1.9391007881304656,1.8507037158657704,-0.6454630817519149,5.12,-0.4265022460663275,66.40908231891522,7.6136298179626465
5.12,-1.7013123101712573,-0.7877002130544,-0.5442772916831498,-4.480636228625366,-2.230374101459164,5.12,-1.4015759232728944,92.50957164746599,8.350676774978638
-4.104421290092112,0.26421190295552055,-1.6490713315092127,-3.434397237951157,-4.276699673351888,2.743735779727464,1.1365320275012811,5.023605901004667,91.1459497523858,9.148624658584595
2.481359529088502,-0.0662172203900937,-1.8407203881025906,5.12,-0.08771190612142465,0.15242644779203385,2.2912368769403484,-5.12,72.169036090374,9.862625122070312
1.9023043993816975,-3.272832380928005,-1.4843005209646445,-1.0322117637127421,-4.040681154946568,-1.558706537532259,0.09845428587464689,-1.469653082548862,45.998539767765934,10.798623323440552
5.12,-2.5375802486540096,-1.578363291283157,-1.0754355399457394,-0.5514572813576271,3.968650614852037,4.491282207709815,5.12,107.213607164668,11.742204904556274
5.12,2.221651023417089,-0.5635370747321966,-3.031091791893079,0.18382684113090253,-0.754426535020472,0.8592568796542217,-5.12,73.4506371826477,12.60915231704712
4.601295757337774,-0.5061964564938677,-2.685546981475695,-0.27324720932297275,1.3720921874236023,0.6712413356468776,0.1120385030325659,-1.777808472305506,44.79717835949896,13.220407724380493
-0.39360132648125923,2.005253772732475,-1.1725257984631008,-0.09795048459351818,4.68385600304036,1.3290309360881691,-1.8544346538797951,-5.12,64.96058992579428,14.034409046173096
1.5968142884231646,5.12,-1.6702723131919868,-1.0368054086683278,4.309802306474723,-0.33529952100095173,2.7111092505403827,-0.7144233796453081,68.11609230094766,14.81140947341919
-2.6959305436465737,-4.76717263755192,-1.815067239190217,-0.19748243893389272,3.5978216092399835,1.0716454209936614,3.053470645071271,4.118957258654569,79.45274403879665,15.608227968215942
3.247949609722112,-4.124762979169569,-1.8286716800409732,-2.7394433882324742,-4.754099009265288,0.21822679098765807,0.961978154695668,-1.2017268461487935,68.80653706811911,16.41123867034912
4.759520211656635,-2.327531067132228,-1.0167021519265385,-1.087242578215636,1.7222075582207275,0.35279208007090457,0.10494061138928235,0.4869842489095513,41.16707841795634,17.24717688560486
-1.8805830931990295,-3.428292371373552,-3.371681003681785,0.1223466849307897,3.61779455526126,1.658669026649786,3.3230181172596636,-3.848362944985911,77.65177749394957,18.10023283958435
3.238613915453519,1.003341316916786,1.9120688361118532,-0.05200080028791643,-2.4612139850143615,0.3737788991180899,2.1408731888896,-2.108869771511851,35.776307381881786,18.940173864364624
-1.0345523783379544,-3.2325699040463167,-4.322189382542343,-1.0544953334524507,-5.12,-0.45458540688792315,-3.9318794418947265,1.2549955642015824,80.53142347143941,19.677258729934692
0.006272883396738038,-0.8630409867847106,-2.1401659315962838,-0.23986079442077113,-3.20723509826615,1.2019189910822847,1.6423545143575335,-2.659937868988553,33.13385691136832,20.47139549255371
-0.37541363418142204,2.632017647329964,-0.6826822011346936,0.0462400171969648,4.613800740388757,-0.5531714326301742,1.641482282713067,-2.7979838383426507,50.522610894894214,21.144336938858032
-5.12,0.1084198447191902,-3.223870022317647,-0.358296334214284,-3.7004900052203116,0.9397331673842926,2.2507548715046983,-5.12,88.21751942728913,21.92833662033081
3.0458978264561205,-2.6106845421996283,2.1825838099491106,-0.3980182894276405,-0.9304485580498749,0.6239317198873868,2.3800253934062496,-2.3465598389940103,42.74586221664661,22.734392881393433
0.7289723046559251,-2.5698308673058894,0.08663988432995229,-0.17333325986212422,-0.9232491149866924,-0.1537334650403066,1.2489736536234224,-0.36164742116904236,16.642308186924474,23.563336849212646
0.5069103005429065,5.12,0.49975937403289805,-0.13899786031931693,-1.0961498432957288,-0.14578385305036434,1.2154210220885284,-4.245360913005234,54.41468652428709,24.479336500167847
0.5046325372697051,-0.7587253805940914,1.1141428427692794,-0.8056483418015619,-5.12,0.014973054283604625,1.30059350083571,5.12,62.54886662147938,25.484431743621826
1.2028380712611444,-0.823832570777915,-0.6554843583026715,-0.6852263587138152,-0.30399764902211945,-0.31633538921129034,0.5325859929186354,-3.1176798055559116,22.414608827771865,26.280431747436523
2.8449924490437244,-5.12,-2.0378054695183305,-0.006008782458161832,-5.12,2.013195765398848,1.2685984371869488,0.011956291265653007,72.46956983660348,27.337483406066895
0.7635577817255523,-0.8907900171248819,0.03710651522374597,-0.8313364527701461,-3.158360126125741,0.11937091826515367,0.932910614395869,-0.8990891974118691,16.422137667462145,28.166431427001953
2.2517254789893313,-5.12,1.128403038576283,-5.12,-2.834254872594864,-2.3879878065314863,0.5577262366581301,-0.43910803191101166,80.99282524185661,29.138436794281006
-3.2054676678300575,-1.657610782986625,-0.3359803214204886,0.10045861159199365,5.12,-0.11392380565437854,1.3934106500357073,-1.627575501577628,51.93896433589768,29.932431936264038
5.12,-5.12,4.499868183265188,-0.4649202293969834,3.4926057726021353,-5.12,-2.3221849761609548,-0.7132116501994501,126.66275148535397,30.768431663513184
-3.008711255865828,5.12,0.20338772667842964,0.2417864004185022,0.3464435914979376,-5.12,-0.533526819947368,0.6493183632607442,69.74923098514337,31.75042986869812
5.12,5.12,5.12,-5.12,-5.12,5.12,-5.12,-5.12,211.88345098062877,32.57048940658569
-5.12,-3.3089356529291933,-1.0319592720131325,2.4399245667549465,1.7615707926634459,-5.12,-5.12,-0.423642756483698,106.83218544042718,33.60043215751648
5.12,1.0645110449378743,0.27628104780706764,0.8292230942391852,-5.12,0.15455395373583514,0.016286617610634657,-0.7887539331157578,58.48194532336648,34.334431648254395
-3.164686148241539,-5.12,1.2581794909355475,4.794959256563444,5.12,0.4415527654952527,-1.6233354920229899,5.12,122.7860438840648,35.2804319858551
-0.9701927746726673,0.18863692266770915,-0.21540051230163026,-0.12011839546614311,-0.8786147051006985,0.44961402074617496,-4.712496438532278,-1.0910541084792547,30.727116799592732,36.53443169593811
-5.12,2.4360439652304775,-0.5758720889048732,-5.12,-1.016088776680954,0.33229043008130343,1.6151778448922691,-1.0045455085892687,71.05561055806027,37.359904050827026
-4.116881727789849,-5.12,1.4200080123605971,-0.5633139500665472,5.12,-5.113570189311311,1.898209469282376,-5.12,132.98818020558852,38.55684566497803
0.15401732667422863,-0.6434466469080258,0.0319090716762096,-0.8658354931179764,-0.08491803371329176,-1.357658728054297,0.1033387875497116,-0.6383985984491138,9.47896690468026,40.216898918151855
0.15744991260277708,-0.3453877979516271,0.3672808131639478,-0.279463508692813,-0.6947928743439373,0.050137642898858026,0.2567328194256291,4.382351458800019,29.15458549676619,41.29685091972351
1.6033554950072748,-0.21316109966844543,0.05396363744906196,0.33427731603528876,-0.26720898770521373,-0.5138753072908395,0.1530232483977736,-5.12,37.236064942289964,43.022196769714355
1.0582406369336148,-0.6712798890610596,-0.588658834435587,-0.7481316605958526,4.3213040458458325,-0.43192304614183463,-1.295950980598747,0.7035268761236315,33.82850511383715,44.21525526046753
1.4990296365872267,-1.4530625621612567,-0.6030967375997589,-1.1733322721804451,-0.40661274593648233,-0.12833081574655747,-5.12,-4.618744406771848,64.26480809847561,45.54919791221619
0.7312992446005628,0.25497134370395447,0.36573585903982764,0.45050748935391205,-5.12,-0.026370158672309074,5.12,-0.26632591092171864,60.860381110185884,46.896196126937866
5.12,3.7005908308857434,2.327817157916047,4.005931494547046,-5.12,-5.12,2.408707076011418,-0.7275070198497948,126.70469619054344,47.99319767951965
5.12,5.12,-5.12,-3.8477766339419954,5.12,-5.12,-5.12,5.12,200.62697818937022,49.32934927940369
1.2379920989765933,5.12,0.10579470096694443,0.08739345078371219,-0.25834068567300417,-0.21784535253864945,-5.12,0.2464090382579709,58.810939720698464,50.9883496761322
4.787390076598203,0.5095710327312739,0.43618451255617163,0.4417564526426858,0.29929245216834843,0.28066924705026697,1.3617502141477322,5.12,62.83435892000004,52.146297216415405
-5.12,5.12,5.12,5.12,5.12,5.12,2.444166081131077,1.727650327859977,170.95037076518773,53.358357667922974
5.12,5.12,-5.12,-4.135950026648435,-4.398460915095194,5.12,-4.596785336311625,4.107377171438219,184.5815325369468,54.48229646682739
-0.8864327219134314,-3.188319878855353,2.683860471833322,-0.9960347461099266,-1.6053677210060435,-0.7421250217833624,0.9075213265551829,2.3036968131927953,35.00831229594462,55.861350297927856
-0.9026790236393296,0.0010861029652406984,-4.175868390606471,-2.013523291010792,0.8284344303008311,0.251245489961752,-0.7191912118736115,5.12,53.521877256756376,57.162349700927734
-5.12,-5.12,4.434083146939609,-5.12,4.543744027108077,2.993098404525054,-5.12,3.3990006458308146,172.44443939997836,58.48169469833374
0.363694901973056,-0.6466914138301574,-4.762735950943145,0.24329826627604234,-2.110390880027516,-0.7935636412430247,1.0636134198879974,-4.006265534137798,51.736178981775964,59.929694414138794
-0.8538178298731696,-4.701983479918298,1.104054567455619,-1.6481178554818858,0.2456277809519909,-0.9936059985176398,2.7404507780532787,4.906992854243851,65.1020154081989,61.173694372177124
-1.2772824078160823,0.6233409373150138,4.989320044264036,4.625988504705034,2.737642244601183,-0.882908219859738,0.6149503234385385,-5.12,91.12739968817152,62.26969361305237
-5.12,2.0933907126674454,-5.12,-0.1284894789012485,5.12,5.12,-1.702447483981126,-1.8046898741009723,118.9290480785796,63.722695112228394
-5.12,-4.842547663922756,5.12,4.9331277968156675,-5.12,-5.12,2.9819561315804544,-4.166367236250921,181.02092041681036,64.78478050231934
-1.2004842048322075,2.9095343219095726,-1.0282928022802649,4.23275517983613,-5.12,-0.9456148352293781,4.503691224519467,-1.8548266093407468,84.1876330306575,65.869699716568
-0.07985449642262044,-0.13035805140280488,-0.8270112714304432,-1.5739154823100718,-0.319944643634682,1.2447441983128433,5.10243050350937,1.7779446392765044,40.31919795196868,66.94669437408447
5.12,-5.12,4.769454608420401,5.12,2.078273388525621,5.12,-4.473127616055886,-5.12,182.48531062415057,68.12469553947449
-5.12,1.5830771830025734,-5.12,1.6756542855680117,-2.877021097806477,-1.421887468429198,-4.515030771488011,4.12100096936616,113.7059563571988,69.26863288879395
2.018673512366936,-3.322299418983437,0.931525030282617,2.483495571905398,5.12,0.47269892430125005,2.140106333529645,-1.3296673156516534,62.564931366518266,70.49062848091125
-5.12,1.6842886535614499,0.7624616772444188,-0.47192963694906,-5.12,5.12,-0.0840699322672096,-3.7518387110630105,102.61280814399292,72.25357460975647
0.6127765437845065,-5.12,-0.9964279240513125,5.12,-0.1539461449793924,0.4245017737113539,5.12,0.10127969422195537,85.31611338441948,73.61257481575012
0.16475335546309555,-5.12,-0.6420138430275788,-0.7545438532488538,-0.5885962242140224,0.6827970074400813,-0.48683836732372043,-2.6710143126994694,45.49835812994442,74.71757650375366
-1.2465456325936555,3.71291125161346,1.8603149775301748,-5.12,-4.173676537204753,1.6615125013746033,-5.12,5.12,123.07352804915493,76.21863555908203
-0.44775782272109765,0.18790428850210183,0.14109805057459468,-0.2572713116946481,-0.09518290575287391,0.3198578235909899,0.2715099923264903,-5.12,33.7055388117525,77.90363478660583
0.08747247823669912,0.4594993171138926,0.1754610381396171,-0.3128208965951469,-0.22831395420443368,0.22741468066087123,-0.07773199742561321,-0.018252159555720127,6.3520760476288425,79.61762857437134
