4.8554327905641985,2.5001242732706546,3.6280060052902163,1.2407519020353774,-0.06881693850176696,-0.8190712641359177,3.5455827959282997,1.897298640329013,69.22663458860781,0.6349997520446777
1.0914056304610487,0.349013722181561,0.9516371201927418,-2.928082627099432,5.12,-1.5523085115729978,-5.12,-5.12,96.4940691022315,1.1919991970062256
1.2195368422306334,-1.1056958813932747,1.6911837552009104,0.07834716803546016,2.0795327150527543,-2.315785470857918,-4.224114642880019,-2.559028892731277,46.451430212029635,1.6907753944396973
3.457122785602089,3.9428967865151803,1.5174177938508322,-0.3336415897072378,-5.047570672571041,-4.3071810746133385,-4.6136338472190985,-2.335017788583837,110.86384601760618,2.1687209606170654
1.2961218332978328,-1.9649668147177977,-1.829453702594952,-0.15636641547097252,4.425704396029375,4.5933372780686925,2.1081319040684274,-2.711680879585833,68.8580141331953,2.599039316177368
1.2794808477909836,3.1950097270513202,1.9392276074503192,-0.30484432062304023,0.2597820830287363,5.0860774108994855,0.07087669794587104,-2.8452901632907395,54.72848545235965,3.1519181728363037
1.2671237602625478,3.1739878422425933,1.0464191255392992,-0.4482264073992912,-0.2679615251124732,-0.5622375074486419,-5.12,-2.9621144986979493,55.326016023810546,3.6960208415985107
1.1990310168545184,1.3247112617598553,3.2555610604377287,0.33800078469551487,-4.501443732370717,0.03389260351646595,-4.609503193749089,-2.361900724260216,71.13500876151033,4.313023328781128
1.152633537075424,-4.403295340278996,4.509048832841592,-0.13475929194594904,-3.795105993027547,-0.9950621714035259,-3.4059922491747274,-2.7726154027650542,83.74084628709788,4.963960409164429
-2.3764250495362043,0.36075434954874286,-0.9869702469877044,-3.112576492671832,-1.4207168265564296,1.515372912456118,-4.88090832122896,0.27838973404038736,53.5714510363536,5.576013803482056
2.507223700701763,1.3668668099743444,-1.0371863768227287,2.843404282231541,0.937731510226179,-5.071737380465677,-1.3778145969750408,2.6822285095273095,60.46023466567728,6.228003025054932
0.79585466354093,0.22266928321668367,-2.0200899390692943,0.26098367656553734,-0.8193378496834498,-3.8165720311171896,-5.12,-2.626092658492187,58.94709271553964,6.830062627792358
-2.4233203125555334,0.7458093705545457,-0.5785966103976223,-2.3864207658282846,2.1156554143644284,-0.8062458479398309,0.18189299367263256,0.766710267153119,27.141186972333067,7.554115533828735
-2.4175663566595005,2.372677199028468,0.13409113127576955,-2.228578099269792,-3.9954384163228047,-2.1368761847212796,-2.153974064796186,1.4255067359653868,51.0990117402251,8.111115217208862
-2.411953518854412,-3.4708041519650275,-1.380177315212216,-0.5983650280802557,3.9932979558860646,1.705224757413073,0.7988191738416655,4.158968958663908,66.73037569330697,8.778369665145874
-2.516210121981461,3.861216552169645,-0.3457179744679646,-1.110433436975499,0.39261409960203775,-0.498287225735238,1.358917071406486,0.5552493605662168,36.65217633878303,9.38636326789856
-2.1963948862170035,-0.6213349691456207,-0.9775691838968639,-3.2170844388882935,5.12,0.03820889017264317,0.08140740146952652,0.7500942615851498,47.92501032406181,9.92941689491272
-2.5144160045674084,4.864280188282092,-1.331692215856461,-4.165150646947583,3.782593075029106,-4.530321849876741,-0.0808831950798341,0.8949990062526254,92.18036594858563,10.539362668991089
-2.4440962716395975,-2.624398079008565,-0.6127306823778671,-1.9217381455613607,1.6383288659917294,-2.302775559611343,3.7508756526111258,0.5310865463545529,50.74078984096554,11.129363059997559
-2.2583046869998804,-1.585488481906327,-0.8556787630747449,-2.0023345554144716,0.5585046921602057,1.5093925776664276,0.4247702291254054,0.22864448031571882,25.161338086314906,11.720131158828735
-2.516327112999684,-0.21766959963770738,-1.2959264693857584,-2.0145105240967123,5.066712491989134,3.010885195003941,0.39903445613425426,-0.2763913315227242,54.23072329963362,12.412397146224976
-2.1605315782109416,-2.1982942459638815,-0.6090943400860098,-1.9265237955244827,1.4312848452541722,1.0426405297202095,0.004192831597736202,0.6155267319652911,23.816246425749018,13.230836868286133
-2.2665975452051783,-3.9089820807789533,-0.3101447931275292,-2.0023631927720476,3.1748762016624275,-3.404689925245412,0.746880265209005,0.6114505075678558,54.914574185760245,14.228410482406616
-2.4643327169991665,5.12,-0.5605206430403369,-2.1793707947989307,-2.933885491263989,2.141226139783976,0.5011232457575936,4.170126772643759,75.90253005670252,15.458973169326782
-2.4352705829330814,4.508537819469656,-0.5153983740302097,-2.095595338993247,-1.1624216517269397,0.7152876476892303,-0.12549341590782248,0.18689756391938683,41.51786407558459,16.48807978630066
-0.5198400087536159,0.06206619874790231,0.5998065442640064,1.5637020905155046,0.2937864184737631,-0.08427283029124233,-0.40629819549562285,0.08661602812095648,12.527736236500845,17.300407886505127
0.052326904073283664,-0.8955707871289773,0.6526129605504583,1.3149008364405939,-1.8549022674501563,2.4356494564627065,-2.1322352194921406,-0.8305432163786071,23.949110071407596,18.090355157852173
-1.471470801082499,0.0753601228829961,-0.37927997418515247,-0.6706598715170511,0.1604813237328404,0.8487066207661931,-0.22945810384633702,-1.1248964083760367,12.175884383363194,19.218353748321533
-0.8285496778516688,-0.1856732416590372,0.3088777832818792,-0.9610047588771513,0.28912369134169236,0.12097948073498888,-0.42257496596954613,-0.5828009876830285,10.151065142125564,20.540374279022217
-0.5014007530525193,-0.26175477449180207,-0.2539293780885137,2.4337152249685117,-0.43264556510349994,-0.16974182226132495,-0.2238653718429955,-1.0991492894303185,17.247550129925795,21.41035509109497
-1.265007600355144,-0.22866646089886267,0.48109334308376805,-0.09244699303428572,0.6593267947539543,0.4361637028797043,-0.8600681724592087,-0.7989941513941936,12.532338860613908,22.47335410118103
0.7126273243618542,-2.5961070127591355,1.4030312414746469,5.12,1.3134753986843952,-0.1176327894011795,-3.3998032957031428,2.0931707898051073,61.88057463169838,23.766482830047607
-0.6416494983557417,0.4193805530908534,0.0232363747931581,-0.07949893705650446,0.07252866459940588,0.1841728272593688,-0.08562208823964301,-0.21766223169519527,5.964595762009419,25.027486562728882
-0.47698866129675555,0.4777188285620255,-0.25110381360139655,0.05446578918243539,0.41172544836889635,0.4487648860292621,-0.4370995032619014,0.1138863687344962,12.10830292803786,26.297600746154785
-0.4251498981393649,0.992459632535148,0.4538133051748119,-0.3589556476708813,-0.6083221630772728,-0.0785420814206752,0.9406527573295378,-0.43057677875781586,12.30166271209062,27.611680269241333
-1.0890949430572547,0.631770705315799,0.46944789777312845,-1.9960978042871274,-0.1829390180788355,3.260819672088034,-0.3184247381106893,0.5615262546298752,25.686070049171263,28.870750427246094
5.12,-5.12,-5.12,5.12,-5.12,5.12,5.12,-5.12,211.88345098062877,29.95479464530945
0.36229176840788835,5.12,5.12,5.12,5.12,-5.12,5.12,5.12,187.17772754327282,30.98290514945984
-5.12,-5.12,5.12,-5.12,-5.12,5.12,-5.12,5.12,211.88345098062877,32.14191555976868
-1.1186280764314143,0.24952537149542753,0.04737076757790604,0.2212505968089955,-0.2329689309439109,0.12368583783391962,0.2445299138130519,-0.07303940899146344,5.875356144395226,33.49118971824646
5.12,1.0167320099928512,5.12,4.85409068683732,-5.12,5.12,5.12,-5.12,183.9056670992952,34.741124868392944
-5.12,0.21000930608879376,0.2952458550010526,0.16364804488156004,-0.715601485607892,-0.38569502160374114,-0.308088805329219,-0.07724897477244852,34.360600539396124,36.069130420684814
-0.9666212335859186,0.4906904800835159,5.12,0.26113473140652665,-1.0296426229418199,0.09064416576218015,-0.6721816981016682,-0.24248019308761304,34.99547547686638,37.46591520309448
-1.0374805558758293,0.3644414789171728,0.4200021615829259,0.10386607612060672,-0.8756700874254957,-0.4213348153963574,-0.6256223307892643,-0.1293868050962157,10.704151848654826,38.65721893310547
-0.7130096317914338,0.14534170821159176,0.25703758725299775,0.4019516393131184,-0.06773589661369073,-0.5627657363579077,0.25492164006249407,-0.4877454946380624,10.901206433710822,39.93620753288269
-5.12,-5.12,5.12,5.12,5.12,5.12,-5.12,-4.562849599440722,208.14065277778673,40.923380613327026
3.396070855503676,-3.193722670347618,-0.05980326211302511,-3.8781003888382015,3.7057415681830674,1.1809425073844668,4.649969201205946,-1.4285272347602205,83.70634611333679,42.25851058959961
-1.2898195610415355,0.8040113847485291,0.19743963928793207,1.182157540261155,-0.1531363828172676,0.7025229284755641,-0.08040972849636585,-0.3587137349651428,11.053917926149916,43.42457818984985
5.12,5.12,-5.12,5.12,-5.12,5.12,-5.12,5.12,211.88345098062877,44.72664976119995
1.6623060091389474,-1.5310585405114954,0.03248570969284259,1.458571774834545,-0.8626237594442765,-0.2802976084453972,4.572501429972614,-1.5295787029249954,42.217565580126106,46.17081260681152
5.12,-3.9535122820964865,-4.490400576411322,0.729632881155351,5.12,5.12,0.6518308299051716,-0.30390367817765274,122.37870381994763,47.34680199623108
-4.267760233816272,-2.532101841007239,0.7371776819181708,2.567688371598898,-2.6014359645499066,0.8694073688228858,-1.9369140984255035,-4.991432567472608,76.23446205709362,48.51506781578064
-0.820655102303653,4.381869314284935,-1.2521114299927736,-0.38548786124662193,-0.5619507589789929,0.716068919800974,-3.171447969068222,1.1478200410967832,42.9318191843256,49.862061500549316
-1.024210934333257,4.498157699126234,-0.13236682709878345,3.8499038433227435,2.4562471925664378,0.9135211002257222,4.679508483817684,-4.560665927656741,93.90068474740673,51.28906035423279
-1.5177423593639752,-0.29805675715847535,-5.12,-0.07947324096095798,5.12,0.7480858838979065,0.29029980571703984,0.9120775186103875,62.669919022322176,53.16906023025513
-1.0236111218077397,0.3814102009092073,0.12609185911450105,-0.49302710458403265,2.195676284871362,1.7173415784230803,-1.008310309112181,0.668013302787033,18.091249581040984,54.752429485321045
1.3364408530326113,1.8529718690890853,2.555502875147755,-1.9037112098461897,3.073386711282269,1.2432912652568913,-2.9452891448597014,-0.31553587231364677,41.692427260487726,56.265042781829834
-4.408883171213688,0.8703232677027133,-5.12,-0.6797501704240805,-5.12,-1.9736480350520589,-0.8261493372891131,-0.16927292506734037,82.88433018370993,57.78709363937378
-0.5452503788422893,-0.2610648231567412,0.09517685236729001,0.2825540851267192,-0.9252007977228969,0.27848465561745694,0.014937347464659467,-0.4396605729817171,9.207239707770094,59.32004237174988
-1.3702285240568943,-0.30386064116960476,0.031627799841996485,1.5632292405704122,4.593697099546794,-0.29543971230686683,-5.12,0.12383974155634636,60.46508711804225,60.78904461860657
-2.2719408270807655,-5.12,0.16969711418835942,-3.4844391741154848,2.784949416243977,2.110717142573818,-5.110230898809052,-0.3038728150070744,88.46136621389046,62.708887815475464
-0.7864473774442216,-0.25257535806085674,0.9865235085059068,0.03292142270284515,-0.33271696196594025,0.6963107096491861,0.3735968835734207,0.5191011244070323,10.996540474546244,64.64789056777954
0.009363197593104111,0.5868959421373896,1.0803888797540537,0.21196684501172847,-0.44320692364887915,0.7547534132162319,-0.7453563909422556,-0.24385521242802266,10.580045961390068,65.82790946960449
-1.4610956220456046,-0.1518983016072717,-0.18317674705938458,0.36576067264160805,-0.4527441306773783,0.44225425778618277,-0.6181500553549579,0.4795719043781137,15.607095125667584,67.3609070777893
5.12,-5.12,5.12,5.12,-5.12,-5.12,5.12,5.12,211.88345098062877,69.00185775756836
-1.5927289047844209,-2.3256444059005186,0.5100556636963107,0.1057938804242653,-0.3201150659856271,5.12,2.3401484289873027,3.926116586098444,64.26775323939903,70.5739278793335
1.023557092625234,1.6764737376300172,1.2939289324896333,0.49479556830624016,5.12,1.9205762772284212,0.118518474769858,0.345205502141841,42.76300487427598,71.89584946632385
-0.22664020462930878,0.6601469974414123,1.711378077562002,-0.7527527234691425,0.41607885896600827,2.087494423220983,-0.9693221407549686,-1.0861232215330796,17.417319279449714,73.45506429672241
0.24394939806089155,-0.2598095620491696,0.3156086400848199,0.26534214439426407,0.7260221714174886,0.6335128549560594,0.904949807744039,-0.23704282837402868,10.531243240611653,75.01651501655579
-0.3708125268836957,4.706139421827207,4.526832213167881,-1.2399832476256223,0.36342539505504945,-0.11671169305625995,0.6461520537875094,-0.04940713137951391,54.32984029737299,76.24650382995605
5.12,-2.71511627346453,0.17054267923220134,-0.3297633738165926,-1.9403554956961666,1.6383400506563905,5.12,5.12,98.34906338030191,78.08050489425659
5.12,-4.07158089156956,0.11626458043222865,0.31702733310205655,-5.12,0.13341661173857577,-0.24567506027357222,-0.6700935321788917,74.73858461898415,79.59513545036316
0.6674376642671014,0.7913379312385125,-1.4854950415733055,0.34169963948662563,0.2963378231463727,1.0441680118650378,-0.9019580301708929,-1.9750141811438215,16.588518280743187,80.83213448524475
-2.926144947125555,-0.0351491458364066,1.8102780794692572,-0.5723977505616071,-2.914010619125941,-4.3435836198786175,5.12,-5.12,96.85308484870339,82.63013482093811
1.361324506980285,-0.16408963697030376,0.22575201421119573,0.5236175929007398,-0.09858739957407625,-0.4354538919736557,-0.2070102289867295,-0.3437531056673917,11.926157712426004,84.66513919830322
0.18209005874322237,-0.35625523970104034,0.4987831513009473,0.13287456919526797,-0.5837335239610351,0.7792510532626808,0.29823314799300515,-1.1767372949773152,11.918316685634316,86.95013356208801
-0.10464951415738355,-0.342171684937119,-1.0136751734766198,0.13694538689319646,1.0042691085409912,-0.630476653571864,0.6492962592874072,-0.8388517994834128,9.557385243329364,89.07418537139893
0.37740010564669113,0.6261076940459,-0.8394552499351091,0.7582031816902637,-0.02521832155496817,0.08160433944854617,1.020684208393333,-0.0014233675772779009,7.848091516146813,91.60140681266785
0.6659830601649528,1.187919094937702,-0.5231441762427629,0.7879304685276711,0.6567529072447691,-0.4283551986685765,0.5720094489769085,-0.6150180606603444,16.049024675311514,93.50672626495361
0.04004468096407088,-0.660093642854819,-0.8124329271427637,0.10357888704578944,-0.22472986281001983,0.02454483658147044,0.854956913824136,0.06474673368876172,5.605957951520769,95.28774452209473
0.07771380839817077,-0.6925971010426393,-0.72552580570804,0.060441802647464904,-0.2999762229842924,-0.18249809926438143,1.0120402610929045,0.191549505645777,7.435321211694631,96.97068500518799
