2.9163592439731856,1.8839980656134845,-0.25789577595115354,-3.9564431758207603,-4.307688739728271,-0.1958670397543143,4.466674903347738,-4.711314217534581,95.23239907253006,0.598210334777832
0.3211621899072803,1.04264293326003,-1.6107836511059594,-2.8668498365492927,-0.43889347829543546,4.912422252597014,1.1548620145834505,0.6409495661583984,45.78300406184275,1.2232892513275146
0.1712101286539518,3.3487556561445517,1.7868604247770827,-4.784839330774584,1.7057040695394212,1.8474310788156485,-0.024343710766541626,0.41952301309952666,51.07634971997601,2.118318796157837
0.8397394825983087,4.671168894613934,0.8911364161551978,-0.23960058129542805,-2.4411657151130433,2.107614186783832,3.0561294217581443,2.5372897225236786,56.84281881990002,2.8094677925109863
0.7048031515520146,2.060396371292428,1.1227310829818524,2.7794275509093396,-1.2099800124993991,-5.12,0.3050214848495987,3.7486389557996125,61.37150309226189,3.534467935562134
0.6758073997435163,1.8955561451567835,1.5131036723607245,-1.584632581557408,-1.7764710814716627,3.634435491545763,0.26815171411815,2.3653262063776195,41.672798995987,4.271547317504883
3.9023534235674715,2.8471279040886985,-5.000258654986228,-1.4360041107553752,-0.7555452442834447,-1.3547339670501568,0.4481488093703625,-4.7389764483317185,83.58697071550274,5.118485689163208
-0.29457175896512044,-1.6069721461787525,-5.12,-0.054748704768949885,-0.9111418308416646,1.963651776377925,0.09468583180512713,5.12,63.80518416671541,5.932570934295654
0.0037026784432825366,-1.5459241170566878,0.3741099629521951,-3.5102435894919832,-2.8498389420490438,5.12,-5.12,2.2561278928583137,88.14574718453432,6.70197606086731
0.40935943299256206,4.292843605738491,1.4942352479082412,2.8437175970986415,0.7416124338746304,2.547938618704163,1.008935911228411,-0.8521096716824168,46.664409246081156,7.4079749584198
-5.12,3.0395550015255592,1.3960788742629369,-2.069845775048325,1.2266509307742988,2.222165752185715,1.156412116062313,-1.6816392785217045,58.02682998555281,8.190974712371826
0.4911094953492805,-2.9328014396814455,-0.4734894367203939,-2.2764271750219134,-2.127493621426664,0.5456858118733381,1.0208369268809347,-0.43283621555972296,29.723955883701706,8.933513402938843
1.198491503420195,-2.694978888991286,-0.16685282852383398,-1.4913092813873852,-4.148029323329514,1.1533981347290831,0.6397332951377006,-3.675038353854323,51.84749832375566,9.681741714477539
0.4384763600070256,4.993091682098194,4.591450907053077,-2.099696795197724,5.12,-0.22094960068128255,0.626054688126902,-3.744532197558894,99.07275128486965,10.319740533828735
0.24032365906087172,-4.158760357882564,-0.14940542453429195,5.12,3.644386409275314,1.658172188454894,0.6320767489398547,4.660932182157905,90.18902862468923,11.588286876678467
-0.8757460687717398,-2.5667975705704285,-3.0370172736807497,-3.0731251306273286,-1.845780677170349,5.12,1.3793276606378013,-3.258035910879461,73.97647059623048,12.35428786277771
0.6401069589526127,-3.5252716013233756,-2.7248888332750334,1.4060255218605482,-1.3030660904224454,2.7289091379161237,1.4904245873040853,-0.14708358531767196,45.094355463646785,13.45781421661377
1.047337394736073,-1.935972632120433,0.5482982887081871,-5.12,-2.4256065566018634,-0.8446937714227785,0.8768865582670342,0.7343697931986499,45.32917081542764,14.506814002990723
5.12,-5.12,3.725595331276552,-3.668573733564823,-5.12,-2.262425857230045,-0.3533800109015628,-1.6157920325376893,121.72098426524735,15.456812858581543
-0.5463344929247738,-5.12,-4.151635993959184,-5.12,-2.222901169606341,-0.6041317054814819,0.538469865459775,1.2820650268405087,85.91889438683687,16.27481484413147
0.41622295513558427,1.5525192893551916,1.0874844525873666,-5.12,-1.778971363848163,0.4318484294200893,0.2467375480628231,-3.9911841225161755,57.26097546167547,17.227813720703125
0.41866593323552603,5.12,-2.8902867775332775,-1.2835163413674424,-2.4405400142438065,5.0677865188739455,1.3581434303238886,5.087101763021335,103.1281585971191,18.13181447982788
-0.5113482933763738,-0.2991159867279398,-0.415380191886741,0.4600702722263641,-1.1176650208589338,-3.5552607716137357,0.9518452953434586,-0.2290922445349146,25.830363377601547,18.985814571380615
4.3283540084440295,-0.9848628802083512,-1.02351534055839,2.87486006247069,3.1683520256717026,2.9984322845220808,0.37376526826583323,-0.6364346597701633,54.2377732292927,19.9182550907135
-0.42734292714410227,4.631254612443885,-0.1731590093040758,-0.049921088663341884,-3.2792970683542686,5.12,1.6704935974503163,-0.5048848744303793,70.770795747916,21.120192289352417
-1.8491177136679129,-2.340538167349867,-0.5962244721928833,0.5194002766777714,0.23878448104343875,-1.1062298980483476,0.9009971732614535,-0.05649160089730643,18.782909648386422,22.070253372192383
2.134509659983922,-4.602374147819951,-0.9477554414316494,0.7146513837432913,1.2545633785380748,2.5674135809042653,0.7016912998682798,0.043219572541379314,43.492776226324395,22.69219183921814
-5.12,-5.12,-5.12,0.7773795041352756,-0.5981237533935131,-4.951577303412093,-2.5014198280640527,1.7304869033929915,120.00106099061954,23.81719160079956
-4.395942073294525,-4.921945441882235,-1.1594819854678375,-3.8122852078742344,0.9358260665950153,-1.894592683270388,1.1279590428020008,-0.13622833148076197,69.11777414897928,24.825218439102173
-1.6028756831618085,-2.315582353022419,0.24372756459881284,0.63388862249335,-2.3817423826846067,5.12,0.8956614979558548,-0.10487580061153867,49.34267845493935,25.94219207763672
2.068345932723412,-0.6255961355856501,-0.2916579157626993,-0.7605367790038597,-5.12,-0.34158208335885565,0.79754824340759,0.5907257321352661,40.9996546494757,26.58219313621521
5.12,1.040281874085748,-5.12,2.8436647313415806,0.2989395019192225,-2.254961267576338,0.9425268820753674,-0.8046128346532244,72.38807491697621,27.37320041656494
-1.9293971975854682,-2.1843122643035895,1.6726777054737099,-0.3529475984921637,0.02344844991464967,-5.12,0.9091001273367496,-2.3755901280807428,50.016653275889254,28.037245512008667
-1.1327624552920539,-5.12,-5.12,1.3872211313842593,4.495277495805989,4.015330735276197,-4.813984465839242,5.12,146.8690611305427,29.043245315551758
-0.6121110195708219,-0.46219853242762454,-0.5838095346585357,-1.2193036768474297,0.19105761367378804,-3.0737828554122686,0.0768363905570375,-0.07550877796763533,19.287207211084745,30.16124415397644
5.12,1.6598535290780356,-0.6157026461738404,5.01906293077933,0.3614808318036111,-2.783394796069171,0.6870607480064805,0.22711834544569331,71.18140297807818,31.358193159103394
-0.41797586807708065,-0.472866238704448,-0.23420778065310532,-0.6649440429999096,-0.22943182732323386,-0.17532068077764595,0.3390562624154567,-0.0074033624014235855,10.310417147567733,32.435192346572876
5.12,-5.12,-5.12,5.12,-5.12,-5.12,5.12,5.12,211.88345098062877,33.64119219779968
-1.6260198062334759,-0.8860412009045993,-0.3532524973780342,-1.257204425374896,2.1928720843020804,5.12,0.5276321477590988,3.937993125839424,59.52086895227149,34.54419207572937
-0.3531284607848697,-0.6050338497526049,-0.7326876336841286,-0.4131047040762228,-0.8701762448600139,-0.3947113398133748,0.2753886096167353,0.5645652133112709,14.043978334241835,35.411192893981934
0.007990280872788524,-0.3862600668047289,-0.03783791573196016,-0.6582662163703468,0.49124340512655706,-0.20550563158785717,0.9178054725331153,-0.41771763197270406,9.936393462103233,36.71519112586975
-0.43386941126180645,-0.7186949267524287,-0.15596515137102163,-0.34871616404980177,0.3255120092833623,-0.334159489562027,0.4750265706947383,-1.11613417178049,12.877920494897744,38.02520155906677
-0.2763344765350899,-0.2678625352160049,0.22899551229701753,-0.9129357693856415,0.06674282189458225,-0.30385755964732564,0.7884072196174676,0.3421272151677712,8.887175471267206,39.39095091819763
-5.12,-5.12,5.12,5.12,5.12,5.12,5.12,-5.12,211.88345098062877,40.69095802307129
-0.3081448070381132,-1.3592607624141464,4.084178350260358,-1.7917215609541186,0.48114742659994025,-0.27102346176575587,2.358742789738562,-0.24142015489866608,37.33095719980025,41.82589936256409
5.12,-0.31614537764210215,-3.4964923272847725,-1.9995767408287946,-3.0582194744458375,-4.532485124124571,5.12,-1.146756854054074,106.35051592351654,42.958595991134644
0.2147783010575166,-0.7515412225545042,0.7836919133336577,-0.295858223486297,0.025327857522594144,0.0796351497254939,0.8355129999188788,0.29492356956599153,7.851502409948146,44.14037466049194
-0.20701911655725347,-0.47852106294456487,0.8212206153395893,-0.18703690883454716,-0.4631776318465315,0.36253826893129837,1.2979128007096028,0.2614376850952276,12.977472635637818,45.43831968307495
0.44652234440845184,-0.9228094196106511,0.6332761988962954,-0.6573403954393111,0.5655548942932729,-0.25297069439869535,0.4317994593086132,0.38905534658238494,14.495746210205338,46.75636649131775
-1.4077412672605556,-0.20056531409395095,0.7199190176275545,-0.7286064111863384,-0.42547246255632576,-0.6902325084138079,0.5944892002442206,0.16926993794080403,14.56575651015229,47.978312969207764
0.18887601360739126,-0.3357305694671959,-0.35284282160072067,-0.4486910426548034,0.31905756385293227,-0.1671560753417829,1.335994169779826,0.5044538687927833,13.769329575087745,49.10036587715149
-5.12,5.12,-5.12,-5.12,-5.12,-5.12,-5.12,-5.12,211.88345098062877,50.152366638183594
0.8573578648427187,-0.0334056665602267,0.6223191721404984,-0.5118682141774906,-0.6229781736427809,-0.31125516793924035,0.45868917543970156,-0.36253633680307296,13.033419223819642,51.34236550331116
-5.12,-1.3053313059165346,5.12,3.3922305812157623,-5.12,0.7574992503072338,1.5523659598314339,5.12,128.15581154212208,52.65837121009827
5.12,5.12,-5.12,5.12,5.12,5.12,-5.12,-5.12,211.88345098062877,54.127312660217285
0.7597123478693399,0.33186192829692995,1.267473538311397,-0.6606012820328315,0.8939051841797339,0.07484700030261404,1.5035874929188378,0.008577977835767747,13.192719023786166,55.437366008758545
-0.33496521735840457,0.40241588512024684,0.20402613306630357,0.3485124836823221,0.7224017313867526,-0.33291291865045736,0.6442962278967066,0.08123956704814983,11.527791048800953,56.789366006851196
-5.12,-5.12,5.12,-5.12,5.12,5.12,-5.12,-5.12,211.88345098062877,58.70137405395508
0.37346859167906565,-0.00835914174320429,1.0122034127488817,2.326427598167819,0.2429087487896986,-0.10049075214544345,4.485048750473598,-0.4889438925879066,35.30819024646125,59.78136610984802
0.20817795388834082,0.08527548818301423,1.1145406171967398,4.0526636941750285,0.2701067021586354,0.2729389152305499,0.4601500910908296,-0.5821338682305024,25.70579058291055,61.21237111091614
-1.2824788796777247,-0.6783000925673965,-0.6149402428068091,-5.12,-0.1399062161576463,0.48079398329192813,-5.12,0.36100946194955075,64.22050548487974,62.44337272644043
0.04481805206437439,-0.07128468669086896,0.8397738432427255,-0.6631666923786259,0.3066290302469392,1.0309615558508405,0.3153979710886263,-0.4698832055433,9.500396765059058,63.61943507194519
1.4965933100983149,-0.6336785444280197,1.085660147289766,-0.6110340372249201,0.3560994741258483,1.5101546779951711,0.3818922725909806,-0.9889945543819323,18.65546884740416,65.31144070625305
5.12,-5.12,-4.55710287849377,-5.12,5.12,-5.12,5.12,-5.12,208.10152935731563,66.65143537521362
-0.760448244768785,-0.7174628656540794,0.29001353351120507,5.12,5.12,-0.6744399139742123,0.6768371467342806,5.12,87.8333998032657,68.21543478965759
-0.26855909359924546,0.3486263625142385,1.1019642207829001,-0.4985373605529366,0.3902711586801457,-0.3103462216216295,0.27058356868922573,-0.624520991365026,13.243727066797485,69.40043544769287
-0.08510001650127652,-1.2777517155176823,-0.3255220648659396,0.6349162495327745,0.01307463857947333,0.5334144694840735,-0.6324468475456193,-0.21341660921634542,11.737726514164203,70.72038316726685
0.15258717670992006,-1.706914855675667,-0.41368331829170657,1.210932554791218,-0.19324071537968202,-1.339088185390184,-1.3992882307109,-1.0079601452839135,17.674668666112858,71.99638152122498
0.046082424350158746,0.2939695815986667,0.21865826561395263,-0.4101599989086564,0.1452417581215082,0.7391458499381489,0.18319714709129808,0.3776333754699781,8.779419588861817,73.33438324928284
-0.5104767683636018,-0.1433134953937918,0.2840215799816965,-0.9600771629573392,0.3949680862195679,1.0142437250008074,0.7299360486059365,0.17623301213566922,10.124813191360142,74.93347263336182
0.2644178160420019,0.27909334132507446,-0.09631778035311545,-0.42121399585634745,0.42108613257692884,0.27900060888915057,-0.4374915754867059,0.14980109440249834,10.529155190131942,76.33047103881836
5.12,5.12,5.12,5.12,-5.12,0.37218197694003763,-5.12,5.12,187.23101548183743,77.84547019004822
0.06718849546028327,0.5355641847674795,0.3609360704454776,-0.17823495993860483,-0.14757731050485656,0.7837743851876473,0.7616738452888656,-0.022781343679261212,8.065511354779417,79.19547033309937
0.09556896630301637,0.14126844344842304,0.22904116205846403,0.06912173105695008,-0.07474696756593957,0.8479573005058789,0.582465058586104,-0.107824054792653,5.287542180726974,80.52547073364258
0.060529180799677285,0.4203724880816466,-0.44495192694768626,1.1341715432372625,-0.6634767228340674,1.141636231856812,0.2551425422053857,-0.9273066069281777,11.58029014735393,81.84147143363953
-5.12,5.12,5.12,5.12,-5.12,-5.12,5.12,-5.12,211.88345098062877,83.39947128295898
-1.2546540720105934,0.7517591603915239,-0.6487346259884559,1.1129248797562719,0.0885262991386444,0.9105779156561074,-0.9278817996835365,-0.5361389065131643,12.017599483691976,84.64947128295898
5.12,-2.4385163126163394,5.12,5.12,4.285539222126208,-3.282774674109344,1.946044301687115,5.12,149.2267783225308,86.10347247123718
-0.4257829403264939,0.7265270953248262,0.24441565066824822,0.7968701726560248,-0.9242219335910287,0.5809180898909574,-0.6582644571854814,0.3489996869150547,12.977909809254864,87.60647058486938
-0.24101078502227136,0.43843725955997304,-1.6556739026100051,2.0881686992267428,0.6928631393221192,-0.8879240771587318,-0.4905991068684017,-0.44590538227498744,19.168065108142915,89.04153203964233
5.12,-5.12,-3.329182818960212,5.12,-5.12,5.12,-5.12,-5.12,197.95872579717454,90.58047676086426
