4.070097304123531,0.7858058588784145,0.13405338590246263,-4.1521319751877215,1.4175808826654226,-3.4307160665130354,-1.2150055738880696,-2.828765735400991,64.41111425397662,0.44802045822143555
-4.155995679909768,-1.8997499165899194,-0.3092368183576255,3.1419658465627647,-0.6306176520802369,0.266590581924814,-0.2649323630110274,-5.12,64.12356041443807,0.9679932594299316
-0.7726885655797648,-3.2896739233991643,-0.6650223567592626,-0.7642081838331736,0.1337150334773023,1.5719528975870132,-2.1041446741935443,-0.7095166127695451,28.079803736700534,1.44301176071167
-0.25025748266400427,-0.14170108610621046,-2.370514993084321,-1.018921869381387,-0.4266019651101196,0.680617327748525,1.0961261346316613,-2.691676706803027,23.7515468465935,1.8949944972991943
-0.5137468563819043,-5.12,-0.824084022939851,-0.4813219691750117,-0.8330026662366441,1.0921799386696494,1.01558799979198,-1.383059814709242,39.44339186827928,2.364424228668213
-0.6917807141016965,1.050640003872485,-1.7180155495137917,3.0161984684868903,-0.09828311474523499,-4.544877353148468,-1.3580514709558513,-1.3885672732074625,46.219994931028246,2.859424352645874
-0.7848564243556906,4.381636831497903,-1.9490599713794774,-5.000643253253867,2.836812469528838,1.070945546887227,0.7645052833517783,-5.12,88.94173333775987,3.293423891067505
-0.8060757331434116,2.8883838131730704,-1.8925528913284317,-4.065529108515511,-0.03017314632570489,0.4925930292118412,-3.236260081496896,-3.145380019271232,54.22659046445215,3.8114230632781982
-0.3585035374877057,-1.7225645011477746,-1.7591306534406534,-4.460369893603014,-0.3651957600880369,0.9315079615971005,4.680913377870927,-1.7034637486890545,62.07474896510245,4.257423639297485
-0.6716719735688814,-2.128908563217453,-1.8816168639245365,-1.7096421893648177,-0.2446035810692564,0.19776058978314737,-0.3408176379230108,3.6105603781798843,32.948122678356754,4.8020219802856445
-0.20941411360829498,0.6397324000404039,-1.6074443126007396,-2.101297413444744,-0.6118752180901446,5.12,0.7650866896486157,0.5937217411551368,44.11290827892571,5.318021297454834
-1.310030190639881,-5.12,-3.6782199303376837,-4.031018357613263,-0.41600119480895703,1.0881692057343866,-0.9890372957979929,-5.12,91.6397847896664,5.77502179145813
0.09997122700220196,0.3630320692994875,-2.777732084449238,-0.8922638121475854,-0.8572324784692311,1.3099072718220874,0.2772978016020211,-2.6815749308292047,25.59329074697432,6.297028064727783
-1.2538766307613929,3.8641227852323494,4.964151077033779,-0.772876180579086,-0.16103176786997953,1.0170825269370996,0.25319479516412446,2.118024727029365,51.36159360181323,6.921074628829956
-1.3004752194591878,-2.997960302054581,-3.0763750253629034,-4.902365469430197,-0.12056086843243641,1.9694987744240917,-0.9683292068666489,0.2247953771804898,51.81893583621863,7.77822208404541
-4.217611709193166,-3.7536387577462023,3.1871628235088627,-1.360403052694171,-0.38549865956754914,-1.3371636054481404,0.17783379304430902,-2.888413355498731,62.2983998951674,8.385244846343994
0.7313823841125959,1.3753520428546029,-0.8152561371665374,0.9442324881280468,-0.6729553911679487,-0.9810497373077007,-0.24107707515028398,-4.147716317909486,28.964358755078567,9.096222162246704
1.4715355298334671,0.6522819349511693,-1.974908549552422,-2.294852974725764,-0.8139284794022297,-1.1732385855694365,0.728625141589009,-4.3698061367248755,42.23602561735081,10.30622148513794
-0.09026916622991088,0.27666425987216137,-1.563304160621537,0.18952467109533266,-0.2923794707296068,-3.7984524539080713,-5.12,-2.468244856397246,57.47383843942636,11.267912149429321
-0.4759481338203191,0.47110549125082724,-1.721993892519102,-0.0897184422475048,-0.23495856685396355,0.2731870801996772,0.4719205675099918,-0.6648419604442575,15.063473223816839,11.870853662490845
-0.7631239748818199,5.12,-3.07623826436181,0.6053322778587642,-0.9965968285215698,-0.5313469042621985,2.4950985216708226,-1.9182629787914118,55.00672617154005,12.801912307739258
-0.22709122440051832,1.6054627535223265,-4.906642773213296,2.3798387420794187,2.0960610150623857,-0.47240722238328026,-0.20904242725469047,-0.9409951355460837,45.429151221957035,13.551906824111938
0.3074960612311157,4.8197826138424,-1.8274998594943388,5.029493856860433,-1.2115639928275233,-0.8330105123908496,0.07865241572610415,-0.6590155156232349,59.9640880976871,14.385854959487915
-0.3504469235740606,-1.002696353285395,-2.2793663368256625,-0.1819893697323769,-0.2513448875355726,-0.06110077386818524,0.3261012145774922,-0.36471467375574473,14.223693724195549,14.914637088775635
-0.43100399738424855,2.65953452653637,-2.8048305631525294,-0.40917493968615304,0.45266862256366647,0.31799930491640005,-0.28017278996123274,-0.4810282568444739,28.410723016962702,15.84263014793396
-0.10752202193232918,-0.5961371615549549,0.18486294610291587,-0.2527543425251375,-0.049970772624210014,0.1288072414660073,0.24415211562444838,-0.7669818939961113,7.009688766784378,16.84165620803833
0.27070823984082537,-0.6716266894358114,1.5942498014958062,-0.40886326310025733,0.31543144597721984,-0.07603281895570735,0.46023158668433517,-0.9829482186398746,14.275435093615823,17.783957719802856
5.12,-5.12,5.12,-5.12,5.12,5.12,5.12,5.12,211.88345098062877,18.479557275772095
-5.12,5.12,5.12,-5.12,-5.12,-5.12,5.12,-5.12,211.88345098062877,19.177497625350952
-0.06925665552902238,-1.1972816745055224,-0.44104226212521613,5.12,-5.12,0.3236724982229715,-0.30113691918881624,-1.2105946602654005,62.48207089046777,19.90450406074524
-5.12,-5.12,5.12,5.12,5.12,-5.12,5.12,-5.12,211.88345098062877,20.4574978351593
-0.45947706875941385,-4.400552831321346,-5.12,-5.12,5.033838794358094,-5.12,2.955425537598532,5.12,163.43207907021431,21.003499031066895
3.9204584591286045,-2.9547062077809145,-0.8681899785975364,-0.3576853688271173,-0.17598898233471605,1.3554429662512977,0.34843377471959425,-2.848533765756697,41.36434214786121,21.585497856140137
3.0570584170652255,-3.3417172314249237,2.7660813078464663,1.8769449438032009,-1.571508754775532,1.1525529514471522,0.6810340853458356,-1.9788788817733343,46.411216135073424,22.142496824264526
4.3107971823131015,-5.12,-3.9447643513005124,5.12,-1.9127196021932416,-1.4813003213012763,1.3294534009573908,0.938432283387499,100.74062934241775,22.690496683120728
-2.562331680436674,2.7344725209570884,0.5318742969481116,4.7617203449412235,-0.2557330465556662,-2.360685823451434,0.5770927690470868,-3.7034532695273246,68.46474529541159,23.488513469696045
-5.12,5.12,-5.12,-5.12,5.12,5.12,-5.12,5.12,211.88345098062877,23.89644694328308
0.9651708183394989,-4.51380654016004,-5.076197344915606,3.777658312603431,-0.7464814028970572,1.3237523434605318,3.5106839006260087,-2.8341074719008152,91.93336110198909,24.287453413009644
5.077757121264834,-0.7553445992137169,-0.21259294483732027,-4.159042275016162,-3.904080442538461,4.690517574266958,-1.6848045197953847,4.430025640871649,110.55757547591153,25.135446786880493
0.5667075534183406,5.12,0.19030530331739914,-1.6325073014764202,-5.12,-0.554766220634594,-0.4606181080012428,-0.3922892071456969,66.57774165485493,25.62044620513916
0.2312901841401125,-1.3046835918760151,-0.5500142303195332,1.1032736978040951,0.34481972022507534,-4.532207022355074,0.7610923738392792,-0.6986608311814999,35.16457513219022,26.125446319580078
-0.2261561541155963,-2.6413361614511466,-2.5255275424197925,-2.678254431484301,-2.2232495114400246,-1.6111690892314545,-2.2265941843078116,-0.4455677669031548,44.57268701037514,26.56944751739502
-0.8943242006426555,1.1851894318948846,5.068354307556997,1.8022162967091093,4.702022881853112,-1.6173790648777726,-1.9569158988977717,-3.017765723978285,73.46672811536385,26.968446969985962
1.0611046779757682,3.679213679399397,1.5320513656593997,-2.5661010851399255,-1.6696519046929024,0.8874554477339727,1.0107220819503242,-3.6509716706092146,50.22745017267569,27.647445678710938
5.083634395048569,-4.44622990384476,-0.7065656433180996,-4.6580266148007174,-5.12,-2.542058500638065,2.839810852238343,5.12,142.63083622899387,28.31151032447815
1.5487596547867586,-1.326884805710801,-2.9528075114497163,-5.12,3.657759667781499,0.13914957641247128,1.667345785687818,5.12,88.89183834607005,29.134445905685425
-5.12,5.12,-5.12,-5.12,5.12,-5.12,-5.12,-5.12,211.88345098062877,30.00544571876526
-2.90915752309648,-5.12,1.8320188689401053,0.28205736048175023,3.7161402783251622,-1.4436922828544985,0.24590831903893484,-0.3918366349376434,62.25950711160057,30.793452262878418
1.26167033520378,-0.4427716955083172,-3.1610132794366645,0.25286477146135233,-4.131226014472104,0.09675277164688634,3.921249908503989,-3.849040076715145,64.64566007078253,31.248452186584473
1.937099401760439,3.9850132249879726,2.7046832810768056,4.731685509838129,1.3338917122091773,2.4474072673248966,3.910085044693292,-1.6309890070271154,82.81636310150792,31.85997748374939
-0.7248794172410795,0.6874893895127965,-2.6128167334046184,3.4843188188136933,-0.544820518928467,-4.548406927322285,-1.2533093174185739,-1.4566992623696415,57.83588135160138,32.66703224182129
-5.12,-5.12,-5.12,-0.2608713310263422,4.671886510153819,-5.12,3.4068760946882373,-4.789266343617442,167.50919250678362,33.896042823791504
-1.3705208242846312,5.12,3.35756974550696,2.25114749029081,-5.12,5.12,5.035048220910308,5.12,153.85657577246732,34.795032262802124
3.8816998098426767,3.767599939090249,2.859435852318324,-5.12,3.0838359065286154,1.4434409550409404,-5.02341232046318,-2.5488490100834045,112.80493249556986,35.954030990600586
-5.12,4.5286388846819525,1.4593069361889661,1.7120513296583981,0.7608511244618628,2.8314954003033472,1.158048434210139,-5.12,95.56076444063656,36.9689781665802
0.9070160582774589,-0.6394789162568522,-4.883237857739596,-1.4950023084985515,-3.3487696854733766,2.617744321896615,-4.449017490815092,-4.9778969622902345,99.29415638004383,37.82104134559631
-1.1011877754862311,-4.675408033683757,1.3263762815721956,1.6006740201538685,5.12,1.016697415067517,3.5583672628957723,-0.2968500739317008,75.80712149758848,38.535980224609375
-5.104177029601815,2.7118122657255377,3.471321921116533,0.7085971288437829,-2.029520650588998,1.5473499129665615,-4.106334277150275,-4.615048191044674,99.25613467804993,39.09003806114197
0.9484635938920052,-3.055017642888301,-3.544266170310596,0.16300542499672943,-4.6140124331866765,-3.4261747579408413,-0.9113051821173936,3.886974899376905,78.38243447958155,39.658042669296265
-3.842858845974515,-0.30743177222739426,2.8024418307314134,3.10297619649224,-1.2852394856443476,1.6629082807627231,-0.8923346472892835,-4.106126098065086,60.27291070567648,40.2300386428833
1.929687684489613,4.5461011187866545,-3.6239533943258335,3.5644566135175397,-3.306254163951853,-3.0671353087163977,2.3891915616119848,-2.2791256066898673,91.53864698060113,40.82703900337219
2.6817706535706574,-4.702690387313489,-5.0937426364456755,0.8092518577575012,3.151029597604592,4.767541432735849,-5.070039094276005,-3.9056854141226243,134.6129969413687,41.426976919174194
4.682778571210023,-4.7685514417721375,-0.1836760585708257,3.47599373288073,-4.228218066683379,4.627375536127725,-4.1115765331967005,1.6011503360843165,125.02106833349588,42.28403687477112
-0.15503729329824711,-0.404060431286819,-0.26961615736906097,-1.1374513226139373,-1.0570395457059227,4.077414950223351,0.3125924759851362,-0.7347866717922837,26.327363007342147,43.21203064918518
-0.22450985490960207,-2.8749520277542318,0.6827969091679051,3.972776174906442,-0.1272173462327233,0.49625596175611353,1.7579733464966356,2.6703930421045765,42.33892493044595,43.861037731170654
2.466956522372228,-0.6027373521801023,1.6987964678911123,1.128459356258678,-2.262164743153938,1.2581235380185216,2.4062948606400383,-1.766113171289498,36.47804860355467,44.47797966003418
0.4528876805598374,-4.974449128552737,-2.2268274386605875,1.1243406204393231,2.5461488397378496,-0.7254948287992917,-0.6322416852803112,1.3430395025083692,49.83778920619445,45.086031436920166
-0.3516257286950637,-0.8620083849430795,4.365738203529147,0.13791305168676793,3.221727310514651,-0.6662604877750429,0.6672225123295705,4.22710856674968,57.72782108363892,45.7310311794281
3.2178893431209508,-1.615558945402916,0.2266194429751991,-0.8635308004118807,-1.073582662265653,-1.9097485566875712,-5.036116438693596,2.0872611126058693,52.46110779723398,46.375978231430054
-1.924803724653577,3.328154249986782,-4.116219963770615,3.9335200589984387,1.3110769030971845,-2.531697059955263,2.702046456895687,-0.9136824261169769,70.17858618254691,47.04340958595276
1.9185221296858552,0.48439419384514704,-0.2839951493754267,-0.8437049280976519,-1.3526253486090996,4.542738437687247,-1.2977520456246108,4.904270708593331,61.72626733666527,47.76247024536133
-0.28959579624515097,1.7590687166878967,3.4419697906869713,-1.011521587407353,1.4634609647230992,-3.4251452806582026,1.6017892875487885,-4.640813155169201,65.45191346229988,48.4884614944458
4.261899042194501,2.4959060006134806,-0.01254459001324637,-4.630435146697622,-4.811608334786013,1.7312517913759304,-3.2131077678008726,-0.6510093697210495,91.58405603965673,49.233407497406006
-5.015693965754647,4.001907347322043,2.6915396320158074,-3.9099690670463563,-0.17640265978418412,3.927843651836672,-3.509594868533738,-3.809842691164658,110.80162423970029,49.95156168937683
-4.47831818874453,1.3298948127868035,2.1586252484222106,0.27254112334784697,-0.22051033951106636,1.5972649858948555,4.816384893861444,1.0768448284866885,61.92886488029804,50.70856285095215
-2.6597425334023836,4.480979787765423,-2.603250842406213,5.101366171637909,-1.586676445771249,0.3817302117277981,-1.2333477908423927,3.0445797130110757,83.45732984323277,51.50456380844116
-3.7338145805285565,-3.7814736151097494,0.03753343341505033,-2.9509060869285992,-0.7852197609363216,1.2751966151356422,-3.935229662170362,-4.339512396805053,79.04327243733113,52.28528833389282
0.3855289909616815,2.750325517145937,-1.7409368834714831,0.3231818470672021,-3.643637714153381,-1.852414521392098,-3.9607238277122265,0.09851985791864237,50.73926680753075,53.615288972854614
-3.616434284956444,-0.7773459554962665,2.8773949249066666,-3.3030648683300363,-0.9963874067276954,0.123871573997266,-2.182372095121365,0.45316050148591813,45.86440272502069,54.37028908729553
4.857086411823354,4.703833296124844,-0.42512848270926806,-2.0899481937087905,-2.8594528648124853,-0.667166908513698,-0.07170021454674469,1.6969746188684782,68.77139681504852,55.2083101272583
-2.194748946941076,2.820473698647426,3.1656185916349626,1.4984554925926599,-1.1661442619199365,1.8006691675310798,3.186934710511429,4.509376636829617,67.65385547785536,55.97928762435913
