-3.452050639621981,-1.5765024851076377,-0.6452471607691752,0.6750812159884036,-3.1324552665334258,0.4315313101833418,-4.659610402353865,-3.340051540938199,70.35700956127306,0.33014559745788574
-1.1586666862439903,3.4861328743900843,-3.7097935354953524,-1.858281592565246,3.333094160774487,-3.4735641600459517,-0.25148905402101196,2.124534287724093,67.32278852760594,0.658268928527832
-4.555985025391238,2.199432727772921,3.5047932215246673,-0.17052637670999804,-4.206154059396183,-1.7428291292716311,4.970309287191026,-4.457562538258836,112.11226890365867,0.9395198822021484
1.44216375788017,5.000799585500071,-1.7580820788266078,-1.9050262667774276,1.4338347007683714,-3.8406025548990543,5.12,-0.19350770089231073,83.22182979905826,1.1738941669464111
-0.6189575173405402,-4.245330725744405,3.637326105286399,-2.448982338830653,1.5475314278312196,4.2183775346275985,-2.1606763936783495,1.5085493259052338,76.29551973196045,1.564007043838501
-5.12,-2.624527120101308,-1.7862936551097222,-2.247901958586224,-0.6338012655822949,2.8465888948143183,1.1284938038584684,0.9000236535789883,58.27186069029302,1.8452568054199219
3.672787721245526,-4.6204465040787195,-4.936494735033625,-2.2838744502834127,2.959084288321505,-5.0812016087114475,-3.9955232863546586,0.9859897522476464,120.58178565316065,2.157757043838501
-1.6423401779476374,-4.758771846565501,3.478540922377049,-2.4116215458321655,-0.996281008958495,-4.609898466650244,4.4586361544076185,-0.008439356053963287,95.53322437234004,2.48588228225708
-2.438591416452169,2.7667011288374947,-1.0236429263753175,3.3538153172253393,0.5172053305552948,-5.12,-2.1237715295058535,0.846419458559045,65.02899128232717,2.804399251937866
3.691562343525038,4.666413511551755,-1.6402840423062996,-5.12,-2.5786710052002393,-5.12,-4.124804452548574,0.6790442683961064,123.28903261599794,3.132524251937866
3.5876818643376636,0.09339666687614301,-1.1081297879157992,-2.221060878650627,0.12380902817242134,-3.5655907378958243,-2.01825289483223,1.0923284257524664,42.47116758101519,3.413825750350952
5.12,-3.716188611139593,-1.8939863525788816,-1.9314236231339228,-0.7709767586645171,-3.493928976408787,-0.6980993013863985,0.9888608471463911,67.58687180490458,3.7732009887695312
1.8895151140252553,-1.6445745678316377,-0.9963932106937516,-4.799447201071944,-0.1423747823856285,-5.12,-2.326708112906254,0.4705570753359005,68.80468402674488,4.086077451705933
-1.121507364907942,-3.515870216405042,-1.6165986572447086,-0.9982781500319238,-0.08840843593446124,-5.12,2.9703808135731675,0.6108376265026756,58.86944504916183,4.4767022132873535
-0.7099405567895651,-3.3095657624989263,-2.8074493751970446,-2.823783395582908,-0.04733523424707453,-5.12,-3.0473367137985465,0.8525336568224073,68.11502648196564,4.820452690124512
4.771829407823774,3.3770657546050424,-0.945447372613442,-2.5992786749378167,-0.23720025896433405,-5.12,-0.2240496891202408,0.7411419727850204,76.2285364300226,5.142308712005615
4.281129552733758,-0.4996791825924749,-3.6486029119453964,-2.274747180185277,-0.19340247277821465,-2.0252729127586653,-2.743805072913003,-2.399986951000015,63.94844086139708,5.657933712005615
0.8784306704392346,-0.10378983247656048,-1.8038366103256522,0.15082040158988885,-0.21817198056654696,-5.12,-5.12,-0.43510670724404044,61.553700960935416,6.0485594272613525
1.9368188679769256,4.915749364937898,-2.11233790576323,-2.2906316182269206,-0.10111855975412354,-3.609084335308599,4.363013165823014,5.12,101.50915417249273,6.402157783508301
3.974878996580064,-0.9211117821025532,-2.8142558481732816,-2.2629796636196526,-0.12447943867786204,-0.7617832871983863,-1.0165408938925262,0.4177917606659598,36.40587761907279,6.730283260345459
5.12,-1.3683485235972994,-3.133240136629713,-2.276355425838296,-0.47663817089134763,-3.446372154977856,-3.7453023089683537,1.4205097868179966,81.5191898611752,7.074084281921387
1.6823834789302623,-2.74955942378205,-1.5357790463511067,-2.2179246419418877,0.08760731900500662,1.5397425464542565,-1.9249811904030456,0.5607859171286655,33.41011788276195,7.409621238708496
-1.121474917804406,-1.4757465897749724,-2.508135406951349,-2.3289551972530753,0.2521084322919389,-3.5025489756102264,2.310031220290476,0.6803085406967178,44.82673400964532,7.753320932388306
5.12,1.9341095288488601,-1.2526728796921494,-2.227955485779919,-0.46965387970958616,-0.38340079746445266,2.4419432434172412,0.4465826557433443,52.85619795717622,8.112695693969727
0.5908528789594358,3.729676004049142,-3.0335567116274365,-1.9625450247660998,-0.20738092652376228,-3.7429153356009044,3.2262835284966327,0.38638905590935213,59.330064798962646,8.504969358444214
0.014752163305406185,-4.776209725988434,-2.5573048490197947,-2.3408517796391277,-0.28577360841606847,-0.24428403186078373,-3.7719124395429287,0.15757862649267018,57.042980245431295,8.91122031211853
1.345055554208038,-4.874879716218352,5.12,-2.249298553711006,-0.07177084275405132,-3.0107817496088414,-2.4178607644578283,0.7758193161986853,78.29819419140559,9.301896333694458
3.2579398196402645,0.27804961670013917,-3.222467433672586,-2.182434900046928,0.14411905199993313,4.554965107684819,-0.42334422114711767,0.7482914744091058,56.20827245370216,9.678707122802734
-1.3730157263373228,-2.6292983336177667,-0.9285811049573223,-2.1468980290777275,0.6456219017869049,4.259665684381196,-3.088929007460557,0.8286217903997093,50.289493401891626,10.053707361221313
5.12,-4.8736307135131085,-1.9753735318164365,-2.274130704969985,0.22002577273415191,-0.036296660570194206,1.4716445020922944,0.6610380070652129,67.779054206757,10.42870545387268
0.880498071719054,4.47852976883127,-0.09368884006323608,-2.088179169430656,-0.20349762647903358,3.0347033330635353,-3.5435437222138706,1.0839851992087484,53.59652959004312,10.823111772537231
1.576879265913485,-2.781878243461058,-2.5771456887452424,-2.3291235149709766,-0.6883980113310022,2.1801784794989674,-4.446892416304502,0.4964621258123154,59.485932077346924,11.24498438835144
0.282022476228744,-0.5056146921791829,-1.4746526674501683,-2.2930353969536275,0.0860400684827507,-4.899804005530297,-3.4941084759624874,1.1004461736337632,54.18299903188008,11.651236057281494
2.899365667298288,0.636554269357414,-1.6364752112124257,-2.4452083617708826,0.4221903462497574,0.5047075298941683,-1.3757401834036243,0.3244305001702683,32.386052738164786,12.034476518630981
4.9405626557910365,-4.609754575343871,-2.866966147441717,-2.4236293124066526,0.0812375628833335,-2.8587157980709565,-0.5732799037249556,0.1586390073053563,75.19121467340798,12.565727949142456
2.777054516669164,-4.141798581310399,-0.7619608108724876,-1.7655064180015336,-0.3334793637189133,-1.1856731042037825,-1.797696498562308,-0.017047202038545706,39.160995139103505,12.971977710723877
2.549148004994408,1.3244960270213415,-1.4831213742933738,-2.761887376629941,-0.14413261863835203,-1.0356769456264079,5.12,1.0158539020457056,53.427305183138024,13.407518863677979
2.8908665508339295,2.772704195506768,-0.5904705011580536,-2.263707918466664,-0.24195685953861368,-0.7384092509757245,4.156620436735012,-0.24914129939353113,46.93722117097102,13.891843795776367
1.7908685033311906,-3.845497586460737,-0.5549871767156649,-1.0829565576019524,0.32843469575476014,5.12,-2.2656488030941615,0.49025725171130574,59.2671528843943,14.34496808052063
3.146377121959163,-0.18412447666817933,-2.1962909539876656,-1.5561552984107978,-0.17916565074224966,2.0191472440572076,-2.564731032484825,-0.19087172459159873,34.63341076710995,14.942863464355469
0.7513111004379356,-0.08359451966403508,-0.8687823662282632,-0.3979575120167098,-0.25257677808677936,-0.148519152012347,-0.15903957126521995,-0.7225156661474124,8.418623116063015,15.520990371704102
-0.9048808722526056,5.12,-2.294902372610151,-0.09636408037421784,-0.34506132951374546,-0.5873536169468032,-0.17343732605058726,-1.845218712409427,42.49816360909146,16.022977113723755
0.8883629165683633,4.488136686102764,-0.4149711332268673,-0.6644383849632627,-0.3433297188732878,5.010248612814219,2.198468244075186,-1.5544842813216588,63.80168480375305,16.601052045822144
1.1004468257430036,-1.037467547754729,-1.3257606108481315,0.2357527864621387,0.059695736990120096,-0.22871742832717867,0.18963223211408042,0.2995140930994875,9.74318818824402,17.410248517990112
1.377322621686309,-0.19484004227904883,-1.0672818426924682,0.9133696099236035,0.42324991943827417,-0.6380652999780398,-0.6784595595957175,-1.3167188876747637,15.673113732786387,18.066491842269897
0.9591220626061121,-1.5812314407238905,-0.7514077670519743,-0.0036113218340441122,0.02305400141397751,0.7954465273990321,1.2968025680319126,-0.9624720314832977,12.16922814965196,18.930336236953735
1.2351592109232277,-0.7008518609807606,-2.0262108168063238,-0.14902591754089123,-0.6625843925035735,-0.2526141576065539,0.7970222330422327,-0.8638911065172046,14.251780878252813,19.414710760116577
2.228190596191167,-2.981795163319433,0.16367347539250865,-0.7444402504146783,-0.22273142111151767,-4.43958400677027,2.080307782063036,-0.8464563924589168,44.942572154982024,20.39395785331726
1.0361028408627782,-0.5753997675798379,0.0878176565453126,-0.3232340070590478,-0.2634162252637964,-0.27342932258240094,-0.036119526347112796,0.11246994414611677,7.6788437775683605,21.143954515457153
0.0906603449781862,-1.174373159081167,-0.3685541641284651,-0.527633942635152,0.2020954808274995,-0.4811332061494884,-0.24096767145640463,-0.2401148034382352,11.130642191222284,21.740740060806274
0.6877081088680326,-5.046417190496742,-0.17025592305399506,1.6946807920764035,-0.7528995283410831,-0.57338637153177,-5.12,-0.40591868571558987,64.37767153993249,22.756415843963623
1.7973870547583193,-0.30995633940759415,-0.5242715519515562,-0.4353823506254333,0.0732437027428885,-0.376716706280555,0.6233106827541004,-0.20317504429152322,14.593094689843841,23.393867254257202
0.7926610438529131,4.527470542310739,0.33484584869822953,0.28810851754080957,0.04658633846194782,-1.174689132237258,2.4908640247960454,-0.916473203670126,37.933222691845145,24.065690994262695
0.6155913727998259,-5.12,-0.7090656168929321,-0.5442213311211317,-0.510761291048194,-0.11434881950964115,0.9885433266837387,0.40494271038062823,38.11652449552612,24.609564065933228
1.5575415939264836,-4.170628718414933,-3.267711564143472,0.3794732593162111,0.11098485102473443,0.2703202684532027,-5.12,-1.1759965104238876,65.80299881900822,25.203275203704834
0.36471198955742956,-3.631647715685604,-1.082570105622998,-0.6682447721786167,0.44628898982152254,-0.8076060200524857,-3.350490492079285,0.861360684039779,37.25519450624571,25.778568983078003
1.5931993396753557,3.1055270965542574,-1.5258922886024595,-0.3663280855388926,0.3715864251492249,0.4001146913878584,-3.4182003207452736,-0.8655749909752446,38.78422318323028,26.35664176940918
0.4390092516002575,-4.528778761738336,-0.3037457951495597,0.3756163407439965,0.014653235873911541,0.8354858806853613,-0.2595386129051436,0.3501933518296507,31.917711428081937,27.017473459243774
1.6740862871192883,-2.2924097425219525,-0.9204525740537806,0.28090475863680364,-0.46879973593463564,-0.2346458174104784,3.2685562749682626,-0.19506873142801773,28.680424667737135,27.611215829849243
0.45672517686632474,3.96098714397984,-1.1040554333249188,0.2851941313310542,-0.016059632300465587,-1.104076411411718,4.697534810826764,-1.3599426411783164,48.924765238175205,28.291075229644775
0.9236119819949078,-4.591319577362185,-0.25007633309025845,-0.9461312463368667,0.1977338297682456,0.15410519458671423,0.5672713469643176,-0.13374173458060312,29.65908619642044,28.994200468063354
-3.9621774307669426,2.886638993519992,1.7819469077606973,0.8269149970227492,0.23557775242120904,-0.32054931562880107,-1.9720822466886951,-0.07784802990699724,36.02224887630458,29.863113164901733
-0.053870408421968996,-0.11465013802189361,-0.4078594554234156,0.27658621817600526,-0.5755995531716973,0.212527933505279,-0.3260504237122088,-0.17230189975162347,8.72671409731648,30.488061666488647
-0.8385082225424192,2.087258889981591,0.1224916147092161,-0.09385259996984985,-0.3766427987308667,1.025845467662939,3.899425581693026,-0.4539905161019222,26.637948662826886,31.23678684234619
0.42383571890921434,-0.8099870520781582,-1.5625925464657549,-0.0656053742628071,-0.06273591811608714,-0.45262040685077665,-5.008400158418621,-0.06568618342212318,35.2239979207619,31.877411603927612
0.6304776826460214,1.4971174652484187,-0.7371152718580918,1.4274452293427418,0.282536807987964,-1.0672747387558807,0.2189707861803436,-0.5133339715244034,17.504892902373246,32.930230379104614
-5.12,-0.13114614569845706,-0.9485813125908757,0.20743074196694344,0.2677089284720253,-0.30085597636934924,0.2949430812181131,-0.44566255817915224,34.647513843622086,33.59288716316223
-0.699133724309311,-0.7378188732459101,-0.6099175221216235,-0.16845292653101662,-0.13306702091985922,3.6327241880085497,-4.158793580843348,-0.3614455733808555,40.84916565192822,34.514763832092285
-0.21189807389281423,0.108734082812874,-0.7645520685853588,-0.38250319786462406,-0.26241746739784944,0.21497181624187345,0.07700885275410396,0.2918396439185571,7.863696871760199,35.58651947975159
-0.12828280163324024,-0.30682506745074445,-0.4750991320101017,-0.07670743110851586,-0.47695534683411367,-0.1596560198348218,0.22767102843893294,-0.36630642817567427,9.519520229430553,36.394705057144165
-1.7856905030176784,-1.8152242647431014,-0.8060724628948357,0.07447868378782374,-0.622580254354494,-1.570433739457946,-0.4178392181932864,-1.9613724382527358,21.676526835595595,37.1447069644928
0.6147183442603295,-0.5058042230936763,-1.4953071366735902,5.12,-0.3704834356671718,4.914975579223619,5.12,0.24511941858814446,88.74046329011763,38.04671382904053
-0.14965426479203092,-0.17071223880141417,-0.7774977663522833,-0.12443966256269956,0.013703021093513179,0.2578287745717889,-0.05799883008158169,-0.18348442733770565,4.5390184137514265,39.35918974876404
-0.32250824034640324,-0.05764431310355089,-0.7783591411299833,-0.18321792467314335,0.17345011193010684,0.2946562993456787,0.022286771110934467,-0.21895856738670805,6.46256683754032,40.6800479888916
-0.289479263770807,-0.07808358816119121,-0.6581386247729277,-0.0874541458320417,0.15746737368777985,0.3968878527188595,0.00968347445157658,-0.22018462087213564,6.881714396163775,41.89972424507141
-0.18053646476418805,-0.14897997287096487,-1.1262706563136686,-0.23037093996570412,-0.02329882990205423,0.048490902058098584,-0.18590493470859126,-0.09740622894295825,4.429483590237318,43.36692690849304
-0.23025800967732835,-0.10089142209470836,-1.2470047997525855,-0.2763999679670919,-0.017391688681492212,-0.03525065292153862,-0.22388680285284757,-0.06973715291582128,5.929535189289764,44.39425301551819
-0.24191460755276584,-0.22816160394061402,-1.2850878355413071,-0.17106546659009414,-0.008101612415814863,0.11829596683008248,-0.22363961641352326,-0.19263133942711796,7.195181885192791,45.25587773323059
-0.062349619267342504,0.16849777723110648,-0.799916771895063,-0.23109856543757257,-0.013332364858330337,0.10248030717061152,-0.35150887003892617,0.35206074306011104,6.539878869934068,46.95895075798035
-0.027523186614440753,-0.16161699089555182,-0.8899405087814056,0.030411362206032244,-0.025564601882855698,0.5506235523475631,-0.20693417731819608,-0.06960010799747707,4.696439229989177,48.38956952095032
0.01288538386690874,-0.1144342368031257,-0.8449113569855404,0.10316764650852761,-0.01652154219577806,0.6671087919953242,-0.23181325702612288,-0.02324773316330564,4.52900440541946,49.65855145454407
