-3.416073322136511,4.98166885538019,-2.0601561871235976,0.12031642953382793,0.6708116229023418,1.0426804888138212,4.246207800468583,0.8115651566815867,66.29709670588986,0.5166459083557129
-0.43296412850971233,2.104280159393954,-0.7805237675075087,1.8127734138926508,-1.4486444342970048,1.3392563870650953,-4.930430551882691,1.4875541398253311,48.0409908320657,1.2510228157043457
-0.4219723396487094,-0.9238803105927325,-3.2560548244478906,1.6061738711394575,-3.3168958299342224,-0.5371872592973945,-4.954287277075298,-4.969559559387523,83.00330070215645,1.9793174266815186
-0.4226865869884975,0.6166760682724828,-1.1210682270841192,2.4632128703388823,0.33688652536100605,1.3774293342876653,-4.9252430018948195,1.5227579304572592,47.68236714394243,2.6355693340301514
-0.40715454719516053,-1.9475769538560797,-3.479388612574101,3.66797119095508,3.018167543064968,2.2233323766138833,-4.936241459918891,1.5772249796140025,78.60201347835505,3.177840232849121
-0.41165542667376087,-2.0303953536681587,-1.4493921103570235,3.725254102417815,3.725851677409106,1.405104152377075,-3.37271559470435,1.4938202170431234,61.380708519263365,3.802839756011963
-0.4104344324932354,0.9764237076830353,-4.558760456162383,2.0147651333933867,2.2643874450969745,1.406511658006516,-4.938942842779014,1.3404900935269461,67.586656743619,4.533074140548706
-2.4390869486530473,1.9778956481242371,-1.0677817972997596,2.8660852252728946,0.23780364831660794,1.3415505526077744,-4.904626844010229,1.5115228153488998,54.41147688521788,5.158028841018677
-0.3129073346816611,0.3973228312266208,-1.1044974892575885,3.12876728532546,0.2996910486928206,1.3689787652613248,-4.919308072317932,1.5207438938587448,48.5471907969092,5.903082847595215
-0.3753131556163485,4.103783359428763,-1.0919409461813272,1.6574456105880238,0.3103955689033633,1.3701411382734054,-4.914420731678939,1.5202920208061066,58.17169422313128,6.699906349182129
0.5713768219405093,-0.01332611279208784,-0.6320966065122118,3.1927598450667576,-0.6361696128680743,1.2429890107563049,-4.839988968765916,1.466770258134492,47.728362333935614,7.61734938621521
-0.18073027188369117,1.0994505352782609,-0.7801601961025453,1.1742540393787237,1.6518072990914243,1.3206396566553869,-4.946648208033237,1.4954077773114935,41.5911292945385,8.445525646209717
-0.034643133361268674,1.3007100546929466,-0.5132672060454704,0.16909508318112998,3.2014153977492894,1.2649708309321115,-4.915863419986128,1.4719867046823936,47.92784336753551,9.396041631698608
0.032119295218096866,0.9630375083491503,-0.708171065165649,1.0505041785760572,1.6624236978275606,1.3063140326066707,-3.3248783575905207,1.497481808705455,27.980373949194487,10.146042346954346
0.09013008256135357,0.9506767920249386,-0.6751225861048331,0.971990836559721,1.655436145832339,1.3005524845431884,-3.248845804154064,1.4977804704716222,27.079997771695876,10.841774225234985
0.6401268019409221,0.6074569646515053,-0.22965723761557744,-0.5490305705222926,1.5873960326710153,1.1978807215604776,-2.5124436878163143,1.5037451339392147,26.432167429857788,11.56047248840332
0.5332315075316414,0.8029553481220342,-0.33897412913141167,-0.4437815346991254,1.5830979303930883,1.2382114251830583,-2.730720539033042,1.5008461520750709,27.023538053778577,12.106152296066284
0.5734484610817638,0.5978531794047539,-0.38642131045204664,0.5532109587062495,1.6427638273871983,1.2478793199918643,-2.677163362860575,1.4983826614652802,28.27515269413962,12.840527057647705
0.46927583076238566,1.1358729597496104,-0.1592258921859182,-2.669132943049853,1.4922017346964758,1.2338162429550472,-2.8518963146342147,1.5083747589561805,32.386879204682614,13.75240683555603
0.7336530363189899,0.9183842253229209,-0.20745117481366115,0.17155284491988354,1.3262687967934577,1.3017110765121016,-2.9761942412031877,1.4718270706971994,23.20124253679999,14.549280881881714
1.859458967469033,0.9481770298489218,0.425085931720945,0.10011754876114232,0.8307868679649824,1.4205491684846967,-3.22145302876344,1.387709350388124,27.034163052814435,15.266932964324951
0.10738014015373931,1.1100718956199227,-0.17769874199311442,0.08859065091815399,0.6923497106684602,2.5436743063747267,-2.7235443213527213,1.4456211293164518,25.3259724696571,16.360632181167603
1.5407995312625413,1.0905465005840416,-0.25540460639720575,0.15415917460183248,1.1371071005656583,4.302336466388765,-2.814555175368598,1.4788000464854472,41.424560777874476,17.13672113418579
-1.5544497350779927,0.5829902060944558,-0.6899742987176181,-0.1100649813588559,0.25976464996616677,1.6093540334313863,-2.6943102800175036,1.4353904035048206,26.724638255823276,18.042972564697266
-0.001631256074588805,1.2145225570296638,0.16345959800521914,0.19719688795701718,0.5863346922450168,1.4370850244646531,-2.754289872039924,1.4189141979218824,22.11039141679367,18.8332359790802
2.9315263422262285,1.80113521502894,0.3528578223419263,0.18829606641728347,0.6718665908882757,1.4342142509050175,-2.232089569694828,1.6472450654297779,31.078041034372674,19.7707302570343
-0.12068300010585187,1.2791772999087447,0.4481728442269617,0.21423844823947746,0.5529998518511388,1.2674573468917174,-2.750852848704537,1.3777952851575712,23.224885909348536,20.664072036743164
-0.18693164332969747,1.2222195884814013,0.5693347389032146,0.18897114669084392,0.5818008476016336,1.3928902062986097,-2.7957961035067767,1.5931729337974465,24.69720244121583,21.63287353515625
0.09744962250578304,1.251550151368411,-0.08954718132886086,0.18087324686238482,0.44812992367392646,1.376433591066423,-2.687912488473378,1.1525542728306188,19.656372250641585,22.691055059432983
0.25163827950184814,1.3218342170376767,-0.3240487219171966,0.14002262534930843,0.23027017058793486,1.3509806861644753,-2.561098131325165,0.8944351073605405,20.03875682588314,23.545660257339478
0.25059250827501955,1.3263873067522187,-0.33087204191582753,0.13294703781954276,0.22880983458005844,1.352663391712551,-2.5707306320278223,0.8859174539687968,20.123331480244314,24.405033349990845
0.3686821815812378,1.3331250478957761,-0.48622202860855257,0.0951913494240042,0.09638402108766275,1.3005335161368121,-2.5194280055617053,0.9632489593126499,19.99101346524411,25.22515034675598
1.5925850003523907,0.8095495012584788,-5.12,-5.12,-5.12,5.12,-0.011039729470717852,-0.05692859591284449,111.6725060524955,26.115826845169067
-5.12,5.12,-5.12,5.12,5.12,5.12,5.12,5.12,211.88345098062877,27.036481142044067
5.12,-5.12,5.12,5.12,-5.12,5.12,5.12,-5.12,211.88345098062877,27.895856142044067
0.18130777521276364,1.436410486311992,-0.3203414335911452,0.26300294712548045,0.3910812893820399,1.2845318928601195,-2.5863536150938358,1.045111937652944,21.751006472211483,28.8997004032135
0.07189451469037422,1.0571487171959735,-0.08889001378798955,0.05047567287170729,0.10282781991368672,1.5748667398565512,-2.688450795479641,0.8903924699094405,15.708451638248732,29.7552330493927
-0.28070124463328927,0.6923902781581264,0.21881145490402787,-0.17123281183805705,-0.26754821357509595,1.934281182217644,-2.8002554732677845,0.5313805843988026,20.312548022872036,30.48960828781128
-0.6309363259903602,1.1654029612096508,0.2639806677419596,0.7195101831965438,0.9140449023730914,2.0205951584255937,-2.282373840080651,0.6067293526549715,20.426927962469822,31.356475353240967
-5.12,5.12,-1.2653970391719729,-5.12,-5.12,5.12,-5.12,-5.12,188.09584089195687,32.372098445892334
-5.12,-5.12,-5.12,-5.12,5.12,5.12,5.12,-5.12,211.88345098062877,33.364933252334595
2.382163015362509,1.2146618829408178,1.4261593404733608,3.4742361443546743,-1.5140439214066532,1.7208096960893817,-2.7345408873360095,0.8617713790779495,45.75694522812638,34.380558252334595
-0.016905407967597874,-0.7213108694902441,0.41183244428043775,0.4820540160563427,-0.9388549301527283,1.6689734758818329,-2.4283492301829983,0.5716261333072108,21.20320943475916,35.68169283866882
0.27175704068485373,2.01643667381616,0.8327438039495698,-0.29776250355680567,-0.5242997910318419,1.6952260356645867,-1.7682798893358571,0.246860321762858,19.39030161487853,36.96803283691406
0.19725293422462542,1.0819993380141355,-0.0706963747501348,0.14616716390288875,-0.45633333114961694,1.7658281850474582,-1.7209359516471192,-0.04859871371610058,12.91191365129921,37.82579946517944
0.08801810343683858,-0.35119672450089023,-0.4053009795268885,0.9469860779292025,-0.19807527522509272,1.7829227999123427,-1.4874592700411973,-1.1943253037184838,15.80344818947821,38.74767279624939
0.12176954970531906,1.0323100638021492,-0.8337339610827561,-1.424340117731023,-0.5608968416476143,1.8663935873741933,-1.347245482237005,5.021782962774625,41.164795731265656,39.53015685081482
0.26351678814631185,0.8765750187419217,-0.08768338014776322,0.2650865256673205,-0.4705243706655029,1.8225070514038793,-1.683766621972517,-1.252747252271381,16.440952726905305,40.38953399658203
0.1339165290864175,0.21259892192522933,-0.33843903564382316,0.03818828044521538,-0.1881081269159326,1.7898976235977377,-1.4708100153299033,-0.020301070834499058,11.603003625303975,41.251861572265625
0.21536599301740011,0.02278630066944043,-0.4690595749828299,-0.4336592487759985,-0.23162171062326564,1.846035265139423,-1.246036807839892,0.09003734754620929,12.615290320528365,42.04873085021973
0.018608662227471484,0.410218027347681,-0.43460700487734627,0.6752424153815308,-0.23123140825634447,1.9044981265166516,-1.1640209884713921,0.18801803531219186,13.268672013469939,42.96948862075806
0.3189992191990889,-0.36399738708856333,-0.13416689776017865,-0.5602483925574564,-0.0906450635353222,1.7388601399756736,-1.5058944474549039,0.03283131849523446,14.455710030749248,43.81906318664551
0.004560109707359317,0.6306519013457104,-1.068819495898106,-0.32584490214349593,-0.48469851317172896,1.8796447933789455,-1.1067288570061669,-0.12337136269388438,12.657265626598544,44.60929822921753
0.1937277305232623,0.7095731720752463,-0.9373409877843919,-0.08208129476225245,-0.3739097244175742,2.216861972153083,-1.210412101160348,-0.12567729255463522,13.618419960300686,45.46086835861206
-0.1731508635878436,0.4688077386523446,-0.7833933781049716,0.021680865377422087,-0.41939740907582035,1.5142712572469534,-1.0841043889070008,-0.0557049303059296,11.89625667076391,46.26860690116882
-0.26462194974935116,0.502878249472503,-0.6685053476637126,-0.07355846982074254,-0.3914194658885899,1.5706192535516132,-1.0669797799618888,-0.10098844048545086,13.191616456917002,47.28423261642456
0.3108623812555473,0.27053642490259655,-1.0008030784823516,0.08276317115431109,-0.48830271738353925,1.495337088124951,-1.137903585611613,0.06690535098852557,12.022509598883406,48.34978771209717
0.24226022246658552,0.32937416856331225,-0.980735420006166,0.4274558516119926,-0.47860938329526004,1.5386825261930817,-1.1740457401243862,0.11838919716357843,14.402069471309424,49.59051585197449
0.11101028779949029,0.37969093306155255,-0.825499113615006,-1.1596289646743791,-0.4372357815937846,1.5930618058108337,-1.1207646127936175,-0.2595978446599938,14.293516322560988,50.708298206329346
5.12,5.12,5.12,5.12,5.12,0.150050221650738,-3.4413446628308213,5.12,173.12327991943766,51.79528594017029
0.2510775176130746,0.7878409401187385,-0.5525134241530321,-0.028449847435400244,-0.2911878430682089,1.6501766091671888,-0.7330871849993805,-0.1786762115217968,12.61583864033856,52.8139123916626
0.05093715928693854,0.46155568571460304,-0.5042240787476233,0.005491819568494094,-0.5304879558162359,1.8555537076666493,-0.7029954423635374,-0.02405728953134112,12.379690842080112,53.70190739631653
0.4969759899737447,0.5760103517069233,-0.5392281009131077,-0.16899541425569886,-0.4732000533210723,1.6840808935634444,-0.8291620783654823,-0.010751934647636574,14.929645101556243,54.63160419464111
-0.3583338299789851,0.432176174664888,-0.64022221734559,0.21092497590248893,-0.23247750441371728,1.802250035613838,-0.976197995480736,-0.2080009279151218,13.319129395679868,55.4837543964386
-0.40513430482856094,0.173916744498813,-0.8386487606792423,0.2579852679270038,-0.5496127667743824,2.0369908566589547,-0.9088722512373231,-0.03500746544519284,12.294249458200373,56.400327920913696
-0.41741441295509585,1.0603210398505505,-1.0391833332617297,0.5104881416723934,-0.6240240307053888,1.9767986672174676,-0.6216983762705084,-0.17529225767210654,15.312011888843124,57.27772068977356
5.12,5.12,-5.12,-5.12,0.4637787020934345,-5.12,5.12,5.12,187.58732438482346,58.28413271903992
-0.17012321408145947,-0.19050141770684537,-0.6151500689825973,0.016071086106354215,-0.36288976788910254,1.660975609051727,-1.19220100744276,0.1141674380201243,11.750277126019643,59.28788757324219
0.8858790818292572,1.4319387706028852,1.0798221474834309,-0.024366508588405722,1.0029970326339637,1.1640555886681945,-1.6303357204258027,-1.7340695170442433,17.587878934065937,60.27196264266968
-0.17256915954392138,-0.22006341768258775,-0.6582116469841601,0.025064189013829008,-0.328614748180045,1.549580508673456,-1.1401155910858818,0.12068422982552551,11.301906648889984,61.301393032073975
2.462050351098555,4.518158723303828,4.419543639320021,-5.12,1.5147852041975218,1.864571522145309,-1.3656373910172817,-4.7286925727882565,113.46426173677861,62.234002351760864
-0.19643143807548658,-0.049558927006849274,-0.604803135978405,-0.04700761184964186,-0.04622636198779073,1.5433330112606116,-0.9458021394351723,-0.4573475756921601,10.475579064839684,63.265111207962036
-0.3447615567968976,-0.191136117303909,-0.6277936341479293,-0.08112384041086695,0.15016541866260358,1.428995644576279,-0.7788800807812706,-0.6300048230667654,12.464545505044772,64.40519833564758
-0.3362106907785787,-0.6867867161777426,-1.4657610661407783,-0.16115454008634877,-0.6542671679422618,1.6324829484595407,-0.5519116116308211,-0.3457921238888719,18.378486643055165,65.35767006874084
-0.2682974056825058,0.3570820257876903,0.05935274596703177,-0.04525485352755876,0.23857262127350243,1.3559032057133775,-1.1275947567235947,-0.5016225587365994,11.3204451308875,66.32279467582703
-0.2795927907143261,0.35475295593256906,0.062265698308297424,-0.0489752373953225,0.231178016618923,1.3588806242236418,-1.1250624694498925,-0.5042445092647885,11.356221924831805,67.43238520622253
-0.09679539854745034,0.44706179047048433,-0.1806724881832853,-0.13694958492252063,0.4295767152360943,1.5453888843319348,-1.1551890220480163,-0.5160310501101604,13.781751724730595,68.52149176597595
-0.38809495812773864,0.21142276654329262,0.2316357627854151,0.09762533782799121,-0.2014174336438721,1.1626155257310664,-1.0148551359980038,-0.4922952807269807,9.693779882525867,69.59410786628723
-0.6103022695184404,0.1850107566409136,0.574813865951719,0.20290359577355854,-0.2031173089202447,0.9367269778303831,-0.8994368204270362,-0.6398341860984162,10.506457294544962,70.74083757400513
-0.5663665786568073,0.1798482310016709,0.5412658921303262,0.42286679797553717,-0.009404288462866006,0.7711402492157733,-1.012407585740914,-0.6564886176099805,11.641346404592042,71.8738465309143
-0.6420172313201036,0.18257231403700036,0.5492229003934073,-0.14827648002817195,-0.40752546157381,1.2992495591628748,-0.8387395548257492,-0.5483457496155992,13.7655113108061,72.97194004058838
