-1.4797408798800196,4.693429664517185,1.7690732517552048,-2.2702050179514193,-0.26442445832548067,1.0502578114890966,3.622359859493881,-2.018663801603158,59.08335300380758,0.5322906970977783
1.799337987392252,0.7940517654904911,-1.4311704908590719,0.5931570475241008,-2.4764863705886064,0.9278230572431747,2.29667301932436,-0.4096550084371202,29.090150567935407,0.9698233604431152
2.0741634586855344,5.12,-1.1460951460077808,3.0678079884748124,-3.524777835155488,0.8778951169046829,2.9468444668071543,5.12,92.78851729160552,1.4854135513305664
-0.4743253009865773,4.500683543544782,-0.9153790970959692,-0.44063440279493626,-2.19195799841258,4.207626812445635,1.9061783783708828,-1.5467596835639057,59.61045869990762,2.1069493293762207
1.8439480165350313,3.0772293019273897,0.8659462264966029,0.6136576000252774,0.32049107612858396,0.8097907290685873,0.4208713711157763,-0.40620856802559224,23.51719803776242,2.653876781463623
1.863971676427501,0.21072375662444642,1.6438023362406184,0.6153841390641501,1.2696932398638907,0.763267738024517,-3.9053638144385685,-0.44840833555365034,32.873536944798715,3.3392653465270996
1.8434538735181336,3.3645091569465277,1.7761405272011936,0.6090003287110797,-1.3969815707297868,0.8113119185271627,0.7966384583319668,-0.4312087933944211,31.43124669658644,3.94864559173584
3.106350294022689,5.12,-0.21238294670249402,0.5871917807117253,3.270974270289268,-0.501337787892127,5.12,-5.12,106.41215134099271,4.322471618652344
1.6986973373544059,-0.4279290597108245,1.7611706430311962,0.5688886071423891,-2.39031763658564,0.1768055899298986,0.8194058744295853,3.8949637440296128,37.25026586701715,4.806795120239258
1.8327612798462178,3.2054380464730743,-1.2779495426877285,0.6593141469590265,3.0503169933419843,2.142678944941018,4.170975268233694,4.981976271218685,76.71049318013536,5.353669166564941
1.7083127952895145,-2.3068795393480204,2.7021414615992425,0.3773765873717094,2.2427316686471945,0.6562069026381936,3.273343541659293,-1.4781279172250077,45.31350986263662,5.904626369476318
2.1482001457387234,5.12,-3.355891232239431,0.18536026964490837,-4.164624269150943,1.0642419043330857,2.1277063259330147,0.3778032796702977,70.76225340601347,6.482752084732056
1.8197048294796456,-2.5438711464719894,-3.3740263312399663,-0.023082775050807136,1.2974698659719994,0.9375961077982948,0.4927148844031475,0.06030300590956372,31.6671534908652,7.018867015838623
1.833351764555415,0.32134704381059365,-4.726432839340001,4.899891709925517,3.664828597798768,1.172699293576568,-1.0038230133131139,-1.9228585299982486,74.75464419372256,7.612669229507446
1.8385100553816995,2.540653309507121,4.01673864825976,0.42260514497966284,-3.440721712374046,1.1845591970456848,0.5388963690697173,-2.198804712171347,54.029857361193116,8.240017175674438
1.8420655227730576,2.647444903014854,0.6588083613205375,0.6096351031448037,-0.7031840413771899,0.8102668760938005,0.33159423580805125,-1.9001316320579678,25.048623407194228,8.974391222000122
1.819945470655287,4.617019827240326,0.137835394104858,0.5215774033902161,2.6949963377937074,0.7417845617750025,1.6580513016522227,1.67704428968697,48.333133856730676,9.667997360229492
1.8266090442272,3.522784162474802,0.6563998200174481,0.5823713490584828,0.2619605353933263,0.7746341799724883,0.38509062409524475,-1.5906969342270294,31.327809979204932,10.43362283706665
1.7703597304789511,1.3716010783873083,0.4243535360870814,0.5800480211804189,3.181418547278308,0.8682990554073653,0.07905274793062667,-1.103489340095373,25.19137625520095,11.060760259628296
1.8088515977673776,1.4954714922542163,0.48095775341588354,0.5088682361063821,0.08319860599418138,0.7884155628651195,0.06619965352222135,-0.559919856789703,16.48429133949627,11.904510021209717
1.8345205133987124,0.8207114960684825,0.26945469973231173,0.37117088821186606,-0.923134785765412,0.7690348840509387,-0.11773083380638738,-0.19030053207636488,11.50867057933799,12.702237129211426
1.9188654796817612,0.16799332184252513,0.09336977054966766,0.2162095342812309,-1.9463601984694838,0.7862867603594195,-0.2955405845993804,0.0015818984508610967,11.963046581534389,13.68661880493164
1.9917512313792374,0.2140098622823281,0.03491615783942592,0.18240497182921445,-1.4194810073079833,0.8072521565607049,-0.3502799888034085,0.07117041035654115,12.440999458977208,14.82078766822815
1.668131903530866,0.6115372168256803,0.12538128037995744,0.27804942052698234,-2.027212719365816,0.744821081543928,-0.42394356610906225,-0.026680941136683067,15.76981704987837,15.796040058135986
1.995380262104712,0.2473653956153612,0.25221652324863797,-1.09202580606365,-1.943703361744333,1.438362681931518,1.4983205459551474,-0.06104244432887995,19.615230708427752,17.014737606048584
2.1518831681713735,-0.18383183941410763,0.15548221612052338,0.1500355315632813,-0.8598192806072991,0.6422843983812649,-0.0317392087471573,-0.07317232655027262,9.853444715858462,17.780274391174316
2.5925396697280068,-0.842764005678899,0.09308259155410603,0.1231500644125969,-0.5029297495191942,0.8151324290266784,0.06346622559797854,0.01987846766347623,13.801507608444274,18.68647289276123
1.948242078573828,-0.7354622189611879,0.16868788088482667,-0.003374491468311369,-0.3313946729505597,4.365325246952675,0.11807957495588273,0.053383799064074644,28.67340280002684,19.665975332260132
1.6951854849903132,-0.7977430741430176,0.14195419813414922,-0.033704904366788746,-0.44438059954942144,0.5153735178293353,0.13427102029844296,-0.0072523183910746525,10.720257721693265,20.72847604751587
1.6529566030383434,-0.8338986453948749,0.16370683396875751,-0.004471083291782918,-0.46659286825192314,0.5969688504560597,0.12987021198750615,-0.04375697917225452,10.751823693581931,22.019568920135498
1.9913658417368483,-0.7459151346322752,0.08805096500307474,0.05549571689163013,-0.662680778896287,0.0911815210112854,0.11831711685853374,-0.0521389546665576,8.23164333907513,23.20097780227661
2.0516197508750853,-0.947658305726728,0.05764472306807722,0.0654552046481065,-0.7495374870876308,-0.6075248940084785,0.1672435318769443,-0.053185165544236135,9.67219125422172,24.131771087646484
2.046782770993479,-1.4361871067208365,0.059505450893172274,0.3257162012915309,-1.1357930190799577,-0.21955221109476764,0.17853432965068894,-0.28422869162846354,14.234743973698201,25.287968397140503
1.9908599599978913,-0.2175745612928086,0.04691276742584094,-0.2559595574443252,-0.20044951684263612,-0.346223182536856,0.09076255367266484,0.2535220598972714,9.633495440134533,26.267472743988037
1.9828298134796079,-0.29403674367968335,-0.3052867782428166,-0.5294955605758078,0.2966978170324195,-0.5767623667718444,0.021848665113394894,1.0393210077091553,13.710200624839711,27.251854419708252
5.12,-5.12,5.12,-5.12,-5.12,-5.12,5.12,5.12,211.88345098062877,28.206959009170532
-5.12,5.12,5.12,0.10664467821167811,5.12,5.12,3.0738040527335846,-4.642990238485112,165.38882337559204,29.285135984420776
1.6329373246275942,-0.13298241125459143,-2.3634603606875317,-0.10028976121934807,-0.8231959159873048,-0.21237304929101164,0.28159861221668603,-0.021188579627493098,15.456965812089623,30.264076471328735
1.5605437617117017,-0.010126882886073219,-0.017869493296760908,-0.06611127658114846,-0.5309219663177114,-0.2381358638902018,0.3257536310826916,-0.09848165331790959,9.466691164013215,31.27975296974182
-2.7313889657767407,-0.0546369932765538,0.002423208401878263,0.06978406951609628,-0.31699765290549387,-0.5514287028132223,0.28756291742035867,0.024872401114079956,13.828846281055098,32.2490131855011
3.332997365164837,-0.007863820404581112,-0.016591845795964844,-0.0013601122297579593,-0.3355388071146592,-0.2898123262649852,0.20348490807487796,-0.10288092368355972,16.53577002730762,33.37401247024536
0.5354910776502049,-0.22136910491677142,-0.03279699691758342,-0.07929812879447073,-0.5006929805166296,-0.14723346166305795,0.22864291937645564,0.056412789146752296,6.936606043450473,34.39549398422241
0.24566318036720602,-0.19270358450730285,-0.021150284223494076,-0.09582947043075496,-0.5122460019157504,-0.1996807608077491,0.2822272145873743,0.08462879422168523,6.326650700812073,35.25757169723511
-5.085361237487098,-0.9335801209412908,0.1999948403150711,-0.2740719861791403,-1.0701471591166287,0.2625628975416294,1.069210470250919,0.6127754258424742,34.67508146979356,36.382572650909424
0.1274287204795197,-0.07051338263566631,-0.017092439948823923,-0.04676303541568494,-0.39256746080503646,-0.37990552403119615,0.22442351081788736,0.04351569260741073,5.20971248419262,37.35893893241882
0.029090706502078234,-0.03576508333783934,-0.07564875646953073,0.13404178864647953,-0.10725679982898662,-0.8857064801092296,0.19899062174479898,0.14687889814875454,2.916799905009216,38.39013743400574
-0.06344440376002769,0.002300573794660643,-0.18777088111147933,0.3132867278445337,0.2738760790260404,-1.6694445390714585,0.142738634754088,0.28998312178251684,9.447382071684896,39.41027307510376
5.12,5.12,5.12,-5.12,5.12,5.12,-5.12,5.12,211.88345098062877,40.50729966163635
-0.34147531191126657,0.27845579887928906,-0.3457547393902418,-0.3428554917634008,0.6741169713498332,-0.8833528516778095,-0.4295015403876823,-0.2004373737175884,12.041778727694542,41.43588852882385
0.14053017579622207,-0.16056606771814952,0.8816181209809768,0.013510029283850145,-0.4909835706495347,-0.6961107530420332,1.0291975236782855,0.5973562507370005,9.23072439257577,42.498446226119995
-0.0278613963582357,-0.1718274137713447,-0.399342563355642,0.41348509839632897,-0.05081606388227744,-0.3230719654901062,0.2898416899854306,0.5521347127617835,9.750883889452119,43.633930921554565
1.372111062550192,-3.017979993131401,-1.981030721769835,0.11413577358072047,1.5463866135853745,-1.4436417861461552,-0.6733152861728176,0.41739013007207326,29.212784791824305,44.75296235084534
5.12,5.12,2.0756214373126243,5.12,-5.12,-5.12,-5.12,-5.12,189.81699687643425,46.15702176094055
5.12,-5.12,5.12,5.12,5.12,5.12,-5.12,-5.12,211.88345098062877,47.525134801864624
0.31879747622579746,-4.0175989269165715,-0.14987409918260397,-0.14088960655361404,2.8159361266913683,-3.0334234335299755,4.360127863123135,0.10515824052333489,57.109406859762124,48.6233389377594
0.18468955567202006,1.7828888264117948,0.5604583174299522,-0.22607882328273732,-4.252890881450678,-0.6847410957743243,-0.42888244116442653,0.6266099682634589,32.90395581721517,49.810999393463135
0.045631148651748,1.4959642129297848,-0.3799977552958147,0.018630564251293613,-0.5740361451449818,-0.8770145018934654,-2.1907960415577232,0.14762166139283028,15.295550437871377,50.91684126853943
5.12,-5.12,5.12,-5.12,5.12,5.12,5.12,-2.031892586914592,189.54661748005836,52.50552797317505
0.03348864064497281,-0.2844879974997223,0.08612600815384219,0.3551179722767843,-0.47006912841440496,-0.9525540282534832,0.3516634966205494,0.6230305509272451,10.187658752931833,53.809255599975586
5.12,-5.12,-5.12,-5.12,5.12,-0.6775454770892262,-5.12,5.12,187.29677003019506,55.04317879676819
0.16567125173477137,0.13659505487240686,1.5421868353121306,0.12103292411831035,-0.09651746280074214,-0.540900634767639,-0.19224981954770382,0.1496060780163262,9.082467678210048,56.339967489242554
-0.6787929227451412,0.5742031627067545,-1.1766148430173478,0.7458758802799412,0.024803849143292922,-1.886102630839221,-0.26511644756561115,-1.244876931408656,15.136204828114352,57.4836208820343
-1.9820172441294175,5.12,-0.3670144277269598,-2.582619443292299,5.12,-0.013321769971412323,-5.12,-0.23854042593541358,94.72333760988025,59.004289865493774
-0.3483621501843519,0.09054866799995587,0.5867057442569887,0.013512916249563744,-1.0195140299207939,-1.030206762869053,0.4257298471484674,-0.5791440484337604,10.484570510476157,60.49100422859192
4.551190186100272,-3.033590323136642,4.553258236081821,-1.2837490501240154,-2.4715154043030974,4.370878844971112,1.953072202168486,-0.8289045142852975,91.37665864555215,61.48742341995239
-0.12612231737715884,0.8668621007955695,1.3206160922617736,-0.8893990774865932,-0.049440972445483844,0.22953024198679906,0.7514389050876709,0.42779517013728796,10.203648220786855,63.00299549102783
-5.12,5.12,-5.12,5.12,5.12,5.12,-5.12,2.850104087577937,193.93279869316655,64.38012981414795
-0.4144248252282825,-0.20370161912999407,-0.11426569306436729,0.3495235346550798,0.43252255821679597,0.006698668300177069,1.3137918934247743,-0.7392498148848929,11.582424436886816,66.63361477851868
0.44983677988156057,1.7153734526130942,2.331369541114035,-0.9177930574227107,0.5523826378511885,-2.6995190565673703,-0.3842695488260812,0.34814263157609826,28.653794818309997,68.33255410194397
-5.12,-5.12,-5.12,5.12,5.12,-5.12,5.12,-5.12,211.88345098062877,69.73894715309143
0.818592228655616,0.430335681248315,1.0725249523143372,-1.0489922400376663,-0.19515782310101404,2.379839871720172,2.9122834611423736,1.1475007920682199,24.180995070350086,71.64681959152222
-5.12,-5.12,5.12,2.762602415890771,-5.12,-5.12,5.12,5.12,193.9508911225662,73.43715500831604
3.2362180679076653,-3.012003976630073,0.38947647756611303,-0.326692914664668,-0.7434984928757435,-5.12,0.26099729777447767,-0.8862144635961293,54.19837027503824,75.35233092308044
5.12,-0.5774570090179498,-0.36134001507117475,1.3989852797769906,4.15878023733453,-1.7930173150547226,-0.27622375211084016,-1.6379527598566104,61.511218744914935,76.78293490409851
0.1322319708974371,-0.21602868955873689,0.08777173937642146,-2.748005326792105,-0.6258381815249461,-0.3272667116187735,-0.4282257260738307,-0.1820551866233977,16.26935806338879,78.67051863670349
-0.01006383616427975,-0.8395075455999974,0.7292977132666865,0.531369097649673,2.1356998026919687,-0.3426402995932305,0.28691666513221925,-2.481588474441927,21.13240484052802,80.56029319763184
0.05057157087256314,-1.0531020447963897,0.25608461874289024,0.8764925760104836,0.15460674495236137,-0.9190736316805994,-0.5486810740362298,-0.6664096471488925,9.006242421532884,82.85189890861511
-0.10578935316944893,-0.4641341855316359,1.0896305060271745,1.033922154156505,1.4811822029695394,-0.22508078927407027,0.312308080719367,0.2295201186891953,12.332678507394755,85.2629325389862
-0.37390699323343224,0.2254327975509467,0.8786697719763223,-0.7038786457621766,-1.0773265395191114,0.8642176484761288,-0.7371830067524296,1.0265560480481914,10.626348271451603,87.55655598640442
5.12,1.1671033902167736,-2.117757225640655,-5.12,-5.12,5.12,-5.12,1.6537552721745952,143.3414598099701,90.15769386291504
-0.4773350565784851,-0.20619738728762282,-0.2251243969017791,-0.004474767019563508,-0.8001079530308708,0.31209424420783005,-0.7736927486760115,-0.8578656471590609,9.251342033808708,93.0375657081604
