-2.8624802010833816,-1.6365893368331972,3.145715578599437,3.825743194537398,2.8464330263655375,-1.438227230567887,-2.2755058720556027,0.4505444054823391,59.360383246054795,0.2978963851928711
-3.6221802230977693,0.33329904174317093,-1.5601334769665294,2.316960427990309,-1.745092558561772,-2.5616980543719836,-0.013250376946969844,-1.0430701836071732,41.28312519477678,0.688521146774292
-4.228861834242043,-5.01804821280318,-2.8381330948249066,-3.4794375203093324,-2.322651759125741,-3.5595604955269824,-1.6762590825094383,-1.038509098124007,93.36651256096152,1.2198219299316406
-3.9155446739922874,0.40196639849476945,2.731730767465587,2.47803140440391,1.0071673536228687,2.355412676330567,1.521277396884103,-1.0378416528351426,47.74375666567249,1.7675378322601318
-4.963825655972523,0.36301511551194565,-2.0588130177582986,-1.6875296627459324,-0.05149493503835245,-4.397955180478033,1.0760996742523377,-1.0391507746201256,58.563480910168884,2.345662832260132
-4.476110674973938,-0.24403007572664226,-1.3863002452489663,0.8798522210535653,-2.1735333761341513,-2.5584611485812925,-0.16202863040683635,1.0946164918374368,43.381562092165204,2.8638131618499756
-3.676236244452831,-2.4658530683567803,-1.5612031183009405,1.15291241339572,-4.512112470349088,-2.5907515299199435,-0.15796765962521597,0.867698381674467,61.6073202934057,3.535740852355957
-3.495341926839288,0.35425978817978976,-1.530015614398958,2.513649589647099,-1.8383342225651598,0.994318513785446,-1.232692242279536,-3.6311982236450913,50.7071432009793,4.3394341468811035
-3.5893727874364596,0.34306798412094963,-1.5456135230537145,3.458594563339676,-1.7848897448504801,-2.724086509913102,0.7183287073684381,0.3984666358275346,50.90297229321613,4.980059623718262
-2.41864891525484,-0.2502363078294625,0.055034529712316704,1.469304590601138,-5.12,2.9985505687677696,-2.041750892631823,-0.5534934253929196,54.91882410258859,5.530707359313965
-3.6559081660851795,-2.4054322927011738,-1.5419634089210055,1.9948088419185606,-1.6974017609888516,-2.8548481091316726,-3.143403617013732,-1.1160416656257892,55.36426101009728,6.0307066440582275
0.6406830068773068,3.945759610716972,-0.27487452156983494,3.6881043915304863,5.12,5.12,-2.0404587250826616,-5.12,117.5355199037167,6.609789609909058
-3.483484221084857,0.3019262801403002,-2.0971223275833415,2.4843248707863212,1.7944251192446528,-1.2089106675326393,3.543739281961188,-1.043784348174471,50.08462442729162,7.281664609909058
-2.848833739832608,0.15871304170778,-3.5976218256545662,3.1498646084465944,-1.4809039772339707,-0.6401020475958017,-2.739904424115075,-1.0446203110586438,50.043620414167165,7.913572788238525
-3.788874319625094,-0.020485798599639615,0.5148319789648212,1.0326240957565487,-0.7211818019639251,-0.7822798761853758,-3.627399408292682,3.3271289172043526,48.97115084969881,8.507411003112793
-5.12,0.19065964750624076,-2.2328983556644943,2.2339407516433845,2.2067668796442517,-0.12413074387753031,-0.6323502316834224,0.8995525991789917,47.90722823562426,9.102899312973022
-5.12,-1.1149836746176067,2.5215945530962607,5.12,0.764351019202886,0.22884578849387793,-4.163755695927071,-0.8543869026624051,84.16837541310375,9.915399074554443
-4.543419485941227,0.3227657995870139,-2.655655615129543,0.775229710645549,-2.3111152544941582,-5.113294320881797,-1.3870019346974094,0.8002109868864826,72.32230553412188,10.53933572769165
2.5623173878075844,1.6570768097793929,-0.761522403990373,4.995957793378577,-0.929260913291925,-3.6345127649793634,-4.5660431801630805,-1.0780127421995758,79.13214826408668,11.242409944534302
-4.205491187996814,1.2707422459089672,0.8704843408548273,4.833456806682018,3.4001136964186687,-0.4467872921508018,-0.9476398941048023,-1.0766280725430146,63.826406113293935,12.138940811157227
-4.858325494379482,-0.16477859604968437,2.260534648302124,1.8017892698999756,0.7850958010417415,-1.334613137029844,-0.16287127462682438,1.0204166114998836,40.835143592722,12.873315811157227
-3.7358141056907828,-0.07850182147656604,-0.1721736399521392,1.8103401802696393,0.45899946954455384,3.352263268673071,2.702212325332745,1.012982072335511,44.27956147406887,13.656119585037231
-5.12,-0.4366682596027056,0.95303022031095,2.848213581937647,-0.024231552673004586,-1.2466850193484746,4.8537206353118245,1.0433735765551093,65.70628344896303,14.312370777130127
0.12091980758942533,2.3649279891261132,1.1287659265521617,1.520727114101998,4.343338295159449,-1.7033064105453226,0.3215867387113098,1.111277976900154,41.047771643122324,15.176129579544067
1.0474141918072917,1.9178299013355913,0.5638564545172677,1.7758177061070626,3.7586574175573455,-1.1350802010396182,-0.06339624123203613,1.0407882383955984,29.078899367843082,16.17607855796814
5.12,5.12,-5.12,1.715842691615042,0.6289475620332201,2.525381908057194,2.479270905285281,1.6876739352323185,106.43140585514757,17.294455528259277
3.3953953945505715,1.3159362573005433,0.301614250611963,0.5423395671924265,4.286939202502494,-1.3162758757935915,-1.0866218468622462,-0.24110671836668285,45.1956468357783,18.23265838623047
0.5687729528650189,1.9118742462549578,-1.5726947304266425,1.7202892497962932,2.8417222700790017,-3.26802242059141,-0.11844163093384452,1.0072610447580201,36.1695453423108,19.263968229293823
5.12,-3.2005937193224274,-1.3236973482653407,1.964008601905662,5.12,5.12,-0.5218315611805897,1.0289011940147859,100.8142704500434,19.993637084960938
-2.802034886865872,2.2391155316959983,1.2208094874358029,1.772764277538207,2.6563251242530654,1.9256298867478536,1.2531269008773522,1.04247328575872,36.92230854995056,20.853010892868042
1.0945766922169629,3.108883326335998,0.5116594683399729,1.7936301009929183,3.697019759515068,-1.096258770135937,-0.09695393852180167,1.034383286934112,35.12159757849774,21.866543292999268
-1.5321806603129016,1.5427357028674802,-0.8450075622801387,1.1011876101697418,2.549041429487712,-0.7792740615707299,-0.5164490025120276,0.09702766870714719,23.557152121321458,22.744947910308838
-1.3361177474403503,1.0853333584375244,-0.30700372795107267,0.7617144055445353,1.13678747316514,-0.7072225470653839,-0.3507230271617905,0.40291995948739245,14.671665615058952,24.026197910308838
-0.9834446721343122,1.1389166359115928,-5.12,0.3660679191323375,0.1977270680059311,-0.5018968312851042,-0.5985183912481,0.4003395239903771,38.02438978900025,24.71969437599182
-1.1466926579793189,0.43053237949664336,-0.24989141294845307,0.7108756153509104,0.7646112458734207,-0.6647954195245633,-0.3402004925511708,0.5032361185263188,13.963225023143826,25.76656937599182
-0.8617549417191297,0.6740551199862965,-0.2778263013568205,0.5444898501749389,0.4811358108497066,-0.4901884582369398,-0.27681910784029373,0.6061213196313329,14.379553809717319,26.961892127990723
-0.8835700419022894,0.6651684635425292,-0.23588737983360275,0.6880034439557301,0.5923302724729673,-0.5408239517462619,-0.28571843321694157,0.5963690455735966,13.736403781433589,27.987454175949097
-1.5089276968236147,5.12,-5.12,-5.12,-5.12,0.4878905293649689,-5.12,0.4315098225183984,141.0326169594675,29.101919174194336
-0.8691877432704365,0.7319679182003878,-0.16723045231549616,0.9242522674669491,0.7573829635279017,-0.5960185783815808,-0.29057812678907435,0.6039776324909623,11.421387202030987,30.24847435951233
-1.9245343497507594,0.8016339872991907,-0.044612687081869495,1.1659386132361318,0.6671401645037296,-0.4722488960564366,-0.10802925505864192,0.6456872635704238,13.444565263393176,31.614883184432983
-0.6261759088982908,0.8052709257868207,-0.051142055594231906,1.2913335132276584,0.6684342758420492,-0.5591192508190241,-0.31623359566830533,0.6409208094928545,14.109778405821316,32.728238344192505
-1.1071046083350833,-5.12,-0.18125847609748025,0.9336230509168182,-0.10013280023342386,-0.2574931764796977,-0.39069298900149896,0.10749450548864203,32.97263375916951,33.987417697906494
4.1584455891311505,0.12252114116044854,-0.1266470449610928,0.948465628272178,0.9232031319723406,-0.2334345075589983,0.3248112622586987,0.7000171480784445,24.58789145990574,35.17379188537598
-0.5690051491816348,0.17299140882689823,-0.21533411253077261,0.9957930579067158,0.5369248710439187,-0.2709593594458699,0.28629537568013497,0.5342166777651469,11.65482851127307,36.45984506607056
-0.6068228240526823,0.10750198679035439,-0.20651066234595117,0.9787923129708371,0.6728159103082012,-0.27057644630989053,0.28695406061773276,0.7059822301294449,10.327048536687405,37.77373790740967
-0.6167324713352533,-0.06745223461537808,-0.2546954242095021,0.933322019989804,0.9226828916812178,-0.2713917737369904,0.4719982238525997,1.0382095105590672,9.756793981775969,38.905983448028564
-0.6527858899208621,-0.06424789921790897,-0.22411097950114112,0.9295722515347018,1.0611446404439437,-0.27538694447584966,0.5015578005229608,1.1586504149356722,10.417484846863935,39.97737264633179
-0.8107746032219358,-0.08243314782543987,0.00825782093264138,0.9367618375262285,1.0503742874131783,-0.021242819891318376,0.343823867545229,1.072594744670333,6.4686770975992225,41.03850197792053
-1.0701041274106835,-0.3434856033334839,0.574146937032233,0.8657081315740323,1.1406336711629912,0.5344193875161629,0.11360733787582955,1.1509249573764029,12.148221105267124,42.19039249420166
-1.552035341147111,-0.06928661157497107,-0.36570310501532344,0.41898843884113823,0.5480855324200551,0.21104588245600642,1.3580183052798862,1.6464922885796627,19.146777505985064,43.16793251037598
-5.12,5.12,-5.12,5.12,-5.12,-5.12,5.12,-5.12,211.88345098062877,44.46486043930054
0.2649103387953913,-0.4104357727976682,-0.5683679758639322,1.41290225909205,1.68652590109392,-0.5745872080894641,0.45948273111672133,0.2379431050714551,18.875272482466965,45.62024450302124
-0.5228494415016067,-0.42853832314567075,0.15175305802907246,0.8062425870844239,1.7518902429595782,-0.23920775405027328,0.42410695151346633,1.5221861993378738,17.518118992612223,46.70566987991333
-1.440197227526316,-0.1825534779086686,-0.3462515276129077,0.9552236625486668,0.6679080606110581,0.2016723199681083,-3.6946308111125794,0.949580568180207,25.890421738206864,47.85854411125183
-2.3429006351608312,-0.009179478628914772,-0.41941590020242714,0.8309322842145717,0.403876561526034,0.606129243979054,0.5273666451386019,0.7559057764451236,18.233119201534407,49.01257848739624
0.23379794499850526,-0.7467460019461614,-0.058252939189594066,0.9082095347596262,-0.26680681011808716,0.1884692687462124,-0.6623888002590661,0.8015666595070874,8.708399638034923,50.098095655441284
0.39183974255491627,-0.022577297166891164,0.17535169692223374,1.1277789099189697,0.1910429171134176,0.4746415239789039,-0.6018773330092966,1.218846604463855,11.44035006738482,51.55719709396362
0.133564711352121,-1.1615428133082522,-0.30007449134481323,0.5595576551242125,-0.3855190838771305,-0.22949675539087977,-0.6300557246404717,0.36684407237513295,12.525645497276516,52.770228147506714
0.5713529474247183,-0.3179654780394987,-0.9498360758669024,0.6407457603634885,0.0516944840055249,-0.39900823054755374,-0.824182662708318,1.4952966233205789,14.223561283455755,53.91450881958008
-0.11400045448204743,-0.5331979930247392,0.7472571087080668,1.4584224880877459,-0.1952467589300504,-0.03774021183612675,-0.047601261051397614,0.5609284705634296,11.2092284077275,55.15619945526123
0.4743256769870321,-0.23505531263138124,1.00626897739867,0.4289562955954658,0.3697467323287196,0.39860743874794125,-0.487847494366596,0.841476424509211,13.45521981104148,56.22904944419861
5.12,-5.12,5.12,-5.12,-5.12,5.12,-5.12,5.12,211.88345098062877,57.40956902503967
5.12,-5.12,-5.12,-3.2071165188264876,5.12,-5.12,5.12,5.12,196.41741960666735,58.78391766548157
-5.12,-5.12,-5.12,-1.1120246962942897,-5.12,5.12,5.12,-5.12,186.87227643596103,60.04462385177612
-0.11545282510366217,-1.051108327179505,-0.5700652077374571,1.4986802956500096,-0.12562788109584133,1.1787039677339397,-0.3051372819501008,0.6151151616349901,13.72502276101175,61.461071491241455
0.056016745421486824,-0.994286656319443,0.22599666063002566,0.8624751266860748,-0.4645971940164477,-0.3653917095800292,0.747683302174182,0.8791685965547797,9.658072768626148,63.04662346839905
5.12,5.12,5.12,-5.12,5.12,-5.12,-5.12,-5.12,211.88345098062877,64.10034513473511
-0.33931414554805617,-1.3867031718327918,0.160231802465014,0.6788250050662965,-1.2181991626706825,-0.033382571975443476,0.7799788737671927,-0.10072847424421028,11.645237732847587,65.33590912818909
-0.6995684359984189,5.12,1.0969346529436272,5.12,5.12,5.12,-5.12,5.12,162.09665752793387,66.64039254188538
0.24600916799390316,-0.2984610399247174,0.2996046954940361,0.925380738491068,-0.6519718927127398,0.4041544719876571,0.7373437794486746,0.7992116429995697,11.732747929044617,67.7922842502594
-0.3537873998901002,-1.4751073682012805,0.7323907709183173,0.9029465000053767,-0.5306568677063304,0.38972582126914723,-0.023914213777481486,1.0039737683244718,13.742652264388097,69.12190437316895
0.9416999462931788,0.10330013587706066,-0.2460468465292216,1.0553015392430094,-1.5081660904639325,-0.40943762148376983,-0.3905823896167373,-0.002191414098174249,11.585097780815211,70.26907205581665
0.8122531099970001,0.4254437504302624,-0.200687918981731,0.133662668919734,-1.6653837270335514,-0.8839564338075059,1.0283296139927218,0.4039067041105566,12.81311355344634,71.89612245559692
0.567360986144557,0.08582254086654739,-0.27778943989290017,0.6533050745124349,-0.3723135616792952,0.42433556293555963,0.53930914722467,0.23718722456689445,12.770680985480519,73.21286273002625
0.5119112130801371,0.3964793221359617,0.6720872508196729,0.9045131969403766,-0.9741879031837879,-0.8585795708494199,0.25398932297445853,0.8651555211620856,11.371800310801836,74.4568076133728
-0.5582666276202755,0.6620212563388614,1.3080226571893174,0.555979891392111,-1.9303506654758245,-0.6937470562012491,0.06822014540335619,-0.4246825242017085,17.337571038037932,75.8575849533081
2.1746598072632253,-1.166164715303092,-0.01460674726000466,0.3232031197106746,-2.5461322950362244,-0.4601069668893025,-0.40300585469637795,0.3671852893642722,23.09353026359507,77.15879797935486
0.4748725605749291,0.910257023827759,0.06784830746963166,1.1842178417171132,-0.7122137037161371,-0.7806054649892076,1.2696215925280407,0.4104406048724476,13.201117017573186,78.33485078811646
-5.12,5.12,5.12,-5.12,-5.12,-5.12,5.12,5.12,211.88345098062877,79.66269087791443
-0.346959003697874,-0.4930616935412706,-0.09742790673221435,0.8983962665368423,-1.0325277733287894,-1.07997969768331,0.4117348526300111,0.2620239154647894,10.670597319120384,81.15631175041199
0.39872734602393844,-0.4788505965112009,-0.40098692904581323,1.4298001542996381,-2.0259926995875754,-0.7500959482514409,1.0111788375767086,5.12,43.29618697377095,82.50225186347961
