1.2881368922817487,1.0148218400818276,3.9308279625000164,0.37900519371032715
0.15546381956483746,0.011220827102487618,0.4671085176330877,0.7394516468048096
-0.08053139186445346,0.16876602863015666,0.6717406050390392,1.1226470470428467
-0.06215597901067138,0.15861280293631808,0.5611513002474817,1.4633042812347412
0.22230513523995565,0.19728793472212747,1.5900292541466987,1.8000788688659668
-0.15949205966128321,0.1546484633967271,0.94692630861147,2.1542654037475586
-0.15091211890547385,0.1524032997018061,0.8873598525330313,2.391974925994873
-0.1497291334262716,0.15184882239254627,0.8779677433588132,2.7190310955047607
-0.15772067197970419,0.15411792490119147,0.934106118664375,2.9880237579345703
0.18048918554845716,-0.023076099766436542,0.6206055366259241,3.3488147258758545
0.1901765209365438,-0.035335673948574176,0.6948681149569351,3.652508497238159
-0.25440486330052003,0.16847011496940656,1.6306222232354513,3.9315993785858154
0.30204638517114724,-0.13724886878972242,1.7806418086541957,4.1788489818573
-0.4028201983802333,0.1821630001297967,2.6013090954023816,4.47704005241394
0.4009741155957496,-0.15558807134515007,2.438563759101791,4.753274917602539
1.8427919058509978,-0.4202722329516142,5.899085343866987,4.982568979263306
-0.41841793808753636,0.21200457079784307,2.8550230627198174,5.220325946807861
5.12,5.12,52.970862745157184,5.432267904281616
0.2904666797128721,0.32309006679970587,2.8835525858322724,5.645874977111816
-5.12,-5.12,52.970862745157184,5.915935039520264
-0.41153519822007567,0.14904492731091512,2.4484032570185534,6.156257390975952
0.6805004387512374,-5.12,28.371444318740927,6.378788948059082
0.3313355473745183,-0.32532234346832745,3.160502180194496,6.660015821456909
-1.6190707057721978,-1.0771848097409142,5.629979680059191,6.921228408813477
-0.27309013798409154,0.35403992364991144,2.9526231497056603,7.150834560394287
0.24630972801808326,-0.23522786366290038,2.000133183101611,7.532952547073364
2.2756068499903215,1.7194879137812142,10.485765427756442,7.7869110107421875
-0.3918860638130619,0.36165499788954225,3.707783460269182,8.037088871002197
0.39295264623798154,-0.41217211565523293,3.958065037533734,8.451390743255615
-0.016411421696029826,-0.028387889114440235,0.02225210468549399,8.735854148864746
-2.3696287456919483,0.7380854419015836,8.91754679397309,9.046486377716064
1.4176290005138092,0.2329022652495043,4.825726543600755,9.316567420959473
0.1425863718526328,-0.677126104777634,2.2960592508324753,9.632128953933716
0.9758621590608403,-2.063904951662459,5.303023922347943,9.957984447479248
2.2663821261888426,-1.7696308850341635,10.247799713103834,10.287456512451172
0.20781817670827873,-1.631512914788753,5.120665330908306,10.618907690048218
-0.049342384853190424,0.5081800155978398,2.307035860122518,10.909950256347656
-0.10355862378480296,0.5260681307743562,2.478415014090916,11.214229106903076
-0.2220378271662824,-0.48606206245777095,3.1069358686146695,11.545718908309937
0.3143457263355991,0.48319330006929384,3.7200902685680646,11.845510244369507
-0.6009827995683654,-0.22213116477276706,3.041682944768123,12.149274826049805
0.36801176388237433,-0.5245656995128982,4.074100690393275,12.584869861602783
0.2838856361983062,1.695711755162744,5.501861075631281,12.898291110992432
-0.7377907667712647,0.15303413166875046,2.0721360480271853,13.27146577835083
-1.5331696195610824,0.0494226819054191,4.379241450116046,13.602187156677246
0.23185300080582127,-0.5141340795646308,3.2003748524224687,14.005537033081055
-1.506926365458574,1.7660000750867653,8.288274321887691,14.32805609703064
0.4331731729767512,0.2728836795915264,3.318527689343059,14.70700192451477
-5.12,5.12,52.970862745157184,15.053210020065308
-0.25832327879011885,-0.6194071310657296,3.234182552439841,15.410088777542114
0.40592052751351915,0.3680998094364636,3.806381854943028,15.805431365966797
-2.309231345965998,-2.163305328897989,11.857891678848976,16.20046854019165
-2.9845858607862485,2.143535552965063,13.887032182077633,16.59067702293396
1.3213259624696478,-1.2206753533040375,5.4860419697364335,17.02555823326111
1.4058556396334625,-3.1125335415607287,13.734116495384983,17.458000659942627
-0.5724765663539566,-0.26827129354169976,3.4123411653352784,17.949386596679688
1.2411332945514006,1.9240159982236857,6.2983844359449535,18.313114881515503
-0.24299287531607305,0.6137932427353698,3.1468785523837584,18.76315975189209
5.12,2.324529647991735,33.340224778556305,19.153120040893555
-0.47788473780949214,-0.49307112293690825,4.460906814587688,19.637959003448486
3.6760673212879675,-1.0338585586164406,16.052883409112177,20.06296682357788
-2.80719646747789,-0.6621411550091798,10.491512421129876,20.521999835968018
-0.15503048024779442,0.6650148534234521,2.413315317478046,20.942126512527466
0.541901595611181,0.3237780002862021,3.811168255446484,21.401071786880493
-0.4234221464897452,1.4219705607011406,5.969952707765453,21.847965717315674
-2.064230730458018,-5.12,30.826816383706767,22.28037929534912
-0.05200574527846502,-0.6598380648561601,2.0276897451855644,22.75528359413147
-0.21379149958126398,-0.7015896331289584,2.6118901994818664,23.21597385406494
0.6567709385124942,0.034221357996991664,2.008392589521372,23.73230290412903
0.010501219857158794,-3.0445185430294335,9.31024613647235,24.18802237510681
2.677876915741285,3.4282356566938708,22.261687186331624,24.663127183914185
-0.158885623072603,-0.627157872396003,2.5743010882682067,25.177401781082153
-5.12,2.396938870841141,34.028310127130844,25.706079244613647
5.12,-1.1813382700700128,28.462835479567865,26.21233558654785
0.552783138038718,-0.2919559027480343,3.596889073762144,26.733561515808105
-0.7527960577909933,-0.21890920267693126,2.4029467529651845,27.253119945526123
-0.7047766061617837,-0.024096647354599376,1.7890690984034556,27.855160236358643
-0.3293187004541718,-0.7255000817660866,3.2661294893206456,28.42446208000183
-0.5915454335714738,0.42523397504208127,4.261508102427875,29.072605848312378
-1.124620650162401,5.12,28.041412801442625,29.69681978225708
-1.9561150594387864,2.7755863779299217,12.407968762974832,30.307997703552246
2.3938743213795854,5.12,34.00186592587945,30.85505771636963
0.6734586416275876,-0.10190949000201499,2.124623359956048,31.453484058380127
0.7725725197612601,-0.08885583493492977,1.615253197388871,32.0701904296875
0.7010897075666875,-0.18467925624413528,2.429134654295348,32.68954062461853
-3.414735536000137,0.5856364729334311,15.721983289919201,33.432119607925415
-0.14633350504814224,-0.8326805533042876,1.6120614522970014,34.08033514022827
0.0016477810705852747,0.004347934633941897,0.0004483521603222407,34.70765829086304
-3.5158321129846906,-3.041973011203929,23.644305721761594,35.31152820587158
2.791847079108292,-0.2469748603632942,9.5764865082628,36.0100998878479
0.13842306831562912,1.1109756738667178,1.8418097899022934,36.64277911186218
2.4146722348924126,-5.12,34.17576525258378,37.30376076698303
-1.3278297640429004,-2.427160103644177,11.021083974634688,37.99136805534363
0.0017971227348736463,0.004781224830427533,0.0005410463883790406,38.65241837501526
-5.12,-2.6823778601179327,35.092796030335656,39.30357646942139
0.5330652864015466,0.3377592539190779,3.900623059891297,40.00191903114319
-1.4342927202525249,0.8261679849589276,5.195212787475093,40.72554683685303
-0.9363936650526519,-1.3888628006291426,4.650514961120909,41.370787620544434
0.5873841565728819,-0.4966958196130067,4.444531634664269,42.15335464477539
0.06968847899980712,0.5741790060934617,2.3222158494139125,42.84986472129822
2.2949087733452336,0.7673640949013931,8.02500904669198,43.55511283874512
-1.0806677648386191,0.0011390598711287225,1.293592042457261,44.25699973106384
0.798164765913004,1.326574144235356,4.561616778597701,45.111244440078735
-3.122305986095434,-1.6110085144728443,14.391627651691664,45.88546681404114
0.0015087244017548684,0.00423237555805045,0.0004186879431703483,46.693981885910034
0.0014520632234082953,0.004001675819973016,0.000375816864500389,47.463913917541504
0.0014207164418031937,0.0038507538265495356,0.00034937352041397585,48.19483757019043
-0.37949568320054716,-4.154701515149995,19.568723964790657,49.184229373931885
0.0013639203897115593,0.003698324182670021,0.0003222309767250131,50.032517433166504
0.005291280905278306,-1.133651561572504,1.6181030999786306,50.89493942260742
-2.252393055728865,1.590082797956578,10.46072228335008,51.73318123817444
3.482621418630891,2.0721069410240043,18.517212165349715,52.6445426940918
0.0011125040328998637,0.003696274061862681,0.00030900421264612454,53.5051691532135
0.0011109963110378374,0.0034778422027592626,0.0002764378154674896,54.471946239471436
0.001097083926616449,0.00339737426389064,0.00026432792228636703,55.46591019630432
0.5476199033980924,-2.5367549050376663,10.664036379108401,56.42782473564148
1.6063729810677128,-2.174121033567111,9.633170416492852,57.43441987037659
3.234587959899833,-2.171191475939368,16.60476629344668,58.50127601623535
2.504914381343859,-0.9971199254276639,9.26853124585483,59.43570804595947
0.7199363607755309,-1.357042968641493,5.170647043984121,60.57762694358826
0.0011702187857842716,0.003349131804209371,0.00026101737786377033,61.581894874572754
-1.2939081281258233,-0.49113519505546677,5.186257785242939,62.614200830459595
0.0019996385810250317,0.004004875356960369,0.00041554583429370684,63.62340712547302
0.0019346170094260984,0.004016945061969146,0.000412248423931616,64.66501450538635
1.8215432328504084,2.613835230767201,12.470552366846427,65.64865255355835
0.0017963246804386657,0.003634681368229309,0.0003408926962946701,66.68451881408691
-0.00304855023490358,-0.005201182672094795,0.0007537333162230819,67.70957016944885
0.004804607841483843,0.008749702659804015,0.0020660717992923017,68.72694945335388
-2.2385731488314433,-1.3149336973510395,9.065290542303579,69.76777219772339
-0.005114740836968501,-0.008716351098019715,0.0021177871108775115,71.0084593296051
0.005648948604938475,0.010076109566240277,0.0027666756519068025,72.14887309074402
-0.004226068732867461,-0.009856230985946013,0.0023844781109397806,73.25951218605042
0.04991359196187428,0.4654141421818645,2.2443586382984155,74.27493953704834
-0.0019204681032443105,0.43240588496452137,2.0982111102593834,75.37405610084534
-0.010764484322115742,0.43601753185764736,2.1127885078221604,76.4409818649292
-0.15924677493374606,0.4268206419523173,2.56386021119651,77.52087736129761
0.4089535724661859,0.24226289805474366,3.018126531202044,78.61047649383545
-0.2722158412805138,0.2800032548650302,2.4790380885915617,79.75989532470703
0.0038643436771703676,-0.009735613596030923,0.0022748112144506116,80.85871982574463
-0.9547692834890604,2.410893860501619,8.611429302449503,82.03907513618469
0.3519234640911266,-0.1802851845630844,2.3297150425643878,83.22138023376465
-0.2686733230334175,-0.22696479775985168,2.0965276659771446,84.4273293018341
0.3768119225233848,0.28468396958870024,3.154348087361914,85.55538964271545
-0.3897796943341758,-0.15197735695472048,2.3669666576149204,86.6400043964386
-0.3806221467661297,0.30687356250689746,3.3204737771776602,87.82428455352783
0.4641840763808309,-0.09045485182947388,2.355641416069256,88.99920082092285
0.056367319574658126,-0.4488336384709122,2.2154593429789844,90.21473050117493
-0.009308846699496165,-0.0007319628735817929,0.0018077722445059008,91.40759801864624
0.6890695002072986,-3.804979686482576,16.987623532027555,92.6932737827301
-0.0008365279894366751,0.007985233958626381,0.001336662930373378,93.91249966621399
1.6489986116266815,1.3579454131061963,7.783500339001641,95.23047757148743
-0.01257111654473686,-0.0031964952744765185,0.0034877550883615216,96.47441864013672
-0.6715722531183896,-2.9712366044469545,10.768616233362046,97.78596782684326
0.005102613275035139,-0.012510487654933122,0.003784286616964172,99.13926148414612
-0.11955169506875407,0.008704866432220904,0.2849697886993846,100.44047951698303
-0.11977504151442808,0.008806961959396453,0.2860187804334401,101.87629342079163
-0.11992689029849757,0.008935244562479738,0.28675482913201555,103.16480350494385
-3.9111980074353854,1.6957937276813144,19.658890347026468,104.64904022216797
-0.11698491292055646,0.009053095843913894,0.27357944206278295,106.18289685249329
-0.35726133722625963,-1.4135058079964482,5.605631120599066,107.49735617637634
-0.11859334421697287,0.009051860793179323,0.28077294163356425,108.89106106758118
-1.465540631680816,-1.6655815778952392,8.404516207781949,110.30987787246704
0.7954904208026186,2.3620357767575273,8.577296526071668,111.68804335594177
-0.11553580997559365,0.0094107568463766,0.2673042722202841,113.17436027526855
-0.11667269124605184,0.00945667968241004,0.2723471839748559,114.73531198501587
0.1278958089013189,0.8984386729010305,1.326212756531827,116.23594164848328
-0.11758623248779809,0.009656546147227552,0.2764935271753657,117.69960927963257
-2.5044554994448522,-3.2972710509060894,20.436566989958465,119.16554522514343
-0.12078529257180826,0.009349533577801772,0.29081936623375493,120.6911838054657
-0.12113022918720961,0.00943527366443142,0.29242929576277166,122.40982937812805
-0.12120647918169603,0.009524383627519839,0.292813309545509,123.965167760849
-2.9524040306481765,3.1477159857659656,19.06985551266797,125.61282467842102
0.0021869474590827664,0.012506513642015271,0.003341479776372225,127.09042739868164
2.3690506161321627,-3.0689631459819307,16.803540479591554,128.7610547542572
-0.11084639736016655,0.010463753461953829,0.2474443875526734,130.50210547447205
-0.10990792308161978,0.010651497854738956,0.24354998366364622,132.23536157608032
-0.11231024016099234,0.010604869115621085,0.25376540822450677,133.83160209655762
-2.277565063089243,-0.16545930165697786,6.880455895603503,135.69314861297607
0.0017658911327798066,-0.016377079859386967,0.0056224392580904725,137.34201574325562
4.039360836453024,3.4668737223793853,30.344492551532092,138.96210145950317
-0.793166510871754,-5.12,27.846634377784437,140.6192924976349
