1.2881368922817487,1.0148218400818276,3.9308279625000164,0.32160043716430664
-0.08021679908208412,0.18267146316328287,0.7536217370535891,0.587578296661377
-0.067370892278384,0.16162102929938538,0.591723914995653,0.8922483921051025
-0.06252203602854411,0.1584006698327025,0.5608890834514514,1.1222200393676758
0.22608084591854638,0.23153055439681935,1.839208922828735,1.459033489227295
-0.12493791281686217,0.12479322848103269,0.6157754126453053,1.7502813339233398
-0.13427598295110243,0.12714403330747803,0.6719610595167693,2.055842876434326
-0.13299831799751338,0.12609089358253378,0.6606505542220417,2.41121244430542
-0.13595216542208544,0.12636001736710334,0.6765987862218176,2.712653636932373
-1.5259174884070053,0.5105660618221668,6.573669104608468,3.0660083293914795
0.2615876771808008,-0.08243988194755225,1.2791490588928642,3.3784966468811035
0.22801562791100682,-0.036055821291423484,0.9411499621134013,3.7078545093536377
0.20256153966703216,-0.016025451337914554,0.752682306145869,4.09339714050293
0.18393566925383453,-0.004771156524898679,0.6310280576640513,4.468111991882324
0.17129514901185683,0.0008034759003558989,0.554748701976306,4.802554607391357
0.1627411390473199,0.0028747379073088553,0.5054499529750359,5.102076292037964
0.15674580357627654,0.002144767539927983,0.4716873206355944,5.474332332611084
0.15244164831020424,-0.001397398626048485,0.4479737785338802,5.7940263748168945
5.12,5.12,52.970862745157184,6.186879873275757
0.16760324310664032,-0.008006605447117288,0.5345249955772559,6.441844463348389
2.062939043550534,-1.0115984118109411,5.3588826987730185,6.769785404205322
0.22112933118646527,-0.2280061846623873,1.7827266547934641,7.123250961303711
0.28272236495173164,-0.10785575352154453,1.5166891517184933,7.3551201820373535
-5.12,-5.12,52.970862745157184,7.656517505645752
0.6712328038680111,-5.12,28.410936324410716,8.02541470527649
0.3079161538344115,-0.032755845144598617,1.4729093479431086,8.34165072441101
0.22415641781870743,0.16786704236212113,1.423303954970835,8.60835599899292
-1.990954604076435,-1.2147256466104546,6.221248028732106,9.025495767593384
-0.21299622928136053,-0.06938197714753969,0.9132951788711725,9.327390670776367
-0.19868816799114875,-0.03718867153440186,0.7511897988024178,9.692569732666016
-0.034355289653072774,0.2911052265025944,1.3645401344924368,10.038575410842896
-0.2009993897378477,-0.10659153878599703,0.9647370090020203,10.397676706314087
-0.18426841339258804,-0.08165008364521587,0.7679943112363493,10.710476636886597
2.048714036550308,0.19868078762392916,4.9662915149425295,11.070675373077393
-0.19184096479479784,-0.07050325947738223,0.7809521525834898,11.38021469116211
-0.19258365950299794,-0.05938178789311621,0.7564321927119041,11.697500467300415
1.0706760686379244,-2.2708200406095957,7.5304040447803295,11.997275829315186
2.4086385508648416,2.074925079379425,12.055347116988997,12.375388622283936
-0.16697380998628208,-0.05218248907933187,0.5855458000218113,12.874262809753418
-0.18242848345867113,-0.05253565662388571,0.678103523611924,13.24530839920044
-0.18981950695910577,-0.0469004813942524,0.7121585042519962,13.544742345809937
-2.088440952874127,1.8887194327000234,8.31395091724509,13.903277397155762
-0.13823754845806402,-0.007247746007097433,0.3742816182601766,14.316820859909058
-0.14879539960481658,-0.014644024980167814,0.4326929689184531,14.668825387954712
-0.15729868034034666,-0.01996581131725428,0.4829202914949924,15.10435175895691
-0.16363242570038228,-0.02325809207120244,0.5215565757869932,15.515164613723755
-2.8095248278133296,0.2852312102000063,9.829000381828036,15.911769390106201
-0.12121076283583054,-0.035264809382622,0.3166432735550998,16.372616291046143
-0.7597932777526673,1.7252330207857982,5.6472088559243945,16.95782208442688
-0.125904511151135,-0.015325958421707142,0.3176429470503894,17.32832407951355
1.1294568205819129,-1.1715248939539178,3.4877766490744966,17.77148723602295
-0.12698134422750407,-0.01784287059046985,0.324471048860149,18.22885513305664
-5.12,5.12,52.970862745157184,18.798633098602295
-0.13390874922800577,-0.017882447698254644,0.35811749956516414,19.26154589653015
-0.13590243417703984,-0.022981119014279017,0.3723564007546949,19.779099225997925
-0.13679379157952454,-0.028413612169661207,0.38259796847067673,20.25373148918152
-0.1366746221320776,-0.034062173201285795,0.38927219037698213,20.803475856781006
-0.13561532462371328,-0.039785523765651476,0.39265013795947523,21.281442880630493
-1.0385745908960091,-1.155918399099992,2.8867115456276244,21.860750675201416
-0.1905990128189723,-0.04998659352278967,0.723121554222453,22.36543893814087
-0.1801341148702953,-0.0452171322846473,0.6495640477737895,22.877936840057373
-0.1731519154898562,-0.042106944829177095,0.6022425319214578,23.45853590965271
-0.16752650983603523,-0.040393199847549965,0.5664169595425768,23.980907440185547
-0.1623463104037235,-0.04001213557738126,0.5360714181503611,24.535959243774414
1.0036207392974514,1.9384972639537974,4.839025723636154,25.123363971710205
-0.14598786076473136,-0.05379111619133603,0.4727885491655791,25.726991891860962
1.4944490395951027,-0.4053756548631826,6.225504147437294,26.340909242630005
3.308149883340765,-1.3343818567174104,15.587416751400728,27.10940647125244
2.094569421793219,-2.0440994879611716,8.775108710859831,27.840994358062744
0.22057342978082684,-1.6156740894909905,5.222517852884408,28.550777673721313
2.0749730892857396,1.0733138803075963,5.6706666325268404,29.36241388320923
-2.3755227223994333,-2.3125322819404603,14.083209935437061,30.197808027267456
0.004112108468627085,-0.004495541612754117,0.000769780454020319,30.926185369491577
0.0030601031303163495,-0.0024665185760932573,0.0003203700601686066,31.832301378250122
0.0026045291638876478,-0.0016978818940467377,0.0002004694434263321,32.555224657058716
-0.5393935101408251,-1.3061724845368827,5.312215799598821,33.403613567352295
-1.504267268306926,-0.5257221398137508,6.525812741621356,34.22326707839966
-0.0908361605061625,-3.036789975462861,9.415441687134228,35.070127964019775
-1.4544960406180336,-1.8369447264555077,7.929809490238153,35.81826424598694
-3.400423973031561,1.8630704416610397,17.1923252798159,36.56083607673645
0.20891735155695645,1.5964932663393885,5.158934876161676,37.278225898742676
1.2587617647326734,0.3065170909084056,4.08114891990281,37.93485689163208
0.0013460425935427622,0.0102372847494685,0.0022103731014699868,38.64654803276062
0.0011033888425586724,0.008817833422804178,0.001637416944324399,39.38446545600891
0.0010067972648144519,0.007946361016299974,0.0013303332838040527,40.287307262420654
0.0008217928653300177,0.007102661711741121,0.0010600883301239428,41.10240578651428
0.0008220578472002416,0.0065008477839407774,0.000890359276956576,41.949984312057495
0.0007567834306527743,0.0059108767228028825,0.0007363945873062328,42.852773666381836
0.0006709260987607379,0.0052168629030253655,0.0005737186992087473,43.657005310058594
0.0007014069220225849,0.005234799023468462,0.0005784733686655663,44.392733335494995
0.000516343721340462,0.005768610625352721,0.0006955933108236945,45.19882416725159
0.00105182124590808,-0.006007358287869025,0.000771303616088459,45.938820362091064
0.0005724910201285738,0.012650826438973972,0.00332430787356075,46.69056153297424
0.0009271806280670702,-0.007538453011880719,0.001196192434926524,47.49339056015015
0.000452568841167178,0.012837155044715054,0.0034201517184011543,48.28213119506836
0.0004355031507339291,0.011299852074821537,0.002650995110719201,49.00761651992798
0.0010488421556296146,-0.009888964076441908,0.002050314181019086,49.81749510765076
0.0009168874424405615,-0.006805443145249335,0.0009778126459537573,50.68461275100708
0.00022597376602107033,0.013172121272779336,0.0035974563827165795,51.59020137786865
0.0003852512588515822,0.01228937852206613,0.0031338154529859663,52.36055827140808
-2.052016613364462,1.1118050829809718,5.736583537582831,53.16482138633728
0.0010578193903043598,-0.009342013287351847,0.0018326895276309374,54.03336215019226
0.0008786879839295381,-0.008320725215355651,0.0014515693879221248,54.91330575942993
0.00042979069799820024,0.012410083787783854,0.003196340224002392,55.83462047576904
0.0008615758773364846,-0.008183429347244697,0.001403977769029674,56.70360708236694
0.00055921245639734,0.012449151109179546,0.003219116908431241,57.68394613265991
0.0012176205412064434,-0.00683681318785645,0.0009999983317292571,58.60817861557007
0.00025752050338123667,0.011401115056465905,0.0026960731764518187,59.51560354232788
0.000839156253122475,-0.008629031303162726,0.0015584894071587474,60.429285287857056
0.00026955410632556465,0.011792098365633663,0.002884112777096437,61.40928864479065
0.0008133325080850184,-0.008650806428772029,0.0015654043052012456,62.36240196228027
0.0002651701200280243,0.01166588784981748,0.002822715620448113,63.31534790992737
0.0023972978579891446,-0.007554324680487667,0.001302516844772339,64.31437563896179
0.00018661276784914804,0.0113467023410605,0.0026697704579763393,65.32323694229126
0.0007020211909107843,-0.008029475789587792,0.0013470593104920603,66.29140377044678
-0.0008296768944147104,0.010511190260249492,0.002304857478756306,67.2398157119751
0.0007099946717827876,-0.008212075842966904,0.0014087738458740118,68.32638239860535
0.00014220390695562912,0.010763097301901503,0.002402066410225334,69.30977320671082
0.0006796256362564534,-0.007828292923714564,0.0012802791011837789,70.35359263420105
0.00017256356768857728,0.011000705116707366,0.0025094326996499827,71.43807530403137
0.0007829609742309174,-0.007992066356262484,0.0013371268418493898,72.47263813018799
0.0006905081991899209,0.009761817097039938,0.001985601785973179,73.51278734207153
0.0006508945248109299,-0.007572154968201517,0.0011977079845206795,74.57744455337524
4.412264796194165e-05,0.01022114451158096,0.00216599407409912,75.7191972732544
0.001045551865308525,-0.0070059057189295615,0.001040451821319066,76.83758521080017
9.076478552749734e-05,0.01072366137694658,0.0023842572043731858,77.98117899894714
0.0007257882990474585,-0.008048713313830724,0.0013541752270993523,79.13082933425903
0.0003739849404542639,0.010402291846922651,0.002246282001700517,80.26021218299866
0.000648929956756028,-0.007143760997506909,0.0010669550657700366,81.53223943710327
-0.0003323446455674173,0.009667770072927517,0.0019401297647306803,82.63193726539612
0.0005160590132895493,-0.006787283660075971,0.0009607830757840663,83.76742434501648
-9.863383543873283e-05,0.01005308222846324,0.0020955355456936386,84.96385741233826
0.0005418454392609462,-0.006700499364821866,0.0009370799261438911,86.12637662887573
4.4721712441742056e-05,0.010205050693834039,0.0021591819170749815,87.32061505317688
-4.919171393247268e-05,0.009714268548404625,0.001956569158677257,88.54403018951416
-0.0001228145222613719,0.00910196481140435,0.0017180227462391118,89.74883270263672
0.00102854640734229,-0.006520069416165342,0.0009034735784513304,90.95174670219421
0.000691213892414666,-0.006987406482540592,0.0010223219105005565,92.31553268432617
-0.0004627736028552931,0.008539303890245264,0.0015163933363779858,93.6157648563385
0.0007942110464140839,-0.007010560027990387,0.001032214453942859,95.00596404075623
-0.0007519813457612656,0.009031223052891058,0.0017028474152176454,96.25491333007812
0.0006052820747832754,-0.006220505164543866,0.0008099980543542218,97.57217264175415
3.0129820435931265e-05,0.00843284748158446,0.0014745160832360105,98.80590844154358
0.0006755817786370244,-0.007178284307067351,0.0010779382642617241,100.02259874343872
-0.0004997724400297443,0.007623563779077358,0.0012102971119368755,101.34781694412231
-0.00020644454041729432,-0.006942935705356312,0.0010004532125340582,102.60159277915955
0.0007407690151390867,0.008810021386634226,0.001620693531581785,103.86079359054565
0.0017150084539458987,0.007924507739306641,0.001363119808998281,105.12805557250977
0.0009517121709459175,-0.0078002160403967125,0.001280387590184895,106.5143654346466
0.0004666235465764501,-0.006041117184702571,0.0007613086466018437,107.80678296089172
-0.0013446173929967387,0.008182436587709674,0.0014257421972625473,109.07244825363159
0.00048599623811362846,-0.006105219155240427,0.0007778352874520111,110.45173835754395
0.0005673913785155804,0.008818934791409383,0.0016192470223551636,111.79935455322266
0.00010398354444873803,0.0036632826167171118,0.0002785252560403295,113.16282153129578
-0.000369589349865862,0.008632969255438994,0.001548127264543564,114.58820819854736
-0.0015582520794570343,0.004271735118017261,0.00042877918883910127,116.048659324646
0.001297567015451584,-0.007582261148808556,0.0012270146925547065,117.44951391220093
0.00015454929141434093,-0.00654802149503908,0.0008896024474414066,119.04319858551025
0.000625264775080403,0.0011837368227256562,3.71684424709251e-05,120.52964115142822
-0.0010520907787050504,0.008646918187987573,0.0015732469729686782,122.04830813407898
-0.00038604992877733224,-0.004774205771430395,0.00047576675198790497,123.62603545188904
0.0008054568095996473,0.007512415893622837,0.0011836940641056781,125.10354542732239
-0.0031224435204277867,-0.003380046654895885,0.00043912500962939305,126.66231894493103
8.731495106495402e-06,-0.006642901698334924,0.0009150579036369955,128.21652221679688
0.0002772233542405189,0.008748134988393552,0.0015883824314870676,129.85946369171143
0.0016658275716734394,-0.002761607618098516,0.000215713734999734,131.4828622341156
-0.0005365508008630115,0.007241611972505169,0.0010933756504354353,133.05136513710022
0.002492139738807353,0.006528706384820282,0.0010126739601703516,134.63026547431946
-0.00017029531778689488,-0.006858850275632378,0.0009761094905429424,136.19070267677307
0.000998042523933762,-0.006752983587055894,0.0009662887183812252,137.95032620429993
-7.143883676441476e-05,0.007404478308776774,0.0011369647172978503,139.54360175132751
-0.0014957326013522732,0.007633548189094341,0.0012546729172370208,141.25581002235413
0.0006527687323147902,-0.00564182696779536,0.0006689047224632816,142.90589690208435
0.00040332671386078545,0.008552216014789948,0.0015199003367575292,144.46062231063843
0.0005662875441521109,1.3937121196683222e-05,6.654704076902718e-06,146.19432997703552
-0.0007395557998961522,-0.005196794812002636,0.0005713928777780763,147.8127658367157
-0.00018874060915941016,0.007773677488950526,0.0012537733343623847,149.66591262817383
-0.000584956663641556,0.006740242238317151,0.0009491625963293782,151.38262343406677
0.0024874273814337045,-0.0003612253987776981,0.00013102324587155323,153.2178249359131
0.0025972919809680306,-0.0062813559454699686,0.000958075570444139,154.91830682754517
-0.0003182252559881249,0.008520520522449893,0.0015074093817816214,156.78868579864502
