-1.4074143692034324,-2.5977234778644434,1.6083703176517865,-4.459567272490383,105.18114260905709,0.0006844997406005859
0.4253816635810992,-2.1567465488865554,-3.8708341341764423,0.931441326418537,48.10459711909049,0.0014538764953613281
0.7929181386545947,1.197285164368485,4.256403638006051,4.127663140239801,64.75126192532689,0.002137899398803711
1.9499580878479756,0.10320989138485359,-4.999798931806874,-0.3986143720875015,49.528832892941544,0.0027472972869873047
0.9689769730493563,2.961657417854757,3.3932904257561605,1.5024165652143564,61.79428427011701,0.0033850669860839844
-0.7747911786828441,-4.197787399643215,-2.247389043462669,0.5160055344639796,68.5507021777276,0.004010915756225586
4.339924731439592,1.976184475017118,-4.1272393963164316,5.0469326528033305,84.17267965867711,0.0046274662017822266
-0.9637556187487064,0.4813614011555174,-2.7985737537428754,1.6989533958731924,52.21650756321471,0.005280017852783203
-1.5196913719518323,3.3428960194420023,-4.381916697876068,0.9999188853516374,86.49161117058718,0.0059397220611572266
-1.5513568566195857,-3.501369896758856,-4.096714816103924,2.0668693314223656,77.86479193061031,0.0065822601318359375
1.4555244661187023,1.4353412384159254,2.1887825665103406,-0.6620294802862139,69.70383752892866,0.0072057247161865234
1.7655995661697732,-2.332328597217483,0.7887243372805566,-2.042337257555534,45.25952102598323,0.007798671722412109
0.3414790837837618,-4.533939302320851,4.6691057540391965,-4.303097176272267,124.34174594207656,0.008429288864135742
1.8055108133917699,-0.41618879205557757,2.3505614189362554,3.3606855175093946,77.79379351881218,0.009076833724975586
-2.6948899694942856,1.131524862021947,-4.110723013079998,-0.294892330000712,57.253671182249796,0.00979161262512207
-0.46791591248531095,2.146694911632559,3.007930112655033,-2.47890468901463,63.69747033124339,0.010450124740600586
-4.5311844696445265,4.023940643057663,-2.7827354001749707,-4.927077235831189,97.65410358926049,0.01107931137084961
4.165010229644104,3.238724858148987,-1.9872043659818321,-1.2623287550895377,58.38756277110828,0.011707305908203125
-0.17168601241585346,-3.56141409326861,-1.7102374000895355,-4.229733586602794,79.27146925481924,0.012311935424804688
3.5298824774352626,-3.1253833656688275,-4.351161017242271,4.851488529057847,107.45132645507645,0.01297616958618164
-1.6160210903270973,4.233538207618435,1.9087096756626387,0.6478590946382594,68.60989424694398,0.013707399368286133
3.9720433997358606,4.171728837254869,-3.8307605533374653,-1.9949857956905404,62.41256494594616,0.014307975769042969
1.0136876322868327,3.529289635941013,3.688496832237422,-2.1982917011579395,72.36586250731379,0.014997243881225586
4.585064474370866,-4.804947595792002,-1.3911008084206293,-3.8630956513417978,107.4162254342967,0.015636920928955078
-0.8335258920460475,2.54799221553447,-2.4510834748949533,-0.10628152527805756,59.42389083541977,0.01624321937561035
-4.70781275556018,-4.169182901276723,5.053240902875104,4.174208641993228,106.23233303083605,0.01692342758178711
-2.107296969815487,5.022190565942295,1.6841835448472402,-2.4561602947699006,74.45859270165361,0.017594575881958008
0.3994898423503974,-3.478350084785462,-0.9540277420007559,-4.709045129843007,86.28194564163624,0.018231630325317383
-4.052904442167136,2.0251640322548505,4.711475128682568,0.7271744270982881,67.7525284938702,0.018884897232055664
0.8627075852073043,0.3466565506919457,2.9196423678730605,-0.5422409664528862,49.782629538522336,0.01947808265686035
-4.626304432970184,-1.0709220999805362,-0.37077491089698356,-4.315099906016009,90.15467602309002,0.02032780647277832
3.573473455305403,-2.123112256681256,-2.696394613637106,4.291515310365209,90.64753436094554,0.021056413650512695
