-0.6733235562854869,2.4024142761007976,3.162310618956046,4.870054968312782,80.6713904726277,0.22338271141052246
5.12,5.12,1.586239852430955,-5.12,107.85780207825789,0.44928979873657227
4.359727825973629,5.051241873316962,1.836395488329969,1.3726586630914817,88.45429696282717,0.8927712440490723
-1.4907064031995203,-4.041987226207873,3.377345570140206,-1.5310291198958872,89.62436773577713,1.1641223430633545
4.490378443782297,-1.4908976552957762,2.0010210838661147,4.45291245028359,105.74989507731698,1.448904275894165
4.662698277854983,-0.8167288082123365,3.7205049385101043,0.09999774010883389,71.15577005479443,1.6991498470306396
-0.520381296184512,-3.47831308973653,2.0918519969000986,-0.8615065214699191,62.485672480787265,2.0461299419403076
2.108388291965971,-4.478435382282825,1.89010171911446,-0.9071695849766597,54.98032404989361,2.4172885417938232
5.0716124059193985,-5.12,1.6100644694079946,-0.9027749365736915,78.55973699173131,2.9687483310699463
-4.33328733934163,-1.366803423998559,2.3324191439755237,-0.6280048446556199,90.06177311455652,3.2619142532348633
0.8157237907699368,-5.12,5.12,-0.46980135058677686,84.5428975909175,3.543147563934326
0.6168428576628937,-4.071831739041185,0.34842020816651864,-1.0494139344378945,52.883722953254775,3.9335434436798096
0.5975811420231025,2.882077203435826,0.16284997133819346,-0.764190497088209,43.97747941333534,4.2116076946258545
0.45218686026735,5.12,0.007206396453234731,-0.4998085174649374,68.94141553979334,4.5571448802948
0.6264238624635929,-5.12,0.4118897864219635,-2.739077121201648,83.18891445264454,4.826359987258911
1.1964232826076726,-5.12,0.8586104650277626,0.13898805122953561,45.07973919026515,5.228512525558472
1.0432758724906153,-5.12,0.7260408622119652,0.32063000005519005,56.8037749938299,5.654057264328003
0.9080346293515218,-5.12,0.616827741667489,0.26643013279284755,60.279408487538745,6.0514976978302
1.348853162428787,-5.12,0.7770346952262503,-0.11143754057562116,57.841996437661905,6.428295850753784
-0.08392665017798961,-5.12,0.04085649386998824,0.43582665426187184,50.00755939449904,6.788148880004883
-5.12,-5.12,-5.12,5.12,115.69885490314357,7.391752004623413
-0.23889036371641925,-5.12,-0.11897708457745093,0.46605654890598647,60.95557578789631,7.773595333099365
0.24243083197000104,5.12,0.08054693104459965,0.19928724776981444,46.67509378738693,8.097939252853394
0.0028850579660852915,5.12,-0.026078230394062096,0.32826375861357526,43.890397920315266,8.4278085231781
-0.24322872457387668,5.12,-0.1257357398645711,0.47841535006712466,61.67311337331917,8.755077600479126
1.0704728374728303,5.12,0.20151444140590868,-0.1553177462561699,42.49593272575777,9.137218713760376
1.22771658664976,5.12,0.08236438357060472,-0.22018551330529235,48.538833050635844,9.510623693466187
1.2677666477016487,5.12,0.047591426151582183,-0.2355244684779345,51.23916660373031,9.886887311935425
1.2539244837641066,5.12,0.05960186093132691,-0.22518667781709034,49.93815599422638,10.2894287109375
1.266174783589464,5.12,0.0534933306743719,-0.2264003887357413,50.67874170578887,10.679089069366455
-0.45034489295469715,-1.3164155761962997,2.074799442197791,-1.9169362944627149,45.90089482119852,11.05200982093811
1.130169739390901,0.7522485762122901,-1.6485129401137355,0.01672696668765905,33.59042899946584,11.438778638839722
1.0638241893198108,3.6134361860828976,-4.259554471440398,-0.22555000121633562,69.81217157712678,11.811380624771118
1.3936466873244147,0.7083353321290762,-1.6754286363812265,0.23368340090355932,59.23536187184787,12.381645441055298
-0.7342706562879009,-0.8316988649878683,0.34239857757126835,-2.0774158121380255,38.38443597226593,12.825265407562256
0.1556174886079349,5.12,-0.44220576892815,-0.8870202457452967,56.10602019920303,13.180715322494507
0.2732746344365129,5.12,-0.3759227914545882,-0.842013111539825,62.954192215256676,13.597646474838257
0.6450379598095788,-5.12,-0.23043773613203733,-0.7748913847007284,63.33788713915581,14.033040761947632
0.1240207054332867,5.12,-0.16366560835951116,-0.3670428257900795,53.53360956779525,14.484652996063232
1.0605283615311532,5.12,0.028366623268647473,-0.6997109630388403,44.520192812347034,15.125383615493774
1.1458151383925488,5.12,0.009955454982206291,-0.7488938902341706,44.79908173033475,15.842007637023926
1.2151292703429108,5.12,-0.00877953585499025,-0.7880408961455707,46.49655798779874,16.484938621520996
1.2575267139400692,5.12,-0.02083178386845841,-0.8076697621837168,48.172407059556946,17.15268588066101
1.1509105979238061,-5.12,1.4234422640985178,0.2672330440455184,66.46131548294463,17.872496843338013
0.7321085999854464,4.065050169150289,-1.2099067993521908,0.08112286984611039,39.25513025641318,18.58166003227234
0.08237722144148751,5.12,2.745042803239909,-0.1841585667346708,54.1020151006051,19.41007924079895
1.8449120215225063,5.12,1.0499247302397574,0.050662358283434905,38.8074138018344,20.05796527862549
1.3617282405862605,5.12,0.011945718502828662,-0.8095575334557727,54.26484704063877,20.728658199310303
1.1178629555687705,4.506980782404551,3.9548092031868647,0.022758144802033975,60.31544237069668,21.19405436515808
1.269774595564927,5.12,0.19035505692363053,-0.7298413971666271,59.94794927806471,21.74761438369751
1.014188858100586,5.12,0.07154573673340803,-0.561534266013525,50.56879946368749,22.325082063674927
0.38972940493550734,5.12,-0.05631192362573856,-0.29913436522778714,60.521370035219725,22.796788692474365
1.3720204485609768,5.12,0.016997473959662557,-0.5986902974534125,66.29857140109993,23.40122151374817
0.12304263028464035,5.12,-0.18203650172172647,-0.0689786102521639,38.60317690141675,24.01506996154785
-0.0349007242310968,5.12,-0.24092523658052745,-0.0056809754231146314,38.659977156740865,24.52567982673645
-0.18295253399362021,5.12,-0.2294845457326833,0.044373974847931485,44.02431126708448,25.1088764667511
-4.801911160669105,-5.12,-2.4475264233959617,-2.024408962220883,88.4462994056332,25.677336931228638
-0.2937713786453999,5.12,-0.25608510432173226,0.009052013033373107,52.19078914429912,26.29640817642212
-0.24540554158927552,5.12,-0.24537692770366792,-0.010887682585721592,48.48958244579018,27.00579595565796
-0.25489339004052436,5.12,-0.23963608311060725,-0.012016373478316744,48.732431094515036,27.590859174728394
-0.2595538075584116,5.12,-0.234435324229894,-0.014898682580936295,48.71457076444824,28.18135356903076
-0.26346996453110805,5.12,-0.23001507080078376,-0.018295016279544107,48.706307642206355,28.6947922706604
-0.26673795912284337,5.12,-0.2261935509401951,-0.0224464167208831,48.70632763422233,29.199461221694946
-0.2693922384914025,5.12,-0.2229695558466931,-0.027598412711309805,48.722952539335616,29.862783193588257
-0.2714938947500265,5.12,-0.22011271631179863,-0.034477779478058856,48.76133201838758,30.570671558380127
-0.2730937732753178,5.12,-0.21757535515219573,-0.04456949173251079,48.86087279713708,31.299513816833496
-0.27457860808755363,5.12,-0.21473904198609173,-0.06473187929450752,49.20694368643379,32.09295988082886
5.12,5.12,-5.12,-3.643231664830803,116.2637609258763,32.80164909362793
-0.11032700664769113,5.12,-0.2896718360652013,-0.36271118337943165,60.431822428023736,33.55034852027893
0.5733217121889007,0.4825817731065669,0.28940623191155357,0.09326305724419637,53.670742258782845,34.343233585357666
0.1081229820523717,5.12,-0.26733478272953803,0.10717021732037324,44.50936867638875,35.2454469203949
0.09052224307953871,5.12,-0.26045258789717796,0.2047300667332843,48.46709590337789,36.10323524475098
0.09395923694970865,5.12,-0.2580151759199536,0.2188012324854931,49.296252441376566,36.897047996520996
-0.0022825717404657553,5.12,-0.26508989547423845,-0.4994976388780117,60.192174300896056,37.81926488876343
0.6996290567518137,2.8882138137552493,-1.8118288541884833,-0.3358062107095403,49.0520754662873,38.60464692115784
0.2565823613155196,-5.12,-0.4540911303397346,0.07119089181490867,60.18596931778853,39.414841651916504
5.12,5.12,-1.0997702097291455,-0.005960957684624013,60.96732257604421,40.174598693847656
1.3320339159842787,5.12,-0.0495225950289484,-0.15627653494501992,50.58092288701481,41.0478458404541
1.3083306885910417,5.12,-0.05052864214859465,-0.14999998462119013,48.866918565233526,41.89308428764343
1.3068906689218673,5.12,-0.048608830602565156,-0.14584418686293965,48.53093321666267,42.785499572753906
5.12,5.12,5.12,2.825248928487392,100.20233733590713,43.61764073371887
1.3011981401785588,5.12,-0.0379648015295615,-0.18549341089632243,50.15551015678206,44.387593507766724
1.28215381514545,5.12,-0.03932616450295434,-0.17353720496056013,48.28898401546311,45.19958019256592
1.2866263201511972,5.12,-0.03743744376404301,-0.16676182677298623,48.17093556082322,46.22019910812378
-5.12,5.12,5.12,0.6440727870444896,103.36397044907685,47.193687200546265
1.2872535130846412,5.12,0.0004473685944894612,-0.267442783667045,54.06646195211092,48.16930294036865
1.2101466273910901,5.12,-0.013647592206698533,-0.17888677488336313,43.659146749594534,49.076324462890625
1.2673195147314518,5.12,-1.6343714674960097e-05,-0.19753355010746176,48.418722955091496,50.01778817176819
1.266757262732467,5.12,-0.0002569414107496115,-0.1785860506153929,47.274229736536434,50.948766469955444
1.2780686713328882,5.12,0.001269869120082312,-0.16177398528980724,47.075316661296036,51.87349319458008
1.2868519472677606,5.12,0.001971833671700729,-0.13328048942980342,46.20030466182642,52.83296489715576
-5.12,5.12,-5.12,-3.39331979800216,116.12516671869702,53.782180309295654
1.3080189471797663,5.12,0.0065899248305880676,-0.14785373157033632,48.244919497147066,54.76012301445007
1.272376978810418,5.12,0.001892948991140564,-0.04633396549832902,42.36865794160839,55.70789885520935
1.287966562101694,5.12,0.005942655484456161,0.03595293588644388,43.20888669693745,56.68606638908386
-5.12,-5.12,5.12,-5.12,115.69885490314357,57.65403938293457
1.3057174104263742,5.12,0.1560705847184911,-0.4820063569223523,68.68714206073368,58.70655655860901
0.8020788865070134,5.12,-0.015374699269014691,0.3464418297223766,52.21632572592222,59.57477879524231
0.8234545732212055,5.12,-0.015485231870908223,0.2947215226432274,48.057118035913945,60.775699615478516
0.8200916214226117,5.12,-0.018744499787911373,0.3068405859603329,48.994000943898314,61.856587648391724
0.8220614088881613,5.12,-0.02196675683787319,0.30522430411341794,48.815249698936825,62.87456130981445
0.822738198806463,5.12,-0.025813120997413286,0.30657662128566354,48.89509506065875,64.0990195274353
0.8237616891518709,5.12,-0.030049766999341365,0.306993430641171,48.91067233671142,65.18276262283325
0.8657418380451523,0.6102013757484164,0.2013547546304082,0.03330801866162947,29.421648745259677,66.35747337341309
0.8861288433653325,0.5461856590244496,0.2383379478186498,0.06562664997272538,33.284783928095706,67.24332475662231
0.8984279354733777,0.5247395398125612,0.25687715580620285,0.07740659369064229,34.59378392347176,68.22410941123962
0.9075825809090672,0.5151929573424958,0.2680166798853172,0.08075478342369724,35.15051809525356,69.30788397789001
0.915351554292041,0.5104968746239562,0.2755239848364832,0.0799998591629354,35.374186601257456,70.5160870552063
-0.3043172243631149,-5.12,-4.483158759410973,-1.9672720158990011,86.48793187902078,72.17174696922302
2.5995089616090583,-5.018558558597431,1.3721443112467515,0.27282237945798204,80.44888850391047,73.43292164802551
-0.5647282549160533,-2.2067044189463734,-0.3874361213237334,-1.6824737434362191,66.38478697727415,74.5094792842865
0.8276353403517813,0.6915724072582314,0.2922364710975671,0.2492666524034881,42.78986325972156,75.81435823440552
0.9469859128123286,1.1654846529153575,-0.5157778982169585,-0.24794734252899442,37.89005289123311,77.05067944526672
0.8374755943114129,0.70571651774865,0.29128542595737006,0.22142174981770957,39.635302773092036,78.3088448047638
1.2058130144071004,4.0348031710542225,-1.2298912798244608,-0.37473255329872046,52.68306696662925,79.58008766174316
-1.0676853220423475,-1.1706448794737856,0.8871249823730194,-2.040309754508802,16.299282163214997,80.83158302307129
0.5281376174599526,0.5716992266857108,0.42700971005432287,-0.24876627849302846,68.58557895825228,82.18531107902527
-1.3857350634859387,1.6058343131237942,0.7385480371270194,-2.330204692163675,71.42288878866037,83.53718662261963
-0.7734205797388185,-4.070116669580399,1.014671708988483,-1.7602287783311867,40.180802730919716,85.11339807510376
-1.0055069910087733,-2.179252403747008,1.1654082590461528,-2.2364390227082693,31.90641020234295,86.61108136177063
-1.3050384783508657,4.191181551387078,1.1284267657466982,-1.808504958291703,53.07976211649174,88.21484541893005
-0.7442624728336078,3.512094450106553,0.8451096920811505,-2.1546596102619735,57.312021332263726,89.96023178100586
-1.1550005964059555,-1.5229711411357236,1.0385682173209876,-1.5464561310914906,51.26803545676586,91.48530459403992
0.5394212120442408,0.5042028934850382,0.3273492438443677,-0.11765753320243366,57.63880049162019,92.98777508735657
1.1149414369113924,1.9338133791989698,0.16332247408585054,-0.008029357386102554,13.190112242863446,94.5832142829895
0.7543111553515951,0.608363268385248,0.3311001950635628,-0.15686835918848718,47.92739944201989,96.19651460647583
0.7188023857950441,2.176887199908924,-0.0998055929935342,0.06339424138024619,25.46874200656867,97.59965753555298
0.7207721968946386,0.653762778052462,0.2949008079517581,-0.09705477652953132,43.140769678938355,99.03505849838257
0.7220167925451628,0.6607711664329781,0.2885741865782645,-0.10884110098833233,42.76822028097095,100.57017707824707
0.7234532760207051,0.6673453164091123,0.28345368074915456,-0.11859352536731382,42.423045247404005,102.04422736167908
0.7253127703719144,0.6734833526971693,0.27932757466254987,-0.1269336376952115,42.0909874504811,103.90809392929077
-0.7324898347181259,-0.6483466068120132,1.0928761790185844,-2.325353557124462,50.832712939612016,105.46203589439392
0.7177419651466437,0.6885924487823374,0.26836545640986387,-0.09885978326855493,39.86672320189113,107.0237557888031
-1.4033041290122172,-1.6713495311109265,0.5754269230006432,-2.2698539201890737,73.34160962249832,108.84035038948059
1.6281543023877125,1.4534859692028705,0.3317211395287982,-0.0034899763520792604,56.29349103667944,110.5714008808136
0.5347171196833083,0.03240911707680638,-1.6450393454096814,-0.17282072821721428,44.45827708100248,112.21401047706604
-0.5456641100496675,-4.121196033011011,1.9680379648786195,-2.232871401211807,57.62089615313601,113.89174556732178
0.5009143625304411,0.7178599501331879,0.22414805089007928,0.12059486717646095,43.95533804635407,115.7070209980011
-1.0144845449420092,-1.297426686505192,0.42818840305769434,-1.8509749110544131,42.37125518032883,117.42160534858704
-0.6979461112126932,-1.7415126147337623,0.8813360693337202,-1.9317138232726165,35.33344565819965,119.23320889472961
0.4833190477345113,0.6285808820915246,0.24956730027958063,-0.07112760149142439,48.50631162632614,121.0076208114624
1.1573957445337326,0.6051835111736139,-1.7906162501410683,-0.6953394754793027,48.63731019819744,122.88471817970276
1.017971320175226,4.44253395470169,0.06341112237645596,-1.6970509504265259,57.12437265335045,124.67488384246826
0.9021785619112608,2.3493848480875776,0.4234190142827927,0.00893783811871085,43.06986393885946,126.36457657814026
0.40619052000264766,0.6370858127615247,0.23160090256483468,0.004904631254246006,44.302670606448814,128.16718363761902
0.46379858929019324,0.6428006116370275,0.24133093431494856,-0.04612064293103124,46.54128814175988,130.14048385620117
0.5471851866128636,0.6485656544415148,0.25410638483509373,-0.12096901859782783,49.32361432775061,131.98780870437622
0.039401805496569686,1.356005838348401,-0.43105152688894144,0.020272613002574325,37.66751310288922,133.85314059257507
0.9593563488332499,1.4269824892800873,0.007038838805572212,-0.025948047642023297,22.389983126821896,135.67339372634888
0.68615138057796,0.6815770769789093,0.24063968036004635,-0.15809753831828655,43.04456396169585,137.69464993476868
-0.9872649338843198,-1.465413090555768,1.4678590785072831,-2.3031642814824007,63.453508585294344,139.32171082496643
0.5588297289204522,0.7228421430979441,0.16392237797567777,0.03416622428839933,36.966481888662486,141.11935305595398
0.5314701421746824,0.7247897774241814,0.15826601496754655,0.06367839591863156,37.55927270305496,142.9220814704895
0.5074289314385547,0.7269482660109308,0.1527425905824309,0.08899893434216288,38.03523137146541,144.84541726112366
0.4879098533854549,0.7292623238365641,0.14775120108681072,0.10954883303049989,38.3594305266988,146.78325152397156
0.4721956659067068,0.7316250111500189,0.14333479003213245,0.12624061962518596,38.56734418178077,148.5972888469696
0.4592244214958292,0.7340982928216944,0.13933321205194638,0.14031245334738074,38.6943928529756,150.71725606918335
0.44793718235880764,0.7365860665371766,0.1355837852203967,0.15270623255967752,38.7714432376638,152.97993540763855
0.43774010902825733,0.7390957757231975,0.1319758424038726,0.1640354318052042,38.81442551414353,155.08422327041626
0.42799874383775194,0.7416317202611022,0.1283287317356674,0.17489161806624587,38.83221420762092,157.15117239952087
0.4182731973221845,0.7441894011865609,0.12460178261309363,0.18565711284064523,38.831765467606424,159.25389647483826
1.2970466831798113,2.2266503517971463,-0.33623254522839474,-0.14760786680641136,47.384604023171036,161.69878458976746
0.9900637928471507,1.855658244891142,0.06585756434859569,0.4736333830905286,29.217216646037386,164.2390217781067
-1.2750293961795656,-0.6973193539997649,0.8591210347945921,-1.7964763407305306,41.682992273713694,166.956627368927
0.4458887883752398,1.060251336236397,-1.641510822015111,0.0023882418724463506,40.45508730856285,169.69888758659363
-0.570382528909982,-2.7974655126273116,1.2045479243843138,-2.1708436421992214,52.82613103833404,172.30434346199036
0.16036333178301465,0.7299563944766883,0.04384101190809808,0.36026550549216196,33.37142380826099,174.7873570919037
0.09452489206818893,0.7219752008463534,0.024978934431192812,0.41958474074692376,33.04445194465111,177.28049683570862
0.029084743869048246,0.7121455601762161,0.005894945520573458,0.4786702300610379,33.17696165205702,179.49210405349731
-0.032136676118141416,0.7017710542183693,-0.012592598492354945,0.5344721780435746,33.76428441308295,181.85784220695496
-0.162625653478087,0.40420588800512824,-0.5147417768050175,0.009247033418064099,43.45328637280001,183.98360180854797
