2.2513185017110073,2.1706982541072755,4.324596318761553,-1.1116607106264116,61.901176135038654,0.4824366569519043
-0.9498083951927088,4.868835119346902,0.6728245627853076,3.3575295631872395,70.94975923292475,0.8765020370483398
3.33121832630811,-0.12205098271536752,-2.649206657011644,2.2176161860293817,64.62902018001223,1.1305902004241943
2.9260653374753636,4.830114719900769,-0.26506204452514126,0.9632065632116795,50.33678220254218,1.3813414573669434
3.4112295600766993,3.281009224145735,0.5402678071174556,0.30207447586067104,86.1006335809509,1.655883550643921
2.8842527638915074,-4.741732927183019,-5.12,0.27728248134872313,84.55959283206248,1.9878427982330322
3.5238942895559733,1.1811851742458428,0.48935714373747974,-1.9986352762279576,63.722277104234465,2.2898733615875244
-0.05879500477164523,4.774894257890403,3.959272647069141,-5.08181962922578,75.03886975700091,2.5761570930480957
1.8550743219421335,-1.7505257550368136,-2.103216386909773,3.156512766735138,41.21523264958516,2.871518135070801
0.4128290800336085,-1.728343933127657,-3.9083541185845423,-2.8579890241106933,61.83082298112861,3.25907564163208
5.12,-1.7949914065203663,3.526344312741114,2.155387069895011,80.70072853910067,3.658674955368042
-1.6229497285638406,-1.7949297382021938,-3.774689848815437,3.893276982443248,70.25769696688258,3.9983129501342773
3.0324957029512047,1.107489834561064,3.822028855617977,3.17243198287422,48.44194404316522,4.437111854553223
0.6412281570955987,1.127794857649345,1.6042489533499777,-0.11410685868454262,44.030791583987444,4.847069501876831
-1.1249306649738462,1.1321211508733784,3.4266645212567903,0.9972299250179333,40.420377152689206,5.190175771713257
-3.6925069068622713,1.1263134169269184,0.7829771846916183,4.912803102260493,65.58018499306061,5.514799356460571
2.5343755355703843,1.0879034919116046,1.8776615539608796,-3.1493628568932888,49.20670056120545,5.82938814163208
5.12,1.1005089901947693,-4.664406925178835,4.643225423142073,106.71998068774226,6.214636325836182
2.070939757258368,1.18756295281014,2.874548206504585,-0.3398791076723411,39.53237698368044,6.58305025100708
-0.6711237362203182,4.74674082498453,0.2750240054472508,0.420730935882597,78.54585195629275,6.898922443389893
0.5686690976117168,1.2059448399067358,2.389373081866638,4.116204974477188,71.00977649406671,7.248004913330078
1.900414406073378,5.12,5.12,5.12,92.28026889574286,7.700357437133789
5.12,1.1427796535667145,2.9833809456396354,-1.3414668681322643,60.1823768498478,8.057975053787231
-0.09656642467228949,1.1422693029783284,-1.4860294440130368,-1.5506065668959925,50.9081684038035,8.490745544433594
0.6997155129704913,1.1021595478855195,5.010521501409396,-0.007616139956962975,41.94052556682066,9.045768976211548
1.189429564828564,1.139466571095812,5.099617882124957,0.6640792699050033,56.08152015003674,9.528870582580566
2.7876745349824663,1.1300996742245317,-5.12,1.4304718613205498,69.89405228718222,9.99319314956665
-2.331237853177677,1.1177446972145502,3.195388599561473,-1.9257701507798637,45.806388207949745,10.469496726989746
-1.0728830447615207,1.053908781785923,2.9334627986745643,-0.1882033733774886,19.576226260575787,10.936338424682617
-0.8977137807946356,1.0163618076181082,2.6212271790742694,0.35452510600755893,44.225447763196975,11.43246841430664
-3.945525959187286,1.0510814598882563,2.6220707353333363,-0.30172297978112894,55.12189343191742,11.85551929473877
1.085189838308465,1.0482283132348895,2.6448949713071412,0.02528832098715572,27.38706194976112,12.325159549713135
0.6425491221697284,1.0383771757623785,3.6166517464919528,-1.0570448104466976,50.295506242395824,12.75519323348999
-0.2855151105720575,1.3705361868221546,2.6540440753951087,-0.27094855423894426,65.14309686903843,13.23354434967041
1.475968706760348,1.0466967441745938,1.9556303256312306,1.0287550072302132,29.019317241323474,13.83646559715271
2.530405582112947,1.0179831370377448,2.2828332170082293,1.3824447087773635,63.88589836854049,14.312626600265503
-0.4969948268974944,1.0802213785795187,1.3766994366551373,0.0668534945719319,42.57100643864049,14.780211448669434
4.9084395964305605,-1.6307164395178844,-5.12,2.3045850829254197,92.77292738018699,15.258705615997314
-0.0034451875827468115,1.0801017880124952,2.929822052549528,1.0185489388960765,13.0546239913481,15.725833415985107
-0.8472575644806319,1.0632367028724863,5.101899061834888,2.4963046536447697,61.12850716250112,16.193472862243652
0.5507906085027336,1.0923940409045096,2.861376923865861,0.6294078660525262,51.645581180487376,16.73581075668335
-0.3056404999933804,1.0832155313326464,2.3617097189166616,-0.3396510231926513,53.5174557545411,17.191187381744385
0.09261885309205553,4.930042928128654,-1.6296832453483372,-2.5974689234088357,71.3558092748105,17.68607759475708
-0.8490937591492314,1.0745591859649588,1.3847549332022027,0.5952160348226974,45.14725670123314,18.117215871810913
0.8136656834550227,-1.3815092914905085,1.8250274236548556,0.21439337089343002,42.647131313904595,18.71045756340027
0.7292047178823404,-0.93254005020267,1.2456985572311634,0.27479487990448437,36.49785030751164,19.156343460083008
0.698594443283997,-0.829828639059186,1.067691839732503,0.2813397149413879,33.60907419760111,19.691418409347534
0.6781122242282747,-0.7909571867303633,0.9535108113858302,0.2822557890506694,36.33044246652193,20.10067868232727
0.6468645933399104,-0.6691128746649273,0.8111765725506102,0.2854966403824939,50.97004498416614,20.614094495773315
0.6036774483353522,-0.37829368599339297,0.7352023944686232,0.2923854505797365,59.861840089297175,21.101502656936646
2.1689079554507273,-5.12,5.12,-5.12,96.60075208985371,21.56146764755249
0.452530205409138,0.13082226806904007,0.5448804609283577,0.4007182939180929,61.151782811769785,22.037363529205322
0.6992283525054113,-0.5902981757248407,5.12,0.2041075323461783,68.52950034261818,22.645877599716187
0.3468587624497923,0.44213078290375396,0.43973482303986167,0.3956951480407236,72.94885289624187,23.182241678237915
-1.1246984138598415,-1.2231922659156127,0.1859452084215505,3.76535024295086,43.33280940900931,23.695821285247803
1.4053903671802326,-5.12,2.715478455407176,5.12,97.63502448142053,24.268451690673828
-4.078722691250633,-1.0362065047122266,1.9521717749437553,-4.62373908583074,61.93086266549814,25.000921487808228
0.8119605151747074,-1.4026123738300909,-0.06017154505375366,-4.372842196743836,63.822790648393095,25.67510223388672
5.12,-1.167984921131635,-0.02939009674382831,4.584261297355755,75.1780931671122,26.24114203453064
-3.81903351214744,-1.2060029935706944,0.7729043561137985,1.3056278946855615,53.39971055425915,26.886558532714844
-1.8331602132054416,0.6765472596831845,3.4919983084649653,-4.940016421492961,80.5677203648944,27.441473245620728
0.4227713196432523,-0.9313914492910031,-5.12,5.043884436968317,75.54992496310908,28.084022760391235
-0.09687721943788752,-1.3734532970622793,-0.22868472347096613,0.7931354475532881,37.362702949601676,28.7226300239563
-5.12,1.9894005032963458,-5.12,-5.035998095257918,87.44529173520809,29.67137861251831
-0.04458829071170012,0.29962112015036,0.7270936236144667,0.6027802139012461,43.86171822050049,30.42028045654297
-0.025953785481275915,0.2956197948231196,0.7503316101362589,0.5935919196681265,42.26274320902205,31.130271196365356
-0.014934614991034323,0.2934944205006653,0.7620180762051403,0.5857451175994539,41.58216445595036,31.81698489189148
-0.007151191962543102,0.2921546375570916,0.7694489393168062,0.5788643583069435,41.218672522840606,32.53709816932678
0.12738831149392382,0.5917512834166532,3.0562394922156395,0.7373065955214644,43.08482431535641,33.35517358779907
-0.007253784029517263,0.2922011736656165,0.7450043024022621,0.5591321176962927,43.215632235696475,34.02164173126221
-0.3995526180414286,0.9999112091323239,3.102213194068649,1.7955986520632825,41.24731732907438,34.70541501045227
0.06453862850364889,1.1049896429825923,3.219188964796646,-4.154329496978942,44.176356367576744,35.48279070854187
1.497868263404131,1.0258826528470566,2.4816515004900053,-2.297717840971911,67.75229395085194,36.18183994293213
0.037987326172308045,2.0375468580945775,2.8254623158907863,4.1896145637527455,41.98011097863094,37.003639221191406
-0.9486760342522205,0.5684044373994572,3.0837489909907942,0.9993064125799318,32.69008996015939,37.83204483985901
-0.3496674391755956,1.4623407831537065,2.997293828874331,1.0521916736144705,48.46821398218724,38.6280996799469
-1.2278982273017278,0.7592201354953172,3.205194350042503,-0.30485907070787555,51.08799277684583,39.4493842124939
-1.0064244988527902,1.9096692721103468,3.032263925532347,0.5432464253474283,35.56335528116226,40.19823455810547
-0.08821507248058769,0.41104698279140983,2.9242420032891916,5.12,58.73980908894354,41.13594198226929
-0.19271318463359144,0.40769233823805084,0.8964427568978985,0.7129314968005573,40.70901663307295,41.855650663375854
-0.18894477772497797,0.40868381023151645,0.9051633296615949,0.7123958996369826,40.24966382075887,42.658870697021484
-0.18715469209244784,0.4103864555643497,0.9118300337765151,0.7119167098093246,40.01684137116357,43.55191493034363
0.1615299313240044,1.1383942918649588,2.9860673666456323,4.802784901127404,48.35905414171692,44.28288292884827
-0.14632311642658546,0.3826500790616718,0.9793929320116179,0.8371865146925712,28.04293101901758,45.193416357040405
-0.17439055233182987,0.39408285860037395,0.9271301515142945,0.841749542370092,30.62515034594592,45.99146270751953
-0.1986527562823701,0.40570803396303035,0.8903177394881361,0.8442505506735936,33.53498316672755,46.817742109298706
-0.21625981632832758,0.41549593186060196,0.8691178392002135,0.8451711184061592,35.77352690732383,47.675676584243774
-0.22734932445149347,0.4227285317966585,0.8597185164835492,0.8455826009406335,37.09882014006077,48.555866718292236
-0.2339765726452221,0.427923873365355,0.857430562403974,0.8461257930396675,37.74764110188847,49.79858326911926
-0.2383048919992179,0.43197728978162786,0.8588671373771533,0.8470176973505703,38.02032265602781,50.785980224609375
-0.24164828539408045,0.43550315356189984,0.8621463958185238,0.8482733949723249,38.109152402252334,51.7839241027832
-0.24477292065947776,0.4389248146870015,0.8663947418138678,0.849864376400161,38.12023830730148,52.898659467697144
-0.2479998605376963,0.44239986165157763,0.8711214910331853,0.8516687396612976,38.10893810175556,53.982462644577026
-0.2514905548103936,0.44601487464147915,0.8763411060444106,0.8537340164258396,38.08645661996245,55.157097578048706
-0.255326994637179,0.4498714588651209,0.8819531411869743,0.8560001783288627,38.06911513651279,56.020987033843994
-0.25952840485527684,0.4539667379598651,0.8879969345790188,0.8584585131350897,38.05826722210752,56.88451147079468
-0.26413501885477597,0.4583212514442616,0.8945852911846774,0.8611160244445548,38.05398799187776,57.740089893341064
-0.26912229582406866,0.46299588690294957,0.9016990175879451,0.8639789228554653,38.0585249882095,58.64487147331238
-0.27473041980780266,0.46810377001211734,0.9092625981494313,0.8666247083008578,38.11214881213506,59.692856550216675
-0.28011073367732386,0.4730559515231265,0.9180132105133314,0.870245437257795,38.08105422724469,60.83001780509949
-0.2869356837730157,0.47917604076247233,0.9269724796854284,0.8730340648052177,38.199064353824376,62.00539422035217
-0.2921172312649132,0.48391653409652147,0.9377197999781268,0.8779143065620181,38.09064141044429,62.997507095336914
-0.012832960598556653,0.21012571588586315,1.0257786923225227,1.1344488070481358,13.428587566454606,64.18882751464844
0.10867111836335575,0.06017521337024245,0.9857887056595942,1.2905346862223892,18.160161071708416,65.2874927520752
0.1907354411242066,-0.051317932838938596,0.966943905290532,1.4150650303886527,28.677927248805815,66.87729597091675
0.012301460072293047,0.9229521446714104,2.4792771750264073,1.3288720902857127,44.61431605429501,68.34526920318604
4.445709912991949,0.04225841232211103,1.0899475947868602,0.9946805672182872,43.27829441922061,69.67465806007385
0.4272206982390774,-0.15183392286773234,0.9103223419567614,1.5364485527457639,47.86802617839249,71.05724668502808
0.3644009223587963,-0.06754230171289954,0.9202212068125819,1.4508700486444175,41.3186408827119,72.33776783943176
0.33983458959487933,-0.03591318302240687,0.9274190358465937,1.4234741373098565,38.49425579126104,73.68342089653015
0.3317192603467847,-0.025614337256559594,0.9330357733551038,1.4184380764565034,37.621893655582845,74.77484846115112
0.3287682097918214,-0.022018591370843055,0.9385617630793135,1.4203867415787874,37.3627156472059,75.94557452201843
0.32734307772874693,-0.02044414950171447,0.9442341454673242,1.4244856839092765,37.28422959850009,77.1527750492096
0.3263775227766814,-0.01964081057855438,0.9502841388167322,1.429459555579573,37.263898211054766,78.26664781570435
0.32554367286752495,-0.019268144781972474,0.9568160648261586,1.4348170445006625,37.262885727478185,79.45007634162903
0.3246325877732934,-0.018942244070440317,0.9638335400584639,1.4405619026189243,37.26779100153915,80.85462236404419
-1.3544035847784412,1.5551046919511462,2.793174217032564,-0.37390150317733895,72.04290632391059,82.10340023040771
0.5274281708156376,-0.20070899332439218,0.8168745355537519,1.4787962982980334,55.808772639083195,83.38106203079224
0.41855189494305467,-0.047782149533968976,0.8077362635586907,1.3458754458734692,43.92506803972462,84.68274545669556
0.38178732109642066,-0.0007331411259841047,0.8115687296316914,1.3106739932543112,39.83635547989083,86.00679636001587
-0.1879757654513039,1.0096820836460143,3.1841004652340574,0.7351374496572429,34.86221320669009,87.25133275985718
1.481998587801547,1.155090456762256,2.1975402563541033,0.013185356346728128,39.477398434721394,88.48140406608582
0.10148155534328929,1.2897948659834286,2.9080405505408136,0.9877095907658688,27.198578039602015,89.79747676849365
0.3516965136412411,0.36282490736550255,1.1111261262642653,1.4497234144602933,57.910718687369815,91.03127408027649
0.20826880274356796,0.44148155461855954,1.0468069011110268,1.233929347802147,39.01751293020781,92.26610565185547
0.21926042726772188,0.4144892758241747,1.0669334458013786,1.2405018365098464,39.84361390105272,93.57224798202515
0.27235632618860084,0.29557718178906,1.114572178082966,1.2509562665974716,39.73472259347529,94.7832441329956
0.10792802283026859,0.5386268379859764,1.0376119941666193,1.175227003588267,30.429784952662132,96.04124712944031
0.08173320845861287,0.6078706489174204,1.016490794480835,1.1932805570735354,28.477799783563917,97.32141613960266
0.059744362735266066,0.6752852031370162,0.9912824774139777,1.2149655262047956,25.97007780759767,98.6544234752655
0.04039394020853848,0.7449986835586451,0.9595925992379888,1.2406969017313187,23.387713277193022,99.94004797935486
0.02336645759377909,0.8174685128887749,0.9220255892922493,1.271319385772216,21.6412905935305,101.26675081253052
-0.15925921519332142,0.8273543465525366,0.1454440498866525,1.0669161344449787,16.56455660264372,102.641033411026
-0.08982425893594748,0.9602835737302708,0.6431209340266832,1.2105396566424922,28.437674421062056,104.15412735939026
-0.25542791281475186,0.9048815893087481,-0.17973714087142945,1.633738052381628,38.05947338677647,105.54458236694336
-0.09495767817340983,1.0014535576092616,0.6461859846361513,1.232425523997338,29.644498372479102,106.86717581748962
-0.1052218833269869,1.0329379543419028,0.6352337692963212,1.2528427750667186,32.15226197918183,108.31861424446106
-0.2727709722127898,0.9204818337914675,-0.2936337655602612,0.763643546138554,36.09049271847775,109.97415232658386
-0.06616692298752103,-0.32371445820429123,1.280600395007487,0.8915674178351951,32.006928195080256,111.3809597492218
-0.11415538055643992,1.0244414956582464,0.6429216492058485,1.2919843733196794,34.565867361466815,112.77997279167175
-0.11697530973188552,1.0325485308739335,0.6466925155882901,1.3042435348198955,35.37635304769866,114.56944584846497
0.09811758688425343,1.4266012371245962,1.042279349389161,0.8545129649238099,28.90343735509999,116.52569270133972
1.4662325899105983,0.4884064868737541,2.6359674092335013,0.4642734628563927,85.61801209616951,118.08583283424377
-0.23412339471829924,-0.012866259577542394,0.8321538958597694,1.3230153374390925,31.027345697800584,119.92230796813965
1.2099989049883346,1.62683891734014,2.7396365470016564,-0.34243042888264164,62.372769409793634,121.57142853736877
1.3611507216017626,1.6234473070711468,1.6234278032704443,0.9870581518574735,58.841226853226146,123.30975151062012
0.2010215278130385,1.0151364689667517,-0.03436418926066587,1.118597668462118,12.221957584482098,125.3730583190918
0.22888399679739013,1.4111723932010456,0.13386455732494618,0.8249186190611679,38.70004533062464,127.25586915016174
0.16982808851053743,0.6270258818978585,-0.21089738285651283,1.2412171907993983,41.176784370963915,129.03387022018433
0.4314261586407868,-1.576462036910149,0.7622506169899808,0.2893901006577906,62.970973378932925,130.6860475540161
0.3251250449269909,1.082571284756514,0.8150342074112062,1.0324712916094443,25.10470843792319,132.1255645751953
-0.7394192870627716,1.0644335183739324,0.2528815839257881,1.2216490803209368,33.11793801395934,133.73030519485474
0.16539087126425756,0.9814277940088427,3.16287791163039,1.3243468702905181,37.04557208765152,135.33920454978943
-1.3422195528787877,4.909366888304953,1.3948817105108517,-1.7293381635754317,77.08490687950993,136.9643955230713
-0.1372039187270495,1.139240375304814,-0.06251481419855587,1.1304372731433627,13.615075912033612,138.51690649986267
-0.7307338413875808,1.1182965214944822,0.17838444815823884,1.3708576745061416,40.07590450856836,140.0531439781189
-0.6965343507452468,1.1020148505351122,0.18957466256415234,1.3602354577327693,41.54673221231862,141.66517210006714
-0.6556809425959909,1.0817435972920082,0.20149497483038736,1.3451521196057827,42.95378899242252,143.58055686950684
-1.2813016536746242,1.335419386913995,0.1588437020162612,0.7941211999522215,42.991789655731836,145.1898787021637
-0.4884770928575586,1.0305331083387967,0.24223990838048426,1.4116194324405162,51.51919422094927,146.9003391265869
-0.43090462255372053,0.980961548293636,0.2504676764169922,1.3334621358028684,47.16899876076383,148.9567551612854
-1.3483321836713458,0.27475479763977173,3.1890973279595665,1.7982853776594672,55.91808846597124,150.91405200958252
-1.486122631135515,2.3589272300999244,3.461661592892873,0.937953530646606,77.38172966313066,152.98655366897583
0.2156866013765919,1.3651859593628668,-0.430291950140389,1.3984315431455796,65.62150119464731,155.3493127822876
-2.4022899910918536,-0.10868898900168045,1.1402334467355129,1.2025284781977632,39.64391894798705,157.5082311630249
-1.5139740734373652,0.7310945922199759,0.24215427664681854,1.4282256012646641,64.579111084731,159.5892403125763
-0.4859411719938329,-1.7533163024551253,-0.8564071810146139,1.0998816571686634,40.712855592991836,161.91063475608826
-0.5454900018709443,1.3177416255511014,0.24524469060892873,0.6536534236126128,61.63655636587754,164.39802026748657
0.9308069539268411,0.7248541174964656,2.42916117903561,-0.46717619284835354,58.828334202916174,166.30707597732544
0.20846558004571314,0.22427760874870195,0.29575557155441157,1.4865784950470706,51.001755075651744,168.248637676239
0.06503504452974962,0.25358345713884756,0.19632607417488224,1.1058836574954478,21.202253984579464,170.1508650779724
