1.8588768531167332,3.7176836766655095,174.24523179685156,0.0008382797241210938
2.1023930528465327,4.991225743002334,49.47552572732204,0.001421213150024414
1.665781422489192,-0.9282229728260898,164.1156704141773,0.0018639564514160156
-0.15140369379694452,0.702725981692855,171.72231595392904,0.0023305416107177734
2.65907038294484,-2.5712272623403902,357.9084908656919,0.0027341842651367188
-4.1146172350034025,3.6536321769882507,212.02623866887615,0.003128528594970703
5.011523806522967,1.837375783215757,76.57004515038062,0.0035474300384521484
3.3132711908853922,4.32870465490207,315.89157431843785,0.003952741622924805
2.238808552654044,-3.7360956021741263,220.66995551908917,0.004359722137451172
0.9555221460839993,0.9390929682033597,12.908192990586542,0.004830837249755859
4.8291846527414455,1.1707023614281011,129.17758166484649,0.005251884460449219
1.3288405599998638,0.016104170883244784,149.81327247823947,0.0057353973388671875
3.461673810752937,-0.9424463716052056,216.45340216303032,0.006153106689453125
2.6910782665822266,-3.9873441812998736,159.6385081444871,0.006567955017089844
-2.6930856133883023,-3.5109646830102417,354.3454113807964,0.007013797760009766
-4.773564627704517,0.7093270609752143,233.81631081643533,0.007418155670166016
4.144767294833653,-1.0255497452528148,58.11046736569931,0.007821083068847656
-3.0489489990392515,0.46617947485991973,211.9564310246189,0.008238077163696289
2.30116640855017,-1.2898440137990628,263.33098124209516,0.008652925491333008
-3.572970866943392,2.42560011331413,397.59306484477946,0.00908207893371582
-1.53199959202485,2.021979539776506,205.37306732119234,0.009588956832885742
4.951718646197674,4.552901688200802,244.34111871583357,0.010001182556152344
-3.5976857817768186,2.526766405858469,399.664820317574,0.010410785675048828
-4.336016604021292,5.110853029880841,219.66618182424892,0.010824441909790039
3.5426100245739613,-4.3907585393929836,405.62057052902077,0.011260747909545898
3.2120632905312485,3.6270941419725444,269.636084391953,0.011696338653564453
3.1492422133421867,-1.1661421593448975,101.82942486614405,0.012201547622680664
3.2255189291522752,-3.032109101547664,106.30454060272699,0.012639522552490234
0.1716938482907162,3.7130508159317204,189.5840727035844,0.013056039810180664
-4.447559299955146,3.267883254282334,336.29319352177225,0.013530492782592773
