-1.7689666237002446,-1.2535484403656478,23.73467381494438,0.3724086284637451
-0.3490534336510338,0.8104485456365635,22.90086337973441,0.7390055656433105
-1.2751945091933705,1.1145320339015692,16.924194164752688,1.0759079456329346
2.508686183727453,0.9910850029038532,27.276550420306798,1.4539024829864502
-2.8565444078509934,0.9709820552331836,13.062948593102046,1.8416907787322998
-4.487850664256758,-2.087275160335616,45.93462447972274,2.198734998703003
-0.6988221211989751,-2.110787153213264,20.430733106136252,2.626709222793579
2.5923100097830023,0.15008523775656712,29.233699476460757,2.9602842330932617
0.9998184241663965,-0.08773623149966525,2.4887041560360785,3.3205695152282715
0.11269755094960399,-0.03730246194840081,2.6915105170885303,3.6451804637908936
-0.13801677934388845,-0.12206091946776176,6.363757109238639,3.9900786876678467
0.7277865043644489,-0.04951642705708004,12.403402753842203,4.288437604904175
-2.4162576836969025,-0.04098420248599588,24.8170900660971,4.6678290367126465
1.5457047803815929,-0.15688076072397728,26.48159702264751,4.960361480712891
-0.5021870058436901,-0.4382864365074983,39.70093477387839,5.334531307220459
0.05380561565402875,0.028871665902141075,0.7338553919817024,5.700232267379761
1.0385837927788693,0.24113692372190965,10.872630578371082,6.071983337402344
0.09289649069350503,0.29700660799973555,14.663231268018208,6.41429591178894
-0.824747775540291,1.3605977859099507,24.408791698734035,6.746776103973389
-0.9487565250848427,0.6892635387173804,15.613321201420716,7.126665353775024
-0.07523173098078217,0.07011417549208421,2.0619164358287954,7.454460144042969
0.9665431215621298,-0.3770576080943062,18.458410370797786,7.807799816131592
1.9897619106991602,0.3270007516244542,18.738317742757147,8.161526203155518
-0.0034693873799085395,-0.007193280087236076,0.012651600301406773,8.506680727005005
-2.0221018101587154,-2.4846432369678815,30.31210204430372,8.861412525177002
-2.2748859526913674,-1.7690095449381742,28.670200479931687,9.299626111984253
-3.256315323117236,1.3320975664993853,37.707379705643966,9.645375967025757
-2.4285145239142474,0.8119066388879856,31.77264821610021,9.969539403915405
-3.0790749427438833,0.5551873817075315,30.402828936057446,10.3063063621521
1.1243726174747062,0.0010548312535307858,4.165547854774733,10.644865274429321
1.699975112258203,-2.541371534208739,42.10418289128107,10.9911527633667
-4.53367447892394,2.3261896189632214,60.34873611494278,11.423914909362793
-1.1366626806882874,-1.6413073725114686,23.7622283370229,11.802227020263672
0.028807850505348398,-2.1788788688726823,10.590285166753446,12.153490781784058
-0.1095144193803268,-2.571659512922195,27.904265095192635,12.540783882141113
-0.04792654948285602,-1.7939013779632051,10.946806295289178,12.96721076965332
0.37146655978714893,-1.9514932006052899,21.31952631955228,13.351937055587769
-0.4452522745362888,-1.6115493637436225,39.85222156710446,13.753997325897217
-1.1862466667535974,-2.3798241537974634,30.453392865398694,14.132445573806763
-2.558570352322403,1.485981092669566,48.04611068721455,14.517260074615479
-0.21256529666665447,-2.069976772199434,12.950631922864119,14.946160793304443
1.2258934566024422,1.0161759201113467,11.078159608009805,15.378052234649658
0.963983438218289,1.3804554911130023,20.399133822283446,15.827740907669067
1.615999398804579,1.2149082734429193,29.359836181288333,16.29808807373047
0.8788238141610938,0.8315163868306366,9.324043447522158,16.775816440582275
1.232970220036087,0.6721882080493966,25.60068309293884,17.229077100753784
0.5405226065810416,1.022184446215233,21.111628332201743,17.65833353996277
5.12,1.3291550524641185,45.462313159527056,18.086811780929565
0.6499498206292627,0.46323672805674576,36.2518271569012,18.53449010848999
0.9521117649185564,1.0351195196446694,2.6697335057299405,18.932745456695557
5.12,-1.6810238386430139,45.950052855002085,19.327122926712036
-5.12,-5.12,57.849427451571785,19.70903182029724
-5.12,-0.04923524103200183,29.401833879853378,20.10864233970642
0.39896838776964927,3.1876584324435475,34.554607615618536,20.525749444961548
0.3025597389961572,5.12,42.258981217750005,21.005128622055054
5.12,3.231399158484856,48.20058772973121,21.411295413970947
-5.1010973597798035,5.106872923670173,56.2230164384188,21.81956648826599
-0.6816744011562239,0.023350590352047007,14.73502641833482,22.231980085372925
0.9906183991871691,-5.119258903774132,29.884022170717543,22.648173809051514
-0.5615234883362747,0.09353022159134738,21.263797638172207,23.109699964523315
5.107834140091794,-5.084782316615657,55.53944606640238,23.574594974517822
-0.1507640516483626,1.484005741571159,26.33560257082852,24.055686235427856
-0.6240105613373039,-0.1797516387273319,23.264682767387505,24.50362229347229
0.07744863304828176,-5.103807348694884,29.268424724008117,25.04238724708557
5.054171112812816,5.080701478176359,53.19010311697568,25.586097717285156
-0.05735774281537864,1.7615333247951002,13.024667437939483,26.19292116165161
-1.8708831663523635,-5.1009303823207555,34.57820658205394,26.840466499328613
1.7044744062026966,-5.116441920987156,44.463929730492296,27.46655797958374
-0.14896659776734467,1.7463292289590688,17.372219531812338,28.074153184890747
-0.6623192766609831,-0.09062451896456913,17.25935515646121,28.678395748138428
5.1029201761828,-0.3650871855964928,44.80934239933846,29.2726047039032
-0.06307303055700775,1.8387271008947685,8.869369315273442,29.87558889389038
-0.08625480693095255,1.804796249793239,11.322378720766674,30.503615856170654
0.006775199172422752,2.214518229250145,12.702232564986513,31.206470251083374
-1.1293253092519167,-0.017969180531344442,4.463055140241202,31.894062280654907
-1.4915904472845067,-0.16712474398620003,27.26376279369163,32.61848759651184
-1.0363465886958627,0.14625554704477395,5.288496770924732,33.359018087387085
-0.9686212953357964,-0.04509180699858639,1.5326626089158335,34.02740120887756
0.3662356951828567,1.9933406600674424,20.787446136233775,34.68209505081177
-0.569590023837562,2.432547794670966,44.41619809350559,35.33873796463013
3.47654603959307,-2.393021514368714,55.52928753728473,36.04346227645874
3.5607194667762903,1.3801430300186857,51.16038183554436,36.76696729660034
-3.9212301805876546,-0.6991482330774641,30.205836979327337,37.58666372299194
-2.0190666809233155,3.1514231381214115,18.274494370235715,38.356640338897705
3.225179200637567,-5.12,47.773271825770536,39.12641763687134
-2.5375581511261363,2.8214205012974505,39.7840800819088,39.91116404533386
-1.504246634452481,3.2058128029645987,39.795601353089,40.69231605529785
-3.3156953227669352,-5.12,53.930085324338776,41.408387184143066
-4.510924479499738,0.7923992577604313,48.32016338512524,42.21045660972595
5.12,-3.207984332346271,46.60651180366382,43.011189699172974
-5.12,-0.9932741440539221,29.92023537535904,43.74059724807739
-2.8986710708502597,-0.6903138110929694,24.50092384550975,44.629279375076294
0.2686827668995342,-0.5420698452145087,31.18987967202786,45.434436082839966
1.5444028903672988,2.988417239497699,30.955624687264205,46.22329235076904
-3.4009246245335483,-1.4949107311769025,51.92011536920073,46.975711822509766
-1.9343240558579518,5.12,33.50572693991008,47.79735088348389
0.41385153158902277,-4.194729400251136,42.934120270055956,48.63185691833496
3.8711705368611655,-0.644053875135862,34.6778019602868,49.493004322052
-1.0498369417411109,-0.2466887527817434,11.441250027200777,50.36669969558716
2.7422046178327797,-3.7280761501764808,43.2810041698128,51.26542353630066
-5.12,3.637177626105742,58.66364424798935,52.17419695854187
3.9362071432809254,2.767213912553565,32.86432053195536,53.15924954414368
-2.261704617531558,-0.7010396548925595,29.369502612730717,54.07058048248291
0.971055858352619,4.0536821273229675,18.103667055646536,55.0228066444397
0.3882819669133486,4.088142620216206,35.994314413571935,55.950974464416504
1.359148062453401,3.746910274057737,42.41364518251992,56.84954524040222
1.0886348652582853,4.57316015172498,42.571942081651045,57.73486328125
-1.4998470005806626,0.5353270802599104,42.29077542652884,58.632630825042725
0.9836812977925078,0.026296731368961268,1.157029840792621,59.51256966590881
-3.508996955598123,2.428679284606649,57.20819596322261,60.39142155647278
-0.8454393096148642,5.12,33.9958394102006,61.3162407875061
0.7001019512867481,-2.6694252727838195,35.54920079893358,62.27627635002136
-1.9972497193488898,-3.821542867746913,24.24938284249491,63.23570203781128
-5.12,-3.8286321329868276,48.84109271370595,64.19648289680481
1.4002245279409404,2.23579366812009,34.166430816507116,65.17963171005249
-3.3318977117988258,-0.2444238854908054,35.732679227800766,66.12519669532776
4.121517330621084,0.30814311025089225,33.43028247994626,67.07244110107422
-2.3466553514348414,-4.365882587310754,56.92888782833348,68.04809045791626
-1.6197206836877553,-3.4091902122245514,49.96366877838506,69.01256275177002
0.2713719537558861,-1.4364118297602384,32.68814390725397,70.00932383537292
-4.0129365398764865,1.5453580126470605,38.12144401815817,71.07114553451538
-4.553990338684271,-0.4779176078569858,60.30124023050071,72.10278272628784
2.38807522825437,3.103318329939447,34.9951015752298,73.14551281929016
-1.4982259953115413,1.658488852704135,40.4328378256904,74.22367858886719
2.349552661048947,-1.8059566277063892,31.19309633079986,75.28483724594116
-1.0232388241187182,1.0077124394286079,2.1806519215966613,76.36917424201965
-2.883607498737384,-2.568377894133751,36.55998854830164,77.44818353652954
-2.316733748138073,3.4482364068975846,50.80454596581576,78.60156154632568
-1.938237153701785,2.8022148884615365,19.13052999515304,79.70426726341248
-1.3089805543012862,-0.9724846460506313,16.42984395244635,80.87949919700623
-0.9714841343436227,0.03577424213217473,1.356702414370453,82.13605737686157
-2.704266833392825,5.12,49.07189123052599,83.33327126502991
4.565061865574321,2.207733945333766,52.2653313950004,84.51787257194519
-4.108557379567781,-4.182328732330306,42.48457567208024,85.73996090888977
-0.9983863302497626,1.1083746145304643,4.455956503123911,86.95525693893433
4.119321596156063,-1.457663352620222,41.42307125603156,88.17811131477356
-0.4573916801288087,3.7464133069568506,44.11393535818115,89.45521950721741
4.214499755340154,3.6030196561462917,56.508862608042506,90.68538737297058
0.7631025128474036,2.5960985029928336,34.73154083966584,91.93832564353943
3.405623697357785,0.18495133698231925,35.95096406570635,93.28472232818604
-1.6250919986159835,-0.7481829697130431,30.381845899968912,94.53972816467285
-5.12,-1.623614899642988,48.6931767128732,95.86269092559814
-0.5497785366853041,-5.12,48.74182607545985,97.16781687736511
4.1777956046479,-3.2073294066270694,40.709165550136014,98.52361869812012
-1.5633867229685507,-1.6316366594726266,41.09389470281476,99.89969158172607
1.0279757971383159,0.9590357440066795,2.459987593224085,101.27506756782532
-0.9954743174638621,-1.147761147161797,6.321294778373677,102.57140755653381
-0.9816262608000725,-0.9103772211535786,3.4029858358526255,103.88669848442078
-0.8371629350788545,-1.00627399940673,6.514281716972573,105.16127800941467
3.1222445246723707,-1.352012812387907,30.363620105209602,106.5376307964325
1.9975316187641239,-0.23882606544232488,13.346870743711532,107.907799243927
-5.12,1.4055138908349765,49.189094569381076,109.34410667419434
-0.6796106168898719,-2.674084283305963,36.48360936751064,110.7494843006134
-0.004293725744018317,0.015391375272328922,0.050618901038465225,112.15008234977722
1.7507705507429874,-0.8253330948552495,19.1394144098411,113.54774522781372
2.063809598461801,-1.219406539198625,14.628840567128249,114.97753739356995
-3.6761178553911096,-2.773120044850823,44.23367780936685,116.44918155670166
-2.3955541153802637,-3.398789413242925,53.25851760881315,117.92285084724426
5.12,0.48258266085846824,49.097777895197126,119.44395685195923
0.7914186108079342,3.6769076557172964,36.00564477009971,120.91650485992432
2.469804335843781,-1.2781073409730612,39.31092378078426,122.36832451820374
1.91825535184379,-1.5451044331507848,26.958423656074714,123.88550591468811
2.5414381698174386,-2.7200852257649744,45.3892885818858,125.43718433380127
0.2213056594156999,-3.3317865160779117,34.272207185537916,126.98377585411072
4.074263501257502,-5.12,46.593358363726864,128.55906081199646
2.2318633309506186,1.5244563815944625,36.05025448917282,130.17078590393066
2.4037982439388124,-4.549424951119269,64.22530991438056,131.76501393318176
3.455037343522968,2.274862388747697,48.27167728753119,133.40149402618408
3.1688078911683144,3.2719708752435084,37.240188769532665,135.06837940216064
-1.6347432085772828,-4.128327649363095,39.41899788167123,136.84599351882935
0.05471619149968898,-1.961979942065482,4.721506782993497,138.63172793388367
