1.263010027445456,-1.0863755021688046,15.028834839256277,0.22942662239074707
0.8687591622195923,5.051180897541653,29.9933656203108,0.44821953773498535
3.275636277608638,4.895154014014623,48.38866667145987,0.7417008876800537
-0.7846998708855679,-4.664136882226088,45.34391993531196,0.9779083728790283
0.9931903361113363,-1.235463308256775,11.609850741250327,1.2329845428466797
1.0048688728597996,-1.2300981011938341,11.28036496472427,1.5750162601470947
0.883459506627922,-1.1565499457015687,9.141335412897295,1.9490141868591309
0.89984595773611,-1.1248866033427176,6.914511398298364,2.299626111984253
0.9194853628239477,-1.0900556915645874,4.8448277553905825,2.678891897201538
0.9321109132139904,-1.0683173439087508,3.8134082112728986,3.0194923877716064
0.9424136495342585,-1.0490979481354117,3.1083022070464565,3.4033734798431396
0.951709220276225,-1.0295678616548987,2.594633845986772,3.805290937423706
0.9589264017591494,-1.0106217165389095,2.294322074947072,4.323254585266113
0.9623730232173413,-0.9942297518030809,2.199392596849778,4.820618152618408
0.9598584794062868,-0.9852520415682067,2.2513359708101994,5.154106140136719
0.9515082668662318,-0.984291250930716,2.3834447962572334,5.494896411895752
-3.657560563304247,2.2350564648808424,42.922722930207435,5.95614767074585
0.9753627139521903,-0.9956205812959578,2.065955477213535,6.320659637451172
0.9868230893642496,-0.9956527602316338,2.003128217058041,6.5975730419158936
3.3959003403262225,1.677931450661097,46.658719838610764,6.925969362258911
0.9928042499359382,-0.9958549041205877,1.9909976205997246,7.315453767776489
0.9944385856676101,-0.9961421398318846,1.990249506517543,7.672549247741699
-3.0973255758183327,-2.8067004958096864,25.795486794629504,7.9691572189331055
0.9946466930912843,-0.9964099809094087,1.9903551306864706,8.242641925811768
-0.6279175687771943,0.7076188625283191,30.46679386579879,8.524604320526123
5.12,-0.943290244563042,30.442634365430003,8.873847723007202
-3.271647744567423,-1.5711277272695972,43.54597321111172,9.197020530700684
-3.228593311381422,-3.8304341008990175,38.91364964506443,9.60351037979126
0.9946674904860728,-0.9966340275207219,1.9904915739653681,9.941479921340942
-0.2887243954631682,1.986668067868286,16.47446507456298,10.220987319946289
0.3279673943898693,1.8086584719629766,24.48129560152092,10.50731897354126
-0.8006634317132413,2.382987441700444,30.60679213682181,10.805516719818115
-0.2855847753642049,1.4682844227800693,34.25679691402194,11.160844802856445
0.9948933458276166,-0.9974474465198835,1.9911473973454914,11.46252179145813
0.044477680501516126,2.4259741205638434,25.212972585245367,11.807173252105713
0.9949125964057259,-0.9973752683802131,1.9910767493347024,12.157369613647461
3.4740316992945184,-2.0142559180597606,36.03339574225738,12.45195198059082
1.6386523729835867,2.2197674450449174,32.16363790320243,12.833923578262329
0.9949071125809512,-0.9976145984764679,1.9913176382944275,13.142844915390015
5.12,0.7798746623068942,37.666841357178285,13.457213163375854
-5.12,5.12,57.849427451571785,13.802863836288452
-1.0578061807321912,-2.2912662590159245,19.58511327937733,14.146173238754272
-1.768431650772151,-2.4404043079496733,37.234502346943174,14.626654863357544
0.9946351879654571,-0.9942934335407241,1.9900265991077042,14.979567766189575
-0.4316157172244006,-2.428245420141854,44.174478187791124,15.491276502609253
0.9942154394709481,-0.9926838445170407,1.9910535669396126,15.879853963851929
-1.1087518517499335,-1.5983975766523484,24.17826051711686,16.287720918655396
-5.12,-0.7263666616376998,40.93179758896374,16.708162784576416
5.12,-2.411716369100132,53.24166171432951,17.127973794937134
2.316297163113717,-3.099277551278527,30.900132246019666,17.536185026168823
3.774710845881292,-0.03017219676671168,22.882115265678735,17.935105562210083
-0.442532687887077,5.12,48.47571499758694,18.417962312698364
3.389530567323665,0.6559129335104661,45.178736301013814,18.868203163146973
2.6226728546206504,1.5687014923594713,45.59564518316702,19.29342007637024
4.093689343503702,-0.6257248407214622,35.8718018967045,19.808085203170776
0.5684398462282134,-0.5001470116490019,39.66283976180355,20.212701082229614
-1.4344570395418326,0.7831665039962452,29.766098231168396,20.661309480667114
0.9933189707367118,-0.9906496231551873,1.994131720480194,21.084449291229248
2.765312238547467,-5.12,45.61105273401836,21.500136852264404
5.12,2.4543786635663727,54.54066032079466,22.036237478256226
0.9932817303299872,-0.9907731532385773,1.9939482453097668,22.501712799072266
-2.5047574766449183,-5.12,55.19405638484507,23.04773712158203
2.269756227365564,-1.8153581532597451,25.693332055218157,23.78364610671997
1.4119449484387872,-2.7106005120150667,40.299406778363505,24.502280235290527
2.800326216413575,-0.9860387009605249,15.742892780783558,25.211961030960083
3.204931975251065,-0.6717552327169702,32.649431508892235,25.957962036132812
2.400871576847692,-1.0053235116252326,24.90269044954806,26.811888933181763
2.8146851701930675,-1.4676075883012238,35.91660461425708,27.595955848693848
-3.06001572566,0.05624642836890548,10.687467792436388,28.355269193649292
-2.6981904623395,0.041344542857818745,20.815564044846663,29.217941999435425
-3.4271064743290385,-0.02542525668001705,30.842407357772522,29.956022024154663
-3.0197907326658813,0.41720261384597546,28.04744987094085,30.785744428634644
-2.9823346745972605,-0.2583248520307775,19.545414931664073,31.541659116744995
1.0173777693124393,1.1995926911607873,9.419131562937803,32.29098701477051
1.0324701925899866,1.5276521865991075,23.456552919688033,33.020057916641235
0.9842009447520992,0.9038689901619641,3.6042076109286523,33.759324073791504
0.8638083777270094,0.9464394822020257,5.646081277805625,34.565839767456055
1.1481864939678825,0.904495172641198,7.913855275868716,35.27440667152405
0.9493770656743745,0.7397172740082567,12.595734414120221,35.98244786262512
0.9946779098774394,-0.9915227791620564,1.992273993662355,36.713263511657715
0.9914730159936411,0.991315278234393,1.9949580452143696,37.56625175476074
0.9854883567695971,0.9927887879332022,2.008619395775966,38.36266207695007
0.9965081091294392,0.9908039637132404,1.9938159003191984,39.34518098831177
0.9965487748653823,0.9908470992822034,1.9937705527468772,40.17024636268616
3.329058457086423,-3.287323069562858,48.9783770805613,41.052241563797
2.6351193119030247,3.2852612486935167,46.54173766938638,42.00401592254639
0.9964438717319126,0.9910584173574399,1.9933710239715854,42.94714307785034
0.9964443886403176,0.9911545407474209,1.993224549907513,43.81696820259094
0.9564225291384387,2.9550119259095373,10.416204439383092,44.75854992866516
0.9899056100213599,0.9925809493676541,1.9960998698993695,45.71071791648865
0.8720092737901419,2.5804932885848357,29.23048616969428,46.76818251609802
0.95069454601086,3.2638354474775957,22.900694339104426,47.84542202949524
1.281766939242707,2.947410207921034,22.853877840887964,48.825563192367554
0.6039300961920251,2.9997408410700865,27.305763295534817,49.760836601257324
-3.979411140321617,-5.12,44.843984855267266,50.77796244621277
0.9938132464121558,0.9867965351435739,2.0033785071028447,51.73886513710022
-2.5310036873902066,3.13376851799324,39.36638419425108,52.6716845035553
-5.12,3.5909460194011578,60.23088770081123,53.594889879226685
0.9954956376522164,-0.22691022110798187,9.600814719676295,54.52754330635071
0.9963116745999914,-0.2273442180444647,9.628305435047585,55.38905477523804
0.9969123665954882,-0.22865831116544744,9.711077795195218,56.25678515434265
0.9974278074262193,-0.2301304671574771,9.803929153186468,57.21900463104248
0.9979051548866638,-0.23153783462159438,9.89287844744818,58.152644872665405
0.9983770195179993,-0.23276290347879502,9.970532515829662,59.04469132423401
0.9989186266247803,-0.2337758871829143,10.035093935633999,59.9442982673645
0.969271565465335,-0.21040268354161906,8.70717876571863,60.853105306625366
0.9627001345468775,-2.162286368800236,10.639221047172565,61.78796172142029
-1.3824548621270156,5.12,48.23029709572287,62.73030424118042
-3.06182260807413,5.12,39.04447212183128,63.71054744720459
1.0320974740029714,-0.2848958979051579,13.524113847433544,64.78289651870728
1.0016035298939405,-0.002797226157947641,1.0052694566943128,66.04919171333313
1.0035971207020706,0.0060643207983739345,1.0170563694854202,67.15309429168701
0.2903090978677536,5.12,41.514698307196994,68.15400075912476
0.8095528117772206,-5.12,35.924982998892055,69.14000511169434
-1.265719716255183,-5.12,41.51285389646155,70.13926911354065
0.9232569668068029,-0.07337405849778822,3.041995857382778,71.17792510986328
0.9233141071940318,-0.07427480495972283,3.0658907173801584,72.23696160316467
0.9232852512748586,-0.07465761222757372,3.0775824334133457,73.23427200317383
0.9231944896233442,-0.07468490778211745,3.080839385841097,74.28483295440674
0.9230537085454111,-0.0744214729969146,3.0771755324596572,75.35475564002991
0.9228689623156887,-0.07391350657693874,3.067820283035541,76.56418013572693
1.9765567249897318,-5.12,32.93977836157925,77.82041335105896
0.9230571904790361,-0.07778277045268833,3.1747720766944045,78.92356634140015
0.9227913595526482,-0.07685383174690408,3.1546613480497587,80.09826111793518
3.8157709323857043,-5.12,49.46893417635688,81.24846291542053
0.9218328956868165,-0.06035602066393064,2.7459466144593137,82.43267488479614
0.9214800556474767,-0.05885911367140384,2.721187749060837,83.55927610397339
0.9210720676341362,-0.0569103002154101,2.6888208683608656,84.9976692199707
1.0103595663094254,0.0007953156385500648,1.0421287029496842,86.42425060272217
0.9952625003435438,0.006028744431224808,1.002187219640728,87.60580039024353
0.9948877782454382,0.0072117057170046905,1.0052764107596364,88.98102307319641
0.9942592382222752,0.0024723027569102385,0.9962686533229945,90.14273166656494
1.314309570023246,-1.9480091165315025,19.982610843026926,91.33482527732849
0.6060286672576707,-2.224474742225259,31.580397248468678,92.84970545768738
0.9937110006913308,-0.0011221102563840901,0.9955174933681601,94.14912056922913
0.9936517307019574,0.008685409627051222,1.0102599896619555,95.43169355392456
0.9940583622303265,-0.002227593998522792,0.9961042030935907,96.64283633232117
4.454281563893697,0.09967645370418854,41.338702548350035,98.03700494766235
0.9940210742472031,-0.0022094712032982855,0.9961018380720219,99.21590805053711
-0.7874313618863003,-0.1438115965490372,12.12257032808181,100.58800435066223
-0.9305517714516132,-0.583921066297818,20.785643880052582,102.03255248069763
0.9940961956787291,-0.002196901075985913,0.9960640392964262,103.43157291412354
0.9941042903943016,-0.0021880669880403048,0.9960535989701214,104.72384762763977
-1.2928015610374315,3.5151106470596334,46.63930355903269,106.03250122070312
-1.0862325914434212,-3.1999009198746107,19.755437789318442,107.32096862792969
-0.3921212065889188,0.05898477870578667,18.625581714927332,108.80668473243713
0.9941406625702758,-0.0021676398558581056,0.9960238873412433,110.21526288986206
0.994177603109355,-0.0021794256290865732,0.9960223395001506,111.63247680664062
0.9924735746441904,0.004970242043258466,1.0010839419902684,113.05362153053284
0.9949848654633477,-0.0031002889668556577,0.996866036925077,114.5641462802887
0.9925000438237221,0.00494153678831033,1.001001564363472,115.97250485420227
-5.12,-1.7902542707467934,39.627354011163845,117.37773561477661
-0.5082788020712607,-3.5181916997149285,52.55724081656389,118.78856253623962
-1.6396108321054488,-3.2384534764947466,38.844112902169016,120.24683666229248
-1.631895406200874,2.155905674457885,28.495507484947677,121.7061116695404
0.99465219629821,-0.0031134433691919483,0.996900736240951,123.1371078491211
3.879134957237045,3.138591144911932,31.20387442587681,124.62905740737915
2.2257086203934957,-3.985055465140266,29.35814539517983,126.14422678947449
0.992189586055467,0.004294896983571661,1.0001385294400222,127.76140785217285
0.9922931355200548,0.004479844441764413,1.000348899621697,129.3064670562744
0.995062742336307,-0.0034798638698099182,0.9973635305174966,130.81101942062378
-5.12,0.32060977066283414,43.319932589488204,132.4029939174652
0.9923785819669959,0.004575263111020966,1.0004314419090488,134.0558819770813
0.9924575848588457,0.004657752737789345,1.0005029459438752,135.6432375907898
0.9952538461029556,-0.003587945363856093,0.9975302018276064,137.28824138641357
-2.0446175288862314,-1.5081873222817102,26.83224746147126,138.9698920249939
0.9942215062784134,0.005838131667882607,1.0018279948915207,140.72593235969543
-5.12,-5.12,57.849427451571785,142.4869077205658
0.995272203128823,-0.003552227513364592,0.9974818258380704,144.3694612979889
-0.9633101963702098,0.19274183474679152,7.709128625336309,146.1341791152954
0.9952731526618699,-0.0035452851766040183,0.9974721694687609,147.932870388031
