2.8028089927270337,-0.18910139203741494,1.3538833137655457,-0.16265077100501912,2.7083976485636088,1.6861155727749244,-4.9084513100653355,-4.510072074180431,-3.579109706967066,-1.5480322836038676,2.9167402756054654,-1.1706779533483558,-1.5210081510906428,1.9922900738353073,-2.405925636485219,-0.7863665791408812,2.1777543928049043,-0.5169282843595537,0.7133622345285815,-4.800101461707589,0.7542340212053604,-1.2393146141017217,1.655823050980997,-2.365482859605646,-1.2661354636049058,-1.7344930084810999,5.079330589589094,1.167554892900763,2.39696063077917,-3.265627851158606,4.076936105857354,3.438212016804523,564.1988241445489,0.6535193920135498
-0.6419649938570737,-5.12,-5.12,-2.717459160245375,-0.3006961695273267,-1.3207661741745587,-5.12,5.12,-5.12,-0.5567934672234003,5.12,-5.12,5.12,5.12,-5.12,5.12,0.09980849652376023,-1.5837801850257893,-1.4656681315523965,4.855739722638307,-5.12,-5.12,5.12,-5.12,-0.7246512698027603,-2.145723208158959,-5.12,5.12,-3.360174249062921,-5.12,-5.12,-5.12,784.2396708218755,1.2206099033355713
-2.2443657341869776,4.501204973408341,0.7666748609523504,5.12,-3.1642263058801374,-1.7650766196297498,3.613808917422392,-2.4286894828005514,0.9043700893610565,2.199703412582985,5.12,-2.1330629235584526,-2.5654162650160837,-1.8706345028975218,-2.2565924442984984,4.093833137926068,-2.242641951078866,2.4002278675157687,2.0006512016093367,0.2863702538786903,0.432097978085201,-0.3781191691914465,1.3527263375718608,3.1563120672416316,2.110900808093941,3.4898837212392975,-3.498790762396201,5.12,-1.886813694701059,-1.5157296574834143,2.6443007961336216,-0.2143952645094176,576.3820652720547,1.9406201839447021
-4.913729140145281,-3.947107557258419,-1.5899947012196298,5.105542490430968,-5.12,-5.12,-1.7899595992338813,-1.0091742958889238,0.34976816815095724,4.683305526642358,5.12,1.8739317108319176,0.6961257060801254,4.144625548842311,-5.12,-0.20936760398145182,-5.12,5.12,5.12,0.3159891270783355,5.12,-0.795474499196823,-2.540459225703728,3.9310229776217414,-5.12,3.3787560488122166,4.80082548729708,0.10338783149592778,-1.5955174598223367,-3.98935871552134,0.5341242019299894,-0.2821013396745551,657.7076817890833,2.881232738494873
4.361446395137677,-5.12,0.5108011790898921,-1.1987172816001612,-3.269726390334446,0.2648553813875614,-2.7798034936476017,-1.8791123370927427,0.5940120734994947,-2.1629864966609667,-0.651508839077322,3.040570921955852,5.12,5.12,-4.6129562385488505,4.845317395738539,3.4273615922864904,0.49107887116974425,0.2402548495258916,-2.943220016907107,-0.308633621358533,-3.2372245574548923,2.815677669361813,-0.35160819454364933,-5.12,-4.693960962516939,-1.6036137895873868,2.735581948503235,-3.4813944897740683,2.482062646310526,-3.922917255929306,-3.1051145551950903,649.2749839934983,3.491852045059204
-1.3244120523779088,-5.12,3.007269635239358,5.12,1.9673781112158544,0.5667443975457038,-2.1901405863682055,-5.12,-1.1523399150150953,-2.73102509734669,-2.347168659935409,-0.9610681607379146,5.12,0.7916072639270473,-1.8137617577469802,3.4606492279385597,0.111829905067518,2.8291715137269433,5.12,1.6665772226111288,-4.2039179146424175,0.7263206774333026,-4.49615980827525,1.886297649065873,-3.96221884865456,-1.0245721007723807,-1.8355981030143584,5.12,-4.448168638765581,-1.7386416152117947,-0.33152225876479235,-5.12,568.073249604666,4.257828235626221
0.35173182110060797,-0.2005162672078038,-0.19583098969495705,4.380856170984425,0.6393833798464099,-2.7636246238010482,2.677936394437438,0.10402439677301345,-0.6495398379156834,0.7160555307792649,1.44000380145064,-0.778086412309662,3.4520058354965224,4.809597793469714,2.0553460864412703,4.746018715053812,3.419993462986157,-1.5554285380763218,5.12,2.116186344591524,1.426423646644018,-2.8056406886889165,3.134928929521881,3.3812944643283265,-2.4830429684408517,-0.41644108531816215,2.1975580239431407,-0.7387498351561739,-0.4169427327250519,-0.7243326913422585,-1.1777613533879419,0.5229789576749564,572.7898804490563,5.095588684082031
1.0881056271672636,-1.9290120880993764,0.10454059664992421,-2.478482576480469,1.3432844687969956,-1.6989375665525261,0.8230524468495402,-0.9931403309146658,-2.207924490167008,-1.3657804344628794,2.7689763211235787,0.33361873368502426,-1.3997368488920285,-1.0663346271134824,-4.09497162039886,2.707353654356557,-5.12,-0.15266445142411644,-3.0267080487010567,-0.1431285219726668,-0.9863608249976057,0.3012371568883774,0.7541054729489574,0.6763068744918277,-0.49649026164366816,-2.483056170535821,0.3475308791402938,4.2897586848374525,0.5684458473644893,-2.201823052577893,-0.01579274466099001,-3.5080278945423617,441.55546576689017,5.764192342758179
3.6832475149195316,0.1495096510635543,2.586966399405397,0.6684904991607752,4.201667159227134,-4.09700543281545,-0.3133020283683967,-2.933183237054598,0.8973121229174943,-1.3894706986826675,1.9861912265290345,-0.6389957604324756,1.7921905961963152,1.767788054643856,0.6601488860102442,3.5241933301037323,-5.12,3.617348708581397,-3.9948952166766722,-0.1146569496055525,-1.3145621082451315,1.0956006285915656,4.55820904940044,-3.8264158155757038,-4.2799857211816175,-3.2043887745428195,1.6919632140308725,4.12174117978383,4.649025525749393,-3.8182820506188353,-3.495027840959563,1.5792983758374444,604.8940548184811,6.476616382598877
4.6118153681254705,-4.980957838314476,0.23129980610152057,3.7730968243450276,4.28169646488455,0.2735663244652491,2.500338821889142,0.9814775298123095,-4.983932710605997,1.0070068647249801,-2.9663088401425837,-1.3447396037214272,1.8519620371749879,1.8251925656567654,-5.12,3.572836414178558,-4.851082041023144,-0.6131480883388489,0.1833338605504764,-0.31053283360098316,-3.2609206090649097,3.466148569116986,-4.603914554176546,1.48698784151002,-1.3306517880469828,-3.8899650342500296,-4.554728459558165,-0.5049956467008805,2.206255193465706,-3.2179481127443146,1.0114112214369957,3.313137015949912,624.4576832341065,7.061985015869141
0.2884082907278529,-2.746205063353199,-2.8968024746096335,0.034720900820690126,1.933109351628274,3.3358681610388894,-2.793833395267117,-2.68340001366595,1.7442590513828904,2.9652947201539783,4.64763435477906,1.668060428405279,4.5536851357214365,0.66587484666191,1.7613033293020104,2.606245012796708,-0.21982986403565885,2.292123989718191,-0.4658260810754573,-0.045582496135321726,-2.6933844826469193,-0.7326746332766065,-1.1536797902018594,0.765612801156557,-0.592821502399735,-0.3524707434035097,4.335297282054937,-4.17644647987454,-2.4174713843681532,-1.6866509726196166,-0.40867355751797074,-4.445193724751569,563.3081038273776,7.663411617279053
0.47008096956655976,-3.2922378134211767,2.1289272372004824,-2.7412142486609476,2.267868253194223,-1.8210900097630343,-1.2711042582613232,3.445775650015494,1.062211709678695,-2.0594443805275024,2.659810039935385,1.7314658775541023,3.2081554698707455,-1.2979667790203253,-1.7962962200117767,2.317343013532791,-1.2122620620086555,-1.078941783413022,3.2454772591780108,0.08674096794039698,2.89935899039022,-1.3302614212963473,2.70474408259283,0.8689836060363074,0.9934611559324376,0.38090924938900805,1.513987546501439,4.45602148834256,4.0656652292033835,-2.5032327283197287,-1.4965236099327552,-4.8275054180221435,503.21307886785985,8.366236209869385
-3.9206421545145007,-3.3774087195443343,-2.2930200715387263,-0.6559288797991476,-2.739083490231727,4.3841948565393,0.4815970870967252,-1.0175868448309835,3.6050746836687564,-3.8469882009501255,1.569031688915369,-2.4899694342777536,-0.595165568504016,-4.960334901817576,-5.12,2.7874219866346666,2.565268411992143,-3.1623214472592442,-3.129365100624935,3.469528431812006,-0.6162436851324902,-0.6074300626173708,-1.0050739932873105,-0.7091535724896039,-2.8584454079902013,1.7841537349343186,3.112169247814845,4.790897351461461,-2.036849132369806,-3.6915194734450028,-4.690916586314405,-4.258040565828033,637.4874397799769,9.3569495677948
-2.4303401781876337,1.3351510887666782,-1.3502646341992373,0.3575047425813782,1.2194623297999643,3.0396118718269998,-1.0613311106817278,1.982576462021794,-2.679251648790416,4.12839562422394,2.260832090068879,0.23247365094039996,-0.272096545115061,-5.055593092994176,-2.915572388030494,2.190718681343827,-5.12,-1.0128163877399308,-2.740181372197603,-0.3660622292657534,-2.1475102880642036,-2.694750523697528,2.0993189054755135,0.6650985763266135,3.1388153166410886,1.3783825938083343,3.529582534985054,2.7005733782754033,-1.120166276314488,-3.301885724957551,2.909476437292338,-1.569481061777796,486.73738931867314,10.039230346679688
-0.02787211407795187,2.0584933866936694,2.131413698382012,-1.222670989289778,-5.034376623509467,-5.0732136570392035,1.2692993029715085,-4.112302635342469,2.384129174961064,0.2700308920869485,3.1967719459162405,-0.621044319800391,-1.1344398514714369,-1.8675846439088213,1.0977948970305977,2.698804478715245,-0.8225038299149681,-0.7168763979472752,-4.839480637020809,-0.353445178928415,-3.0105401153983564,-3.8172993201254344,2.980426090220452,-0.5767949320942698,0.0391196057585681,3.1825552394174936,2.358433370172502,-4.827492244607998,0.39657354485718876,-2.349537757779733,-4.552460189745279,2.7521298803187175,495.758466687283,10.83275580406189
4.260293713910529,-2.0771601769980985,0.9307529094404128,-3.253940311732744,4.059995514305201,-1.9671658679169344,-3.8400093295390354,-0.7114629650025739,2.4061864939898854,3.5957972839142274,2.2522493026923405,0.1430067925516223,-1.9164339618276687,1.5190072412894917,-5.059806415127565,3.232681880052911,-5.12,0.3363713932606638,-0.5043794791686631,0.24072750903507156,-3.899657875008751,-3.17595713308737,-0.8041971703850832,0.5450574281715994,-2.1183245729526745,-3.0864328782385417,-0.9026355673285114,-2.5088735816789,-3.599971407665822,-1.0488373170595384,-0.4583502173564362,-3.5814754853732813,522.5519091618547,11.532140493392944
3.3258396273929103,-2.9837521854350673,-0.33464710926814867,-0.4956275267290051,1.4026225010151174,-1.5181901859426086,-2.043479531108871,-5.12,-2.4721255892933507,4.594521247149152,3.3348424043496427,1.1038611027772296,-0.040738500534937216,-3.1299842538053566,-4.252505860085333,2.2559885334850973,-0.1485958830428329,-0.5132447600495205,0.012114010755499116,-0.35708638055112196,-3.7476988223307406,4.829875727243805,1.2563999312988212,0.8079029979074619,0.4931416315377728,-2.674265409982565,3.3057904661051962,-3.2376292754424005,-1.6309821274252436,-2.0620170119393912,-2.7345877822836973,-4.148358725436928,560.371172537433,12.217960357666016
-0.1782953983523079,3.736664867497379,2.7488033179004026,2.5003967757455463,0.24652864437027322,1.7111779719149887,2.887655097852025,-5.12,-2.6716506187490734,-4.095459721534718,2.1138398825174667,-3.2164040076961573,-3.81234373155265,0.18966912081273257,1.1690726327245349,3.6114954450545644,-5.12,0.26191260606407685,-2.0677173767637793,0.176151109792551,1.0029892564296627,1.2861792249624493,2.518116132380637,2.1238891207376165,-2.9444395734892637,1.1579855823560568,-2.0150881887477357,5.12,2.108040259180278,2.015381203646051,-3.2407155241189907,-0.06537495244319924,447.73822858360074,12.916397333145142
-0.06190169803293433,2.602062752426029,0.3424103337736666,-0.7944171982528019,3.7469381191014763,-3.2320774797665455,-3.387847878076128,3.431148015864207,-2.829863199526542,-4.66633538030626,2.819933169739553,0.4481997379905831,0.6109698667309216,0.5585665129411996,-1.4090394177585956,2.332245801301638,-5.12,0.12781856228546395,3.419405131526772,-0.19748481203402246,-0.42171859213055907,-0.31180113916355445,-3.0061378711674465,3.2776243754028043,-1.629700148826064,1.1394356228676035,3.5626456183836153,4.699864661145992,-4.319136641799686,2.088554602694055,-0.8954691003140072,4.560936505842661,621.1822443734297,13.6544930934906
1.0791882093151166,0.11326740164191129,-3.0162293717615696,-3.3290811810217904,1.9178494733976148,1.2334230969759163,1.5841909706853237,3.339451547694968,4.356235103045006,-2.672536136534766,2.1250126696642084,4.285340068395139,3.51268375122826,-2.7174184032940727,-0.28513177884068597,2.775539998043299,-5.12,-0.4747249962775957,-5.12,0.18458511184063653,4.702362726920486,3.31111431467395,1.4437051442614175,-3.943221147955191,0.004826374723069016,-0.4770093027331628,-4.4624794825349845,-0.32083537083925684,0.4454685580956621,-1.6867882964074465,-1.3762788044661973,-5.12,617.8548872528173,14.396842241287231
2.1224186496512347,-3.4918821656534886,4.411060882133243,0.4030802404369629,0.9369925452639816,-3.54456151284787,1.44593574918237,-1.2757396902346785,-2.1690058533562424,-3.828946805162097,2.2509040127067044,0.6111536693736177,3.0581526682250955,3.101590844799211,-3.667837413559732,-3.0056231274852716,-5.12,-1.2665403664165047,-4.371387433069444,0.16473524642508242,-0.7543041662809058,-3.1099302659906236,1.5755833209818775,1.6790542674980689,0.8115592931450859,-3.842192758663664,2.1245932471591615,2.1935372821337085,-0.0642623399728226,4.538515455268633,1.2325850898608381,2.365222247678121,548.2769452705497,15.24073600769043
2.850163541536647,3.475313475832338,-2.5664324769874445,0.81023183821382,4.50809331767958,3.8721815222676765,2.1340419395918024,-1.0515427729744804,3.445729168850982,0.8048761515401406,2.2675954596234,-3.543071811601118,-4.409951872916679,2.8331937972006225,-3.583949889172887,4.430303747401212,-5.12,-0.08474419860946725,-4.035175793328122,0.08983244744096286,-2.675868239791344,-0.5789736855552103,4.501418445396232,1.4393212882038133,-4.32306980630072,4.936470608035427,3.9187577167915952,4.179446441729453,2.3728621371520378,-0.7150486002222758,0.6293532332825613,-3.946847378277682,670.4386887291264,15.948681116104126
0.1890235733355503,-2.934722355568431,1.045728552730492,0.45911347154400595,4.4054689642215115,-1.8307488603158313,3.833377627001423,-1.3777073695030424,-1.8993147650562685,-2.6330986052931693,-1.590296864683014,-2.4693648303386637,-3.5384572925144093,2.659139408697105,-4.732724618938518,3.9772031110838038,-5.12,0.38432370337697286,5.0064001849975925,0.37072417658916645,-4.19390558317808,3.8381860915620285,1.5315699059695245,-0.6243255664346501,-0.951322325319417,-2.9158460140713807,-1.084302052186005,5.12,4.652911044006568,-3.1337424190702516,-4.107577296768958,2.1874269646099966,597.3955252950809,16.795642614364624
-0.6481137382681394,2.498274169946213,-4.73373828515763,0.25931638747828245,-1.5635008967340531,-3.2393900635311383,2.214338779648206,-3.5572232152120877,-2.266930864796899,-1.2356749875554853,3.1860010667038408,-3.862433489842705,-0.6378360848889679,-3.904210292255612,1.6949776042343903,3.6625437351454933,-5.12,0.5253879094511227,-3.732677635446917,0.36611588323919353,-1.2273497068578187,4.615510037254594,3.157632559933666,4.286965178666649,2.0798194719649965,-4.090564637193782,-2.3705309570509026,-0.36445182032597145,4.114229582768531,-0.9763093773854017,2.0803608498614743,1.6615236785592842,605.2503207004858,17.59648871421814
-1.5230772346111183,-2.323436187546441,4.4396222161030225,3.3425414328616663,0.48454912727894595,0.6064543599428012,-1.595316329706757,3.3165872797362708,-4.420732194231794,-4.528100121279729,2.8837098718381133,4.067237083417232,2.1710767075213164,-0.7451290921370228,1.6385760994282261,2.7345360594759107,-0.10527480639992515,0.01710316981601867,-4.183070114543661,-1.1126454397064833,-3.2111570048577978,-1.8547226217739423,4.479815486803257,0.9511068627092047,-3.886452251267676,0.1579995034956685,-1.1646939295582017,0.1536441944617799,0.6035817874125975,4.922167250610758,-4.584768320241778,0.3937650340182133,587.2209195839844,18.44827365875244
1.8485017362574911,-2.068362482109189,1.325620095811515,4.889638559149916,-0.3976383395929801,-4.342618211821919,-4.903085495986866,-4.860619009231028,-0.496005804283957,-1.460204384068069,-1.967093341940438,0.16505287103880306,4.266169570187443,-2.999263040638918,-0.3051450658243766,3.375728801060073,-5.12,-0.401573362202706,-2.904605036974145,0.6323941989050459,-1.0311535047754274,-3.9622033523615037,4.101768989465346,1.482464207191521,-1.4321323586849544,-0.13278283679145186,-4.5866329558039824,5.12,0.8400495425375549,-0.7833169568263676,4.133548475476496,-3.073910451343229,562.6961565984302,19.19326090812683
4.169734127707595,0.13889114746665232,-0.7349545509126418,-1.0174646316982914,-0.9137262733892948,3.280446931119859,3.097055477610165,1.9347969253029946,-1.692600654163737,1.6288003187859417,2.3078276178098864,-0.6043136821301909,-4.6279889608316775,2.9124290790878034,-4.961753805918297,-2.3150593078356394,-5.12,-0.5819113171273544,-3.7499466536403236,0.6691149813878283,1.3033116419753954,4.038197153158753,-4.275030883042958,1.3519967006490718,4.336590565315819,-0.43886806225598196,-2.5717201076991922,4.441939359089317,3.4755784425175777,-1.4586068383010824,2.798993639969792,-2.9483938996468946,607.7783905185596,20.39284110069275
-2.3160621160238866,5.089135918298713,1.5257328615680423,2.734643859753082,-0.9875599109877093,4.718502397584953,4.2747856815813465,-3.34834240485742,2.949269314595882,2.440702058286739,-0.8693156634672503,0.32863346360330326,2.095486264489999,3.8304790947439153,-3.80092418322772,2.689114887895945,-5.12,-0.7218324329464618,-3.8733653365879412,-0.6345284128684279,4.444744002394629,-3.3420396554598577,-3.2529584086917502,-1.447019213788559,-3.8371928187528965,2.872396648442013,0.2717894331847823,3.024629304608566,-1.5930816521231348,-2.080072006240332,3.749283833175114,-4.128560612812848,607.5773404722703,21.394601821899414
1.9990312940212478,-4.744518080118955,-3.3683759815061505,1.485935058375345,-1.0439726169427948,-1.6453047816179343,1.3111045191411144,-5.12,0.9867282479449129,4.863717326583163,2.1522462455118463,3.428951104097975,-2.699118672724449,-0.6583732850314599,-2.8001117780704465,2.8976618911522047,-3.2482473038987565,0.11632283703651503,-1.2324459222806836,-4.448840619085257,2.879860786077983,-0.08081604856067504,1.3957560421836783,1.3751252155484792,-0.5932709644626213,-0.9038861828381259,-3.985920249165072,4.797920444350855,-0.760923216865689,-3.3080648303030333,0.42237027890828927,3.8470399461174365,544.589270500823,22.178943395614624
-0.8437929270970157,3.5157932961889022,2.564975461705907,-3.1812272647988724,-1.545472024959389,0.35508984157010826,-2.3528482560504176,-2.9739555238759876,-3.981697662160691,-1.7875682637957384,2.0748186924698837,-2.873488802972669,3.1400889687536706,-0.6286583943852619,3.3728997953615165,-0.05111571736684706,-0.17137082136887916,0.027388028435580303,-4.423606796111093,0.7555314521836252,-3.1196744513368513,0.8351023788635157,1.3100107772337966,1.3946869816191905,-0.7732101097640944,4.318635271042091,-0.6890677005723544,3.8558408164094624,1.8588536461800729,-2.012342355468831,2.106808124149434,-0.8093644344752251,458.09037184985334,22.93050217628479
-0.47896922413579013,2.3166814004697294,4.825704613531236,0.04515237978909781,-2.7465723431712727,0.4875052519479297,1.1092994916971897,3.8457232082552286,1.2285697480084785,3.0018220750843883,2.384294877847748,2.5622046433345007,-5.12,-0.631927142744046,2.48910713441055,4.03230368658932,-2.884985652900835,-0.12176263800807607,2.23222137832426,0.833142086323658,3.3709454157433294,0.14317605922163779,1.3727086935392636,1.2307571580614525,0.14272668570783686,-1.176686872132171,-3.9251003329677836,-1.1898019745923074,1.7588165410611012,0.271682257170621,0.8998367813302437,0.7851217378073523,450.6164197464092,23.94197416305542
0.6284804129242865,4.4725756893468,-0.12079718593770661,3.5341572844378417,-2.9819177972829882,-0.6615976526767859,0.5702470395054435,-3.3234702348967926,1.408441959631153,-1.5054731337179992,2.3745122641986702,-4.045746272228704,3.832729982775386,2.944707232979826,-0.9898389986691729,2.815573547350575,-4.733452228898929,-2.064635393164342,-2.9707985000599617,2.2188825266313996,-0.3316872196967777,2.6658123628698487,2.922325372491435,2.623821338948873,-3.1332951286563837,-0.2759182958978261,-0.6638233777241611,2.4982501874299956,1.060955893338562,-0.14542075055435877,-4.1206324790462645,-0.09450420577248586,512.9745781782949,24.80649709701538
0.0938905696251,-0.8317640303418843,5.0882949087824825,-0.5886266062719505,-0.8768273988283992,-4.384484554950736,-4.353656635053921,-4.076794290649912,0.7003411502342294,-3.1420084914083564,2.4682353635347862,2.355111396079068,-2.496397700976662,-1.5964511086270003,-1.4416141489775849,4.35115346365171,-5.002726255161707,0.22277647045139926,1.4119965828319998,0.1000816917326226,-0.6326926310050212,-1.1770756218395473,0.7511168007360469,0.6342893119565147,3.262255971868851,4.584466348171932,-2.54897100363302,2.271106769664587,-0.08724189612292932,-3.9450953119226746,-4.651660009192983,-1.7925563309909802,601.4296492898613,25.781991481781006
3.3776239734368447,-2.023663045906348,4.7287621073021,2.333208828292171,-1.419415511575067,-1.9778000274301668,-0.4362997796346715,-2.5605190075183173,-4.6249257396516175,-4.0575589473329465,1.4382640722308926,1.8650241616855139,-4.425323930760152,-2.6556303181659313,-0.4252872418380811,-2.149416546562693,-3.976388461533203,-2.4958514446838973,-1.6562199680982443,1.417571111011969,0.4528586054052415,2.5932614713740385,0.6632109177488106,0.05232247170114945,-0.5504042950469463,3.3837508753289507,-4.666723818319061,4.756551748052444,-4.6964262999918125,-4.990288860697189,1.107691334974982,0.8019780790752007,660.6357262222041,26.727885723114014
-2.7524078096040294,2.5365941482028713,2.8416763499530235,-3.710482669773314,-3.71793394851806,3.555789037978772,2.1337401135807887,-4.554394715511213,-2.364429520062724,2.337814564192077,0.8529140390405985,-2.1809369226730877,4.4271205774615074,-0.9165432039161416,-3.016219961000621,4.7472535526800685,-3.8025106262734187,0.030514333278356176,2.216300878186627,1.613909571119458,2.0605332969428902,0.30682331961488973,1.2695670540773802,1.3395575429058955,-1.4049058280365556,-4.374009237987078,-1.6744768009284865,-2.644544055098027,-4.771530937914821,1.171578346068972,1.8174370301164187,-4.6377002932335785,614.148937290352,27.693033933639526
-0.8008329399407668,2.0374145702023565,1.5220471882145947,2.216301995237271,-2.7542776047191553,3.62764269127175,-3.8768414266605724,-0.17582383947072078,3.1076343964509805,-0.12883692293219529,2.937098143655315,-3.0005555071855325,3.355495433395734,-1.1201755640967046,-1.6544018114048376,1.038739728717676,-5.0424070107388905,2.973619527589137,-0.1002223283331043,1.320792641055526,-1.1679853975448804,1.5540690279065563,1.9586590637054666,1.4799384080680023,-1.8078487837134931,2.7516563664328793,1.8468511095168871,-5.067005739795491,2.249333096407688,3.1107555137315073,1.5047070525434458,-4.200245486048291,444.89346225827774,28.533235788345337
0.9333489959266537,-1.5435878140809898,1.8922992535135688,2.9609955899054254,-0.3616586570891416,0.8795521086014482,2.6067798867371774,3.86946224450448,-2.21426083630414,-4.550533820535804,4.149918817071476,-4.062062714984926,-3.2916692787381736,-0.5922974073401175,-3.8428530514080315,4.74265977023656,3.292850076713086,-0.4118866523814484,1.228338691464705,-3.9211159918160794,-1.482073562357257,-4.54816745734874,0.7174928668244842,0.6245195274526711,-4.999112419592338,-1.4074530743710865,3.996522459040878,2.3341671750576545,1.791960310811496,-4.891628009732388,1.0442565207466954,-5.12,597.5490901189668,29.426198482513428
-0.2889496714623929,-2.2457133128902793,0.6791688612211741,3.9626160449460537,1.6109546802594572,3.6916608716182493,-3.6268752171011904,-1.251688513205886,-4.885208128116141,-1.2048771450685125,2.5911184987845006,-2.80767602530086,-1.6196796364905883,0.3366902552475928,-3.1076658778423387,0.8052870294623355,-1.1156505005719106,-3.268286336035082,-0.009994186273171835,0.34898667367253644,-0.44735321457313404,0.5796550083925203,1.4600670814549952,1.2143410987614134,0.774245680273137,-2.1785135390573935,-4.711032204329319,-1.153601010625564,1.7971131848126136,-0.6747618104547177,3.0536686156153072,-3.4183803793498275,512.859606212186,30.565134286880493
-3.2266351278416696,1.3274721861081078,2.244082902059551,-1.3025008895215548,2.928578438652477,2.0146974097769785,1.5359890213932532,3.5434686824517074,5.006788747634846,0.5079612187284797,2.0261248841247026,2.7395267416259843,2.1836561763849236,-2.0518706282616304,0.5528803250756651,4.484202069806723,-5.12,0.9871528763368227,-2.986519429671926,0.5080831847238052,-3.2067949017589257,-2.179906922000546,1.626126173006539,1.3263602442971072,0.6521811834424556,1.082702637557361,3.7865459231257548,1.4640555860176718,1.375941470733994,-2.0897809944741743,-3.755437164134618,4.238054815942399,537.7395203545215,31.767804384231567
-0.14221263570047338,1.5503571073478835,1.1921152298977757,-3.844604178417725,1.9806882085830146,1.3740862090705424,-0.8790657232532446,1.0154167895543136,-3.4813201548262773,-2.43867288453094,2.8022410039993533,-0.9663961459327552,-4.460058135860881,-1.282999222614043,-4.9707243576432765,3.151423550820593,0.1724146396172923,2.1381216074533347,-0.6585754442591254,0.405288780891766,1.378855014647237,1.0678205711909285,1.4488531448650255,1.1951132112577625,-1.0431311379634591,-0.7055378849392469,4.041669667501725,1.3258017618833629,1.8023539210488995,1.8055364602535722,0.10505636137058083,3.343733202528534,440.566430718441,32.63138508796692
3.7397525619124083,0.5548005446397433,4.845239139463161,2.8623361742002995,0.5312152219637483,3.093392266286032,0.0811907779503942,0.6245124655630176,0.3538650591157797,-2.060531321244814,2.426143078563908,0.4305784122246896,0.21907136091279877,-2.3257801953413493,2.800524772951036,2.0055001202345775,-0.8652671078567913,4.084997657983622,1.5612164856782247,0.7153500449896981,-2.673063073171846,0.8766873021707022,1.0360230632274758,0.6694975204262938,3.262943897170172,3.7175971416672207,-1.018973145948002,3.5336888202275665,1.3833817828539425,4.272553013209461,1.175415657085371,-0.6904480078767339,495.39412369502986,33.503258228302
5.040131702757891,3.776872231439161,5.007755807580664,-0.48165816817174445,-4.201244630112378,-2.367884991839866,-2.219794594068528,-4.226513805910173,-2.4696190203099,0.870118928251749,3.1981712674222917,1.7437549121767288,3.850528536747974,-0.6845006951944583,-4.244965295782685,-2.5143060557268546,3.00195433447771,-1.7152489888508171,1.3817524461856054,1.2742494647319917,-3.4198984796019656,0.9447136768896902,2.36942002853767,0.534375232620599,-1.134382894504705,0.6118259808127231,0.9183386863323983,1.4741052954692035,2.0373423324107174,4.1737540242249525,0.07889368747903092,-5.12,562.8037153446046,34.715331077575684
-2.0883359242859663,1.1114244972479481,2.9768077256454655,-4.137176465126643,-3.9681212017525267,-4.215985338488988,1.217053534050926,4.284641329634042,-0.5405400544384653,-0.36674588671283104,2.4576875100407394,-3.3686759003718687,3.4287097439084357,-2.969939484796002,-2.441687002725506,-4.112808666208585,2.9898927713517844,5.12,-5.12,1.135378692722603,3.2867505626748086,1.4357817962547879,1.7268193333941646,1.1761120607198237,3.0474013342413206,2.5534604357151958,1.7539753057192078,-4.016000546603653,1.8298007266881609,-3.1305473667691315,0.893121155608096,-5.04377697917568,547.7680759420672,35.7649040222168
0.22624799478928637,0.4869905597724973,0.17569704230958028,3.7709662916434707,1.9989393726755962,-4.489903190567489,2.6174238591319856,-1.9354454162121537,-4.922206325169694,-3.4158016573858445,2.6090114295169533,-2.8749453929612305,-0.8739934784731522,-1.138208537388286,4.703490801254762,1.924879231550217,-5.12,2.1997621294062686,0.31417538614394847,0.9467302724644044,3.3120589005336365,0.16908127057477262,1.2439979900473928,1.283889899678825,-2.157873483825012,-0.5615099893415865,0.0597157548965761,4.769531894935835,1.736493192294887,4.803117513221145,-0.177122065733184,-3.074358559509109,501.745430160989,37.62409019470215
-0.9168364483993274,0.27563021020676537,3.780415064771595,-4.4637992367240935,3.0223076040099075,3.7014863894844767,-3.009776339017468,-0.693697294896614,-2.7742322006911895,-4.401116423304867,3.081350021582769,-3.9686261680842003,-1.1340902385134326,4.612798873588793,-0.4112544417038855,-4.4215040624285935,-3.1079880909378,1.0355434257200535,-3.4415398913843305,0.6490023849458133,0.20203578030637015,1.5488734370777637,2.111695665450438,1.5924926216386117,-5.0864399401484,1.5604811459285841,4.867239719747512,-0.8070832527104308,1.9218688299857831,4.6301105117871755,-1.0835604483418546,-3.445647138392218,593.3388579970477,39.91512846946716
-0.8046309453599694,0.9507122328071071,4.397738439988516,-0.08993397493118849,3.439635449195822,2.2429945285582047,2.1514546563975783,2.5411105524092736,-2.3022701078076655,1.6092141923063696,3.8144023540507144,1.5318778827288133,-0.32289681074945165,-1.003029887746706,-2.2041660995501657,-1.1936829939479834,-5.12,0.7921359553950307,-3.50970963251872,-3.536968955885027,-2.8649269413135423,0.8837142934613658,1.09172335409726,0.9518349647826678,5.037939007825426,-2.0389501814407036,0.6685368386976789,-2.684351211198047,1.836418083350745,-0.7722245473507527,-0.9392514277714215,-4.614922779222409,490.42293586909415,41.800803661346436
0.15011503669343362,-0.9050751033847257,4.891888721676467,2.0228743057126586,-3.624067526316355,0.18060637627745635,-3.272801051833886,-0.10406331041814632,-3.0326886950318652,4.395684373246911,3.6564956566202804,3.4605390002586445,-2.919830977035789,-1.2685143290228695,3.902895667544489,4.3806380014682516,-5.12,0.6492202170774588,-2.7359489651227924,-4.7014685700910235,-2.512260828054744,0.610189127363105,0.9540186443300396,1.3177652320984876,-2.5030696277044213,-1.1757032468674327,3.174771501269432,5.040382618970884,1.559772646986854,1.8492073430043146,-4.887567310057799,-1.7471824506278382,584.1368431278871,43.89343023300171
-0.8878312295122122,-2.013470960357293,1.8747198715876685,2.5935541035160226,-2.4103292394724094,3.5630608086685784,-3.8097059108746687,1.7016997852687608,-1.9362595379515826,-1.8127482391341636,2.9821036171764908,-4.411693440248852,2.2788445453176074,-0.5583857602936035,-3.1325367755647484,-0.27227921094534224,-4.243298660939231,-4.9853823003930335,-4.800481910748345,1.5010034621132187,3.604737364429117,1.3936652004232384,1.7687194576292349,2.0767082707086475,0.02770891125865127,-2.614233769232939,3.7308907237425535,-1.6484914588879906,2.1999319269875333,-1.4087182317808793,-1.0740472008253938,-5.020755371551016,554.4946323032758,45.59241008758545
0.7496527976334155,-3.4675494724071134,1.6789560745797214,-4.939554339782498,-2.1939072973180265,1.542924944300002,0.21756223475506786,-3.4610374464805354,-4.025423648542028,3.5337741247508374,3.288258982467714,3.540215821333514,-3.3065700682873755,-0.9734589825929207,-2.734938126073892,-4.094018648849527,-4.854095781808906,0.3215550574649102,3.853009215002129,0.39468275007302633,-4.751632680442787,0.8386868160511494,0.7734956624025573,0.6258812714219735,2.120949992016026,-3.622709314880953,2.178521441256315,-3.3745453890601604,1.3034220824327107,1.9654585037170715,0.806851998628705,-0.293740880850172,582.7799503298256,47.67947864532471
2.510449975723925,3.234722284530469,-1.0009591149113257,-2.049975936455498,0.12237269229795089,0.0756513688136975,-1.3305485082072521,4.181940627714028,1.1663947438782394,4.153609906342894,3.5630162992559002,-1.7453240629485216,-3.0181377824976052,-1.2407197049182672,3.6705567200012217,3.730119276786758,-2.9191567266580627,2.4957322087233287,-2.6686642532682066,1.8607586733050372,-3.8127290682853703,0.6933927903876027,0.2983401831593717,1.2820221198797261,-0.07278073305890498,-2.5621432314638795,0.7885867941114375,1.6927639989224623,3.0096656686363046,-3.8129747514651045,1.0169820573768549,-3.0134690286366674,459.97237324974424,49.79353928565979
-0.6427119467797562,2.3751227423517483,1.2077424121609397,1.4228542468020624,2.773359946948955,2.412616338137383,-1.3975362447167665,1.2097214603642383,-1.2860567712706041,3.0758515299237486,3.0428487870287038,3.3263284366528234,-1.1876788103222524,-0.7557156196299779,-1.328636810492521,3.321427013194456,-5.034565719585546,0.5627856097883326,-2.2026724649254796,1.239112121926424,-0.38333659356436556,0.8560587384921634,1.380900140785573,1.2034836669910929,-4.706435337719319,-4.715145312974309,2.603921486913201,1.06914677801117,2.1801356146987496,-2.1559627100196304,0.5645316915987522,-0.5253408542367763,531.1564809136636,51.78683090209961
-2.55424466571419,2.8690487380338485,-0.9960427820016449,1.113193895698723,-1.1075222954910027,-3.3182753479410865,1.6102204256235453,1.1216403477134165,3.4031255060883945,2.4870879924194096,2.8304728483112047,0.31067237063239617,1.331369430890578,-0.43250729087632767,2.4170919702376032,5.12,3.1432161556736995,0.13106656509428927,-0.3965195396039416,4.0441413332354825,-2.709735678375135,0.47856768478078493,1.5103750966924778,1.1909335540294261,-3.258562073419201,1.1163863347693574,0.4492376995152254,4.216280545625248,2.169669974825016,-5.102093601120758,4.545834537218808,-4.6941097963638,573.0119710679252,53.684364318847656
-1.6348113734491654,-4.7193859704057335,-0.4971187123335987,-5.12,-1.2207341554609714,-1.2071579986308172,-0.10006852898685725,-0.04236016697981171,-3.9862173883010907,-2.0408308077128345,2.465065883989446,-1.0763835085956206,-4.880620484634264,2.879496799085067,2.9076932742463457,3.9357678885484626,2.3774822149508505,-0.9368395583612559,-2.589178876248185,0.7068572689970338,-1.2729311742590652,-3.8698708502412718,0.9565672981071502,0.8175832222508426,0.6853429790847994,-1.1382754920017129,-2.8715335904091392,-0.7756048963757349,2.6139683140558825,4.924967748568309,0.1442710551328128,-0.07908464911432045,432.0903730737046,56.44690179824829
-2.643676000893243,-0.27981470592820035,4.414797096095609,1.0245165463373311,-0.7047881931156441,-1.3457414408163686,1.1014971679279446,-2.3406935698317217,-3.136974249624898,-0.8633338077041133,3.4235915934639456,0.7782159079686348,4.912320568389725,3.034286249231873,-3.282081672837157,5.117197653035251,-3.435487248837344,0.043980816136793166,1.7630199566423173,1.2012647749460337,-0.5212676126881908,5.010429500539291,0.917240644102602,1.1530199825548166,5.083010228062206,0.15238554526662806,-0.03686979730761841,4.789354177510455,3.994769160032516,1.2925191850729902,-0.2050878854479672,-0.76067858270034,487.57334721519936,58.31658959388733
0.9104790965906924,-3.614306871360283,-0.7130147075966482,-5.12,4.264306842089746,-3.8363487998946946,-2.966976135086802,-3.536260558386843,1.7808042021348074,1.6388077129560292,2.353209271410873,0.2074743354427655,3.104573348764192,-0.7884075924802874,0.3261515656173035,2.837901285683227,3.552022568987133,3.367509912373488,-4.576856733321708,0.5620847147225625,-3.7023855098865663,-3.0521206351455117,1.4409112405968658,1.304539900979349,-0.13270788207519768,0.9035024653897237,1.9774325927568066,-4.616602445686163,3.0187610927616495,-5.000765093548782,1.2584302609358398,-5.09108310804778,586.3697857123268,60.762431383132935
-3.0570830627702885,5.12,-1.358964556006908,-4.695758645288132,-0.9892814962166696,5.062099892571646,0.5482787909357425,-3.436321099233477,-3.849606114470054,-2.911904175840737,2.547553717413863,-0.2705009081296348,-3.847261319639347,-1.244900678512694,-3.861261921266676,3.3179709289093884,3.371242164007586,4.102960101822576,-1.3446870181860833,0.12339537983308357,-1.0418055962996542,3.075021012672793,1.4836351471108893,1.3815830633318464,-5.0598069618621695,-3.0435760868833914,2.681235036908978,0.8903095239000365,1.9598503888272774,4.4284995439809505,0.8052691285687184,-3.46980004731782,574.0339681968885,62.89163827896118
-2.0129088481183333,4.315304495128001,-1.4906121321808126,-3.2622555189780553,-1.1595170512421036,0.8935563286136992,4.04207555875542,-2.602418261862428,-0.6517250527173584,2.6222077191033133,2.433523391835882,-4.370225851652311,-1.361415950477101,-2.757383320513233,-0.41372797626969327,0.7507160139412088,-5.12,0.9443391239547836,-0.4634662453896228,0.6898128708054356,2.7074192329969398,-2.9679005742495743,1.9539402754756034,1.5879244788356504,0.36164866892223024,1.7267396807678521,4.292599079102872,2.874244826442844,2.3519878790515136,2.0139040989728594,-3.938450326367607,2.6434556842585817,553.8363976450315,65.21966052055359
-4.487221698054495,-1.338398807497856,1.2964605533505953,-3.7253017757039393,-5.12,0.4782956137473935,0.1599552018201953,-0.5983080253436919,3.390755507473144,-1.1117919166518577,3.842389406958108,-4.59510662639062,-3.37930933439705,-0.45008816876070146,-3.0061728394071183,1.9548529860187864,-5.049748083984701,4.575874871756487,-4.432975358894213,2.2894467623959054,-1.5056622459771587,4.3182986421133505,-4.704661485619887,0.8508086194128426,3.434561708983309,2.771474971510048,-4.443081331903642,4.281953214798844,0.3037382097560126,4.218650670947604,0.9759390709775531,-3.7027358901806,723.3257823205362,67.59840130805969
-0.1365174216406313,2.584292266560765,-3.865662621463331,2.675069765334216,4.108015038355393,-1.1808618154969293,1.4185170258092503,-0.4544535019295628,-2.264675061387904,4.617074065068487,2.63656678801025,-1.9753925191980528,4.930344627620504,-1.5977688018747171,3.58377406676414,5.12,-2.038748161998597,-0.33310975228314543,3.0371003100186433,-0.021947368226387987,0.32140926134019754,2.3342233899499165,2.5482182255137307,0.38810132729969116,-3.3103791099713735,3.2266031850932295,-0.006917447691081158,-0.1444022623384873,-1.8910426144806394,3.461436736342354,-2.8307582854640003,-2.022150845832072,534.5007970252112,69.5511884689331
-0.7924204758091253,4.228666549788929,4.730269592727212,3.2786839599513984,2.3389821241669333,0.0014937706725053346,0.033412590297325906,-0.35792356952555693,-1.5322854683143978,0.27239829468726917,2.809215034107547,-2.9500715394704033,-4.269418758958656,2.7608119291915463,0.6687016296654757,2.412871475968349,3.9257290926920705,-4.981365182795848,-2.362149664266517,1.3374350968698776,2.731416137799256,0.7379038943116925,1.0127472946400289,0.9981299502923662,0.7746380207327555,-0.6864452131612682,1.335032158819156,-0.3147422794973922,3.004790591356069,-1.7349950974138562,0.11684833979559706,-4.853294872669814,491.09032612119205,71.52799940109253
-1.2847145233176325,0.6208824020595252,3.7083834624281673,-3.9427943159404455,0.9680722887292568,1.3094496467652155,-1.868080029125586,4.3993738301347625,2.4269699831974174,-1.184487080975345,2.877887107501656,4.639938652891488,-3.467144373626959,1.9859391647637255,-0.7492041603824875,3.4008591251812907,-4.823611913098496,-2.212007257364367,-2.0203949248447532,1.99464513911445,-3.968574445780936,1.9758676643756576,1.4270853406310122,1.051423394656032,0.05095990704336284,1.0877444439390285,-1.1768110234339537,4.575336659950698,2.7713189491505092,0.8138628830137575,0.8046005276459516,0.3457516675027952,480.1613553330287,73.68553805351257
0.40286473638963827,3.0555057523587275,4.965401792333743,1.5516460424736138,-1.2355573214688338,-4.169050809026587,-0.15947501994818225,-1.0870202799391224,-1.7483957531938668,3.844283938506183,3.0501333004995486,-1.78405719320995,-4.62271431662988,4.383261366246177,1.1218979272679368,3.483557743766162,-4.227516209642732,4.60143131151299,-0.31232326823656553,0.39382419726672424,1.4925304931758037,-4.355581634652585,1.1393938457622275,0.7062256296165677,1.6822350536942103,-1.1159586842300486,-0.08954287796940452,1.3214563413316371,3.0255679523066936,2.3076934112221084,-0.057392186246477905,3.511170179960753,552.5441438304205,75.76749110221863
-0.06803986202909318,-0.33812263576197576,-4.15121570859268,4.123824099428313,-1.5910960790021007,0.025110955832342796,0.0191209859759498,-0.41364521189832804,-4.283612847815444,-0.08164628274250774,2.9011927605175236,-0.6822237709944368,1.6466825540407282,1.7956319603036102,-3.9498273317378905,2.3104412732385997,-0.248483939611158,1.202716462978036,0.6309184933902108,0.8543291535464927,0.29256252203832567,-5.082097443282122,1.458878303722778,1.2261809292549763,0.4701627285265282,-0.05730041079729098,-0.38961993628588765,-0.36447329619415747,4.303462638692026,-2.646304425978395,0.25838850499787114,0.3958010536731731,469.163415931919,78.28484082221985
1.3842157187907445,3.05101968665931,1.6102788978388052,-3.1244898176311633,-3.086381599748741,4.802718955906358,0.030638466503858375,0.07802239430406299,-4.582336108948459,-1.4912313595244617,3.4841735923602206,4.423584779970311,-2.1712454888010333,3.6953241919464466,-1.9497849836620311,1.1092234244942913,-4.5197541595674835,1.9578645116463473,3.99231908304552,0.24940434457697602,-2.999932724424341,-1.889798027778797,1.32111546322301,1.0394018830396439,-1.8252555206181467,0.7804575803858009,-1.9416768862652578,2.275487189075821,3.8276215697863014,-0.80406417915815,-4.30421431729357,-1.1330827673980264,486.7601638790362,81.09953570365906
-0.5650044315899274,0.5145575520704249,-1.5670189782197923,3.554045953046372,0.33349367478907865,0.9327163535788099,1.1104988149412316,1.1616706265520547,-4.520694501582741,-4.627399994601618,3.0947555588735005,-5.0056769173706055,1.3992454331614805,4.746357388920736,1.5280088309752209,4.265273640097539,-4.60709240227528,1.186185338217756,2.8503483132984844,0.38641245445372085,-0.8113690566247289,3.999674818880222,1.159958850144874,1.0899290280513991,-0.9328168707248778,-0.6589086716775565,-1.4905878959159033,4.560692139649556,1.8209403411466205,-4.774563096436239,0.17653147882536935,4.47402036144334,612.776697165618,84.18086194992065
-0.1223046733768669,2.5828231743476247,0.7035336481650347,2.7922516970957387,-4.990339234069011,-4.63333397368659,-2.0610186378478104,0.7558184098320897,-0.5481230010205307,-1.4726011407438415,2.8584928782939505,-3.1634284842986844,-4.677728249096669,-0.7931209576093599,-3.330778760302066,1.8552221819514134,2.8656977279468334,1.1044961799050474,-4.575058293818753,5.043523626994673,0.4828673190983679,-4.667815194588515,1.2929405200973472,1.3317111036623226,-2.4398137127336135,-2.4232350867854633,-1.6324061594766466,-0.19525956710167147,3.9602295782225747,4.940373821265777,0.5548620171234777,-4.221321485878404,612.3466502748429,86.8694531917572
-1.1257139531324265,-0.9816216618718894,3.446568085207036,-2.8189469460123315,4.771776125334756,1.3910984364100045,-0.3346358366163962,-2.549132909613985,1.776955105736362,-0.03419096056570581,2.9317777303490997,-0.32954228470039215,-0.726425022706624,-1.2829204169330386,1.6639073885039535,4.038680567056455,-5.12,1.6021508515006637,-0.4151743604653877,1.7747022294995567,4.331971392324696,2.1408966688209423,1.8031987773430522,-4.530090877297177,-0.8317380667775378,4.1957248072181015,-1.407707163982884,-0.19196818838087193,3.1132615657352263,4.276845839570888,3.84122999532912,-1.5771892809930428,550.7165913944252,89.33010601997375
2.7508641423310403,0.9485349460536456,2.1430284146557463,0.2530588502215849,4.099906559101501,4.139476695575728,-0.49225345482105,5.12,-0.13910098345736088,2.3967503607981477,3.5360604893581646,-0.09783849958175228,3.968144606043773,3.704293938860997,-1.3240576154549455,5.12,-5.12,3.5167930448764713,-0.8676075079105843,0.8662633645284386,0.2041442608918569,3.272026120068003,1.6185517326070613,1.3401950193428478,-0.07400346146935632,1.8454011175185743,-2.539078457478171,0.10634122352007847,3.4499591747933396,-1.2345646662720067,2.890859187258905,-1.1025169011131934,503.9268036540787,92.90574979782104
-1.7148019269862278,3.624101573288237,-4.491690982692866,1.6869371913425244,3.0488267859922535,0.1714474616147923,-0.7828594123205281,-0.4285729255462041,-4.175019729200571,-1.7241247359916736,2.829808401855696,-4.928385962215452,-1.832318747410079,3.1869428796383046,-2.276919157463474,0.4843175900010923,-2.0243326130410226,-0.8816585629225413,1.3780604535796348,-0.6987925072182106,0.40151011096159284,1.1927483998418822,1.3881332489529656,1.628047664351909,-3.2682786341260615,0.1799194915572322,-1.661282232327403,-2.8064842166560435,4.986634436457879,5.12,-3.1661973777805743,-0.1602600872320208,522.0820839799247,96.3734712600708
-1.034418518727298,-0.11730014116436038,4.26171679872908,2.180556141070274,-4.167046923360163,2.438656128168893,-0.11675178824645727,-2.6308467097566384,-2.791090697516003,-2.964034990593209,-5.036808704028474,2.0389651159831894,3.5541281805619187,-1.811776564679664,-3.051477924122804,5.12,-3.0175751652828575,2.51542351463931,-1.5881237263495467,0.6307063312676329,4.62844846017405,1.1418262258810303,1.0479555981113355,0.9373050657115414,0.27082328256600174,0.1891826090014037,1.2304338676992685,-0.9267023862582899,1.922634453139227,2.0639406277151764,0.212121538618403,-0.7445350052446615,430.53546255240855,99.15294766426086
-1.2625862008784243,3.3486807620797476,-3.894324835328474,3.58533672714542,1.5710327605866485,1.0945142363966882,-0.3317649819797852,-5.030427830154327,0.4001047475386903,2.3831170886155464,2.7444425135235893,-1.1030206215812788,-2.0561782206666015,-4.753751038914623,-3.42300404205258,3.476503400607382,-5.04384233493865,-2.200882623214893,-0.9866913584032897,0.5577410805673431,2.2691390820407573,2.5508628332257324,1.4566383209743288,1.1767181054705675,-0.39661911270633343,2.3388462962934717,-1.2702871191012224,-0.36544608677710233,1.575505972654689,3.964374744194372,0.03549602709836819,-1.057741929996567,552.5288968607082,102.40920519828796
