-3.882852995185865,2.436182026924496,-3.4992503454194344,4.548235978721437,667.3396207736365,0.5699212551116943
5.051432258532716,3.9230082142701095,2.0416766629819687,-3.9096657146477805,96.10062429799201,1.1276664733886719
5.049373817197476,4.0361252957423455,2.264147266660811,-3.969899580721986,180.6718579459897,1.6801550388336182
5.042722799013279,3.906218971101681,2.0202302284118465,-3.9371353047932613,89.22187123126898,2.237090587615967
5.029591697820407,3.9209648479315033,1.9723464069559906,-4.090413017075578,92.30705069106735,2.7820823192596436
4.986555749231804,3.8864681809808443,1.1061060708526531,-0.022124008949288232,88.30992201557892,3.3040311336517334
4.953919812131811,3.8815317210279927,0.5940074849952737,0.23472662704844005,344.1006048063634,4.016550540924072
4.996176495292306,3.8725741998336565,1.1410533567584205,-0.0300711960760065,110.21424096848746,4.498676776885986
4.977081705544085,3.9037148810146975,1.0664580040280525,-0.021728986663233307,69.45438575984515,4.918122291564941
4.9679587607510785,3.9239630675099564,1.0363118143637529,-0.019909771452063296,57.74201297938497,5.363528251647949
3.3639361995274824,3.9432439491827465,1.013572646379398,-1.6284026551804067,372.0102737761979,5.820735454559326
5.046244865673441,4.027300366813143,1.0130716644589857,-0.014093633676967698,49.09852929530062,6.285504102706909
5.12,4.18311511624614,0.9947908005274746,-0.006708834987467327,131.14915002894918,6.653440237045288
5.106346574385621,3.7109239261709854,1.9640512981692542,1.5143296825977428,393.9436406671078,7.105841398239136
5.029244476435138,2.4680370659408046,1.0108863108392852,-0.01738423556469204,232.9100750049614,7.589004993438721
5.12,3.7203248121555825,1.9673764669888758,-4.220739106239855,291.19291052505133,8.179781675338745
4.927892217320685,4.021231930278895,1.8940007535752157,-3.990589900323312,92.48969078194288,8.72960376739502
5.0252986452937565,3.998170292627427,1.0312660222956023,-0.06012224778280384,52.547509724304874,9.229941129684448
3.307573427574529,0.8542563300556933,-4.137746647854967,-2.6535526265987746,402.4331699388518,9.746413230895996
1.3238714544185282,0.971971446517613,-4.211659513077412,-3.418886731039474,441.870883758314,10.408992528915405
2.196359232504136,0.702575214739837,-3.981269769371912,-2.935324632410934,234.90949613643016,10.989946603775024
4.75947088628049,4.0111380458744135,1.0139967171505795,-0.017345949580631626,135.04762420274238,11.690547943115234
4.8893142498361994,3.9335347472578652,2.0255097569665246,-5.12,129.89818399737942,12.327106952667236
4.99372286063659,3.945132739069714,1.1108135807980668,-0.20929840122002563,145.72032518243586,12.879918575286865
4.737148601217542,4.277132108267129,1.973668918994723,-5.12,324.3439468792253,13.599427461624146
5.12,0.7357494180304549,-3.987416129437677,-1.357045855846418,343.1556033895725,14.061644315719604
2.3212100747015665,1.1472440661540055,-4.388111156067681,-3.192829072259152,460.383394018042,14.57733678817749
5.094480948660203,4.035326091210352,1.9050819590564698,-3.983463309589524,99.099519965685,15.431983232498169
5.1054349773732595,0.7558056539189435,-4.146725414295086,-2.501948894371088,407.1590983288329,15.987672805786133
4.825934728013709,3.673999083286472,2.1419931935689034,-5.12,331.9580614280294,16.42762517929077
2.378593605864273,4.065216020854925,-5.057782582624823,-3.2887915565440426,369.7999957906386,16.92131495475769
1.9342536840172118,1.1089181418649403,-4.062906951419468,-2.984409747774061,69.50348713930282,17.38800883293152
1.8987746367855296,1.020079775430995,-4.004416175056818,-2.9621733218271578,52.653416135998086,17.97126340866089
1.8858099374132369,1.0308133132170871,-4.040384001839879,-2.9111507885867156,74.32394531037436,18.56102728843689
1.9002099629484084,0.9896603772834611,-3.9720073129582945,-2.9890708436999294,50.31184138661678,19.270894765853882
1.9086638253658066,1.017372726190124,-3.9844098467145876,-2.9957430473744453,46.65838374048977,20.066596269607544
1.6008733024092612,3.9811167216724828,-4.5471119309937995,-2.433934602624667,613.4516077384279,20.77682590484619
4.809079011872581,3.7535215630140923,1.8029643956042776,-3.877464708265679,312.55043420224024,21.513789415359497
5.018819259905134,4.006756782063968,1.00543595443708,-0.014479535355050643,43.51402421366923,22.06539511680603
-4.924224645942362,-0.7873669180907346,0.5373110055901327,-0.9310310392345533,320.3898217924792,22.816547393798828
1.9007803807252026,1.054206685918171,-3.962321272366495,-3.0213546863868466,57.79629368661482,23.579248905181885
-4.945480609282818,0.49904609549195555,1.1584661410819956,-0.5722513020634947,467.66209857666377,24.23250985145569
2.323186016666889,-1.275232203475241,-1.5019983894039952,-4.607794506494154,668.598628306082,25.04298448562622
1.8317281796652676,-0.8639453038952487,-2.456627035437308,-4.720253222281314,432.55212097009326,26.000813722610474
4.9827352716103315,4.06660397641554,2.012072037578492,-4.039325857916017,74.2714813951826,26.792729139328003
-0.1637301610497266,-2.7996565363908634,2.747294900129707,0.7586218986474718,329.9873000245766,27.58123469352722
-0.30739434279138056,-1.2306985315569419,3.268653289834986,0.7108749666512999,472.01568243934025,28.4278507232666
1.924590605165358,1.0005479040961855,-3.9914789206612253,-3.0044575619895175,40.863338005888664,29.233562231063843
1.9462979786659949,0.9949644596779956,-4.008642664614888,-3.021999512339502,36.76979673999797,30.142512559890747
-4.019227877251592,1.0127338433857211,-5.12,0.2178060593986597,151.50321008723063,30.943549156188965
-4.1266348344076045,0.518469167072789,-5.12,0.4117576269263976,485.15118712025753,31.76139736175537
-3.964309544790124,1.3678184930011863,-5.098002205540266,0.1617326128568095,279.26198315393566,32.58062744140625
1.9505681886718387,0.9938054673305654,-4.011384547681313,-3.0257708898551945,36.46305200971889,33.273396253585815
-4.41145879677733,1.5524738708333077,-5.042792840458695,1.8173989447415746,492.6374819718306,34.11614990234375
5.12,1.5830646897113434,1.016101140969603,-0.12306481679591919,272.50413848605996,34.87737011909485
3.3949525245842613,-1.4089615090511431,2.026592711558055,-2.6123542228272227,565.013639820425,35.69096350669861
2.20541117400402,-0.5078354941280159,1.7574846963582234,-3.6102802071929236,565.7104593370194,36.53535270690918
4.22643602153818,2.240356595687932,1.2012962932971325,0.22292665265452527,356.5128656819469,37.34304904937744
1.9566642332981816,0.9936189357317646,-4.013797068734139,-3.0234709697328097,35.29323035945275,38.22505021095276
-3.880871151761096,0.9515325936776016,-5.12,-0.3230501217681958,245.0232613807724,39.22387742996216
1.9667120983505288,0.9940792340568416,-4.008329366308256,-3.0064566482774437,32.42932782517896,40.018205404281616
1.9821931043526062,0.9970609169093381,-4.005145261424827,-2.9971608194166564,30.657844995535413,40.86995601654053
2.0037266431304657,1.00734022746511,-3.9983204092373947,-2.99340364358084,30.201877695773973,41.746939182281494
1.9994345850550692,1.0012701613115826,-4.000978477818658,-2.999576575443437,30.011628350704,42.5438346862793
1.5775459908685336,-4.947219714622175,-5.094629952838038,4.770605389180141,373.74012541849606,43.30401611328125
-3.5664506480166174,4.970798910565018,5.042109068811068,4.608093652184903,458.46293880986417,44.06439232826233
-4.041147585785649,1.133301021724768,-4.409613560044665,0.5364298261328608,455.4372698164729,45.12650465965271
1.9992162541339527,1.0014675473974988,-3.997480144707219,-2.9979591126793217,29.99362810535129,46.07629084587097
-5.07482555311256,-0.5210490161788908,1.539622251263146,-1.1019141119013698,456.3144605170195,46.927051067352295
2.0036113379049576,0.9869517951895297,-4.017110135340967,-2.996073859228451,31.071537819558287,47.762006759643555
-4.825808612470784,-0.06117954646440715,0.2291257052348019,-0.5437556596142006,368.25334192245833,48.61642909049988
2.1900638655848015,1.3030961444049174,-3.611919521800571,-2.8557360396337788,438.2878663911921,49.345154762268066
-4.5242146598577735,-4.701861385654556,-4.265669087878898,-4.287572072096696,641.0052070678107,50.09809732437134
5.12,2.4734755294687947,0.5358458519713096,-0.8514724490665513,497.01210698286604,50.90970182418823
-0.13319559026884153,-1.9256073868601415,2.1948008374534504,0.29733858597337104,247.6962294958402,51.71283769607544
0.5528673996119071,-1.9662183940590494,2.4931691510027045,1.2661109108428574,518.7817182330822,52.68982172012329
-0.7659212347583084,-2.1594594157009257,2.929520238222728,0.11104734025910368,183.00409692223735,53.599039793014526
-0.7725345090784366,-2.306061627144734,3.4272957363726464,0.453235823526728,623.7160025215551,54.63145899772644
-0.7145594245700604,-2.018135301866664,2.601289294862802,-0.06719908999359347,323.2925049800556,55.66616892814636
4.573012719081571,4.087471797132602,2.0542561972132614,-4.132769283366558,301.8855435728849,56.62197279930115
4.607233137925335,0.5451568855831752,-4.387330007264171,-1.7946536697121473,666.4239349968027,57.69441747665405
5.12,0.9280710392535401,-3.775277550331782,-1.9694701553040068,168.36889428127478,58.719279289245605
5.12,0.48697707607749674,-3.6541633082810154,-2.0025979377064242,427.23909343900635,59.92423462867737
5.12,1.1176600908448027,-4.039898027953838,-1.8972582575201655,123.84028616706127,61.23427391052246
5.12,1.4903662366874357,-3.741950960681984,-1.9063768790439832,394.8560359581963,62.36852240562439
5.077556090711185,3.9418109032446518,0.9830998878160582,0.011668566224354748,61.36741148069245,63.53099775314331
0.07740296280440973,-1.8074436171489294,1.3101354676655115,-0.07249297094717289,228.36201577165144,64.56260085105896
-0.5885343304733714,-1.8268594803046794,1.150366821454103,0.6040124321407072,464.6600680299189,65.6703531742096
5.12,3.9745946577015667,1.8797215695918803,-5.12,154.46016344094426,66.95258569717407
2.005816453979657,1.0008436831527607,-4.006393855697567,-2.951625155130028,34.52090399379192,68.21167516708374
0.5961250679505623,-1.8222716765502982,1.6161234113558862,-0.6045772096182027,598.8175113656466,69.38331723213196
5.12,0.29471914206924943,1.157260669451575,0.3182157743678884,369.10751881262985,70.55134606361389
4.252488114593336,4.94472776702835,-4.755449840932399,4.957810067241808,297.33090435575525,71.65219402313232
4.9938872374869065,3.999302940805072,1.050403274493073,0.07885904676266797,59.11678679601022,72.84923481941223
-4.77724832066683,-5.090470053037059,-1.667533278590534,4.914063363424236,338.1069556454869,74.14175295829773
-4.92839090364016,4.576220040837577,4.919614029648195,-4.450579050434019,495.64736043584037,75.38062596321106
4.8781067041065365,-5.0941036837187985,-3.9053834681495614,-0.8107395834760256,190.46708701966594,76.70550322532654
4.932092164299289,-5.12,-3.3087256363723334,-0.8025801945508384,301.82768947432345,77.96147322654724
4.826509692840072,-5.069206965568059,-4.47589493611407,-0.8185470269154562,389.86491035766943,79.2848539352417
4.426064697635732,-5.084664077201026,-3.7746603757535073,-0.2068344594510405,420.73253902607837,80.72491931915283
5.12,-5.112482388568445,-3.8190447617596175,-1.3751347090452843,348.61973775219417,82.13284516334534
-4.407475800232264,-5.0577527716150055,4.390394884874035,4.846259372951523,498.20095527353476,83.38986158370972
4.994267595649839,-0.6309380225864523,-2.7253377610137437,4.893278648242494,361.8869812488771,84.96062850952148
5.0191621039164405,-3.521466329387887,4.678374483414404,5.02182308352475,428.95275078073394,86.25279426574707
3.48616195266018,-2.574916283471249,-5.12,-4.870884019480755,515.7147814815385,87.42941951751709
5.12,2.4816021656502505,0.8983294524935177,0.8006079837640092,348.71138841072366,88.83970856666565
-4.603139133862884,5.088656906350709,-4.349587218336756,-4.823896286835486,497.90538597240146,90.29457807540894
2.2810000697357182,3.56803245629703,-4.871543894955001,-2.7858489745251607,468.29063450095146,91.7817714214325
1.8921031933836945,4.36557708407362,-4.827897826588453,-3.0453684764127384,300.75874630226167,93.19460558891296
-4.726357218730418,-4.73626848518124,1.2889906144665995,-4.799652166049826,486.44696608381616,94.63075280189514
0.18641662275793092,-1.682853913528234,0.6144797871002989,-0.1599586121458776,426.9444713009252,96.07798457145691
5.12,2.5582323670774763,1.6503478900834168,-0.16403955494238076,463.1723113336424,97.41535663604736
-5.069091275083065,0.38125909507312805,4.356170471584295,4.8872979447508085,437.32680241711324,98.96411299705505
-1.0829185669962698,-2.5690143252088915,2.8075101822902857,-0.2583359892553325,389.61530336208386,100.27103734016418
5.12,4.234192770760239,1.9396663294615326,-4.337635645352287,343.3299001170524,101.8934817314148
-4.483469945254417,1.0901689452914267,-5.12,0.0535331191323003,295.29935283064935,103.495858669281
-3.5260893487101517,1.0176947766214228,-5.12,0.2597801768217387,372.2720882043539,105.0410430431366
-3.87694210931779,0.9160068577590144,-5.12,-1.5010745449072336,313.4754712321036,106.63650274276733
4.9549154481940425,4.312734070601812,1.9611979740976597,-3.6294707243974234,374.21385271566595,108.08095264434814
2.1605772645369044,-0.49222302744856705,-5.12,-5.12,358.15000568313235,109.6867003440857
5.010990159971187,4.0096621774207035,0.9032453418659907,-0.10370518104335069,80.84169449180003,111.37338829040527
4.259918820725784,-0.5942788342314262,-4.599245771596287,-4.5959803706875135,713.505812375015,112.92928981781006
5.106607776242906,-4.587766926081918,-3.9411902831185217,-0.7055897528913153,404.23255077623446,114.4694414138794
-0.2151670172471727,-2.1065446468640374,2.8218823411350096,0.2657273438315224,278.6092470408542,116.03609251976013
2.451285346896257,-1.207300433422311,-5.0119828299626334,-3.595024996927245,497.33695738688925,117.65922474861145
2.9544974511463638,5.12,2.530666561390465,0.054459992392850154,276.4599543693332,119.30290985107422
-4.400860023750984,-0.3388920212488573,0.9518063380208277,-0.4659642861019666,557.0890209923086,120.99465537071228
5.12,0.9780623343746955,-4.21176320690336,-1.9050549695497487,170.06889505214193,122.59165596961975
-5.12,-0.07123234528796019,0.697726228582848,-1.140909304432041,233.91688194876505,124.62186050415039
3.679057213321525,5.12,3.290261605476739,-0.011529134555469334,346.08254858231805,127.02481269836426
3.211148167003331,5.12,1.6378618506208769,0.28699488732597356,430.03193956485427,129.55112886428833
2.064135186100839,5.12,2.9015017221010053,-0.13411413794933402,126.02460699366267,131.25675535202026
2.066508669452717,5.0424049105202124,2.952339637431801,0.2372181887493845,147.03047411585416,133.04557156562805
2.0911415422437667,4.791945853281335,2.8757711034795497,-0.10034583982151357,173.69191679625868,135.1158266067505
1.8541992122562547,5.12,2.6520799298452644,0.04082085448412176,263.8859221045493,136.78670167922974
2.2432472012924993,5.0915113689654445,3.1723512790044177,-0.06447754390028404,214.0809367376765,138.77364945411682
1.7696817490353878,5.0274376766217825,3.116455644531343,-0.09685801495927926,170.8266278491726,140.53016209602356
2.016172372653121,5.098853979037046,2.9182546761012036,-0.5989378043521238,252.32625526022025,142.8379464149475
1.8430886653261727,4.68965734641166,3.1839783589870896,0.425912896567179,466.5669848124513,144.61519837379456
2.3553251203431094,5.119542241294103,2.797772318758434,0.12739894894699066,328.7551805006416,146.44479274749756
3.97918343281565,3.5611940179286234,-4.791904919763577,4.801254888657826,410.4063193067888,148.3553123474121
4.8372062632991915,3.880778599133003,1.7089869612147721,-5.12,294.8588959820938,150.2877595424652
-0.7017270069921526,-2.003304368498575,2.653690485044593,0.7117813052951929,422.6141385841628,152.2658610343933
2.2128706806653966,4.320300562175251,2.6695024742029174,-0.643822848844966,561.055782438812,154.2476577758789
-5.12,0.0839263874374625,0.2761811515429917,-2.3526149789852506,348.995818270856,156.2493712902069
-2.9008385690977905,-0.42619370059562733,5.00607909408417,-4.83951955345516,312.05204011943266,158.06029343605042
-0.6956055922497208,-1.9336307541476674,3.1180324397507624,-0.2928816975819881,308.99685509472124,159.98223209381104
0.4589006640286959,1.4510892294758193,4.876860180297492,5.078416175955602,484.2514408687314,161.70194792747498
3.4956680502404263,-4.981071134426109,-0.4920070440763098,4.994651376679733,462.8191466809623,163.79452300071716
-1.9590684492635075,-4.1627055781825755,-3.6371829187188167,0.8682377370513681,283.7510265676998,165.82497119903564
-1.9275158864110598,-4.8008802786236195,-4.342417310590313,0.7745505085413846,364.4803000005173,167.88850665092468
-1.9893487586475618,-3.5545891737684494,-2.9649621915821935,0.9573333854520714,226.68460181798687,169.87740087509155
-1.3987486632187012,-3.558040298987959,-3.2097123049847514,1.0470929603596142,479.17751368414224,171.65131258964539
-2.499906899612895,-3.6460635595382525,-2.855880399736157,0.8651819976959167,461.2654290618471,173.86447954177856
5.12,5.12,-4.037495857685893,5.12,179.0163849810267,175.98668360710144
5.12,5.12,-4.058434104914148,4.590412662362129,335.13609492745604,178.25920748710632
5.083565041497018,5.12,-3.574434022590891,5.12,347.9861653798142,179.97624945640564
0.3781710512540766,-0.5227270834777356,-4.953998318885601,4.945715347847073,430.4147736185103,182.3678297996521
5.12,5.12,-4.461604868576404,5.12,376.9626884590094,184.46890258789062
-0.03171042058109563,-2.218072644244248,1.64543158336709,0.17516045707290218,305.4780416834042,186.3974688053131
4.848820604119706,3.7158131549581883,1.1156783890928796,0.304160181208168,360.4418991044363,188.60990977287292
4.947930624846573,4.075856502368654,1.0526842866225374,-0.010470309544301948,64.29735224610967,190.6968719959259
5.098707408493634,4.0260221024988985,2.177397547610946,-5.12,176.16981607409676,193.04862236976624
4.671177612380158,4.449828381391247,0.8001330616967524,-0.3263640079946608,600.1453276901002,195.12786674499512
1.7681341804227895,5.12,3.560743544175156,-0.5048480835055855,550.7664599128489,197.18640518188477
5.09936053690589,4.206549865123546,1.3366134154068448,0.1797200261944054,346.454549265418,199.36076855659485
-1.8586142835208692,-3.1407118668531693,-2.569145213061521,1.0411257243549334,288.5667953888716,201.56463479995728
5.12,1.5256661055682903,0.3544615628689902,0.3618322872298281,580.2525112499878,203.77788710594177
4.588356095461845,5.12,-4.014260677869152,5.12,329.1852686728731,206.22422742843628
5.12,3.69880670631514,0.8417375916863872,-0.2686662334652805,356.5935071482707,208.26446866989136
-1.837893525060935,-2.157351862706211,-2.0185428766224294,1.396094300107392,286.7280302069892,210.94592452049255
5.12,1.294459496104257,1.460398307793283,-0.6204108779931063,554.7238085432484,213.49760913848877
-1.707670988537282,-2.275186017521341,-2.136491736822163,0.4032783719324957,471.5323633085985,216.16922688484192
-1.96062682678143,-2.1325630304617533,-1.953531636737087,2.296767535351762,186.4518033298196,218.56481099128723
-1.9620672701162851,-1.782806569843125,-1.7399576307192057,2.1327126039828146,236.06678040730458,221.2132179737091
-1.963171233037305,-1.9038832296504715,-2.3203240719545977,2.1996394743748713,249.69995452253397,223.4630012512207
-1.4717988074729806,-2.134313610283048,-1.898997280743027,2.2409438548097276,361.1128145908115,226.0194067955017
-2.397853463567601,-2.1229442319938086,-1.9220061198116252,2.21057744368386,314.5725220352542,228.31041550636292
-2.00130002583145,-1.936067217694669,-1.9553841247408128,2.7461304402736246,133.4166002082912,231.43184900283813
-2.00432548397821,-2.198791408139919,-2.1221851645372998,2.7999868380320354,186.7655277306525,233.91033124923706
-2.0110955455785557,-2.0982098590021803,-1.6822841751373852,2.7716567393576383,265.3539809015624,236.45567774772644
