-1.2189856975133564,-0.12259691455504385,2.5896161000583833,0.3200404644012451
-0.01760005983560653,0.06581171733020152,0.095031998198702,0.6043493747711182
0.002789165153238571,0.07126585331220436,0.10382816288938357,0.8537225723266602
-0.30639815022236494,0.6174403353959361,3.561985966072654,1.0371954441070557
-0.2036999254514793,-0.7685503229452202,2.2290458900327477,1.2679738998413086
0.05649437740333241,-0.00042327167723144044,0.06553655197035435,1.6134998798370361
0.07224586867838312,0.0008427504096282235,0.1065052897232327,1.8641672134399414
-5.12,-0.635702540837948,28.54754339023998,2.1185686588287354
0.057902513656912014,0.012290209020334508,0.07193678314566365,2.3414928913116455
-0.31282593073777853,-0.13736759501678186,1.8512241208030251,2.6833412647247314
0.09583448766075886,0.03376912174331892,0.2086278785860599,2.8516769409179688
-1.951998802571341,-0.5810542538566397,6.066157368111167,3.218413829803467
0.11591486705269993,0.043030845451190736,0.30531868503920045,3.448930501937866
1.2855698056356202,-0.31747900182003086,4.3865125579759505,3.760869026184082
0.00025036768595576575,0.07668412413022185,0.11972899924655855,4.014226913452148
-1.0392704650710645,5.12,27.595801545077904,4.32618260383606
0.034297173417230375,-0.2774762764165244,1.2730810769139573,4.657525062561035
-0.010258075566671465,0.0853982566440763,0.15000894224615224,4.976555585861206
-0.009748515621889275,0.09009563530921838,0.1660817600765897,5.262950897216797
-5.12,-5.12,52.970862745157184,5.673694372177124
-0.026476924386736655,0.0555287016570416,0.07783999277026454,6.0498435497283936
-0.026098024920338858,0.05800441575088833,0.08314097827882982,6.2973411083221436
5.12,5.12,52.970862745157184,6.567538261413574
5.12,-5.12,52.970862745157184,7.039547443389893
-0.017803530935613487,0.0586007069472636,0.07702407312578818,7.461314916610718
-0.018180820997240943,0.06190783432441194,0.08538369314861805,7.753031253814697
-1.1961388663919483,-1.9267853987139087,5.915210307964929,8.193515062332153
-0.03188644526473805,0.028722158158535294,0.03808437169691492,8.506647825241089
-2.4970343759634472,0.43288778463211397,10.334802143354766,8.826003789901733
1.3926456095909119,-1.2638112076987187,6.404352177170955,9.101938962936401
-1.0653475136293649,-5.12,27.703511428215148,9.497755527496338
-0.0761038253434494,0.10970653450424805,0.3583035876610856,9.899933099746704
-0.08560394499089607,0.10933198591644455,0.38729546299490214,10.26033067703247
-0.8226108602986555,2.3836977734060234,8.66281419391414,10.585452556610107
-0.07723839362805407,0.02519873628064584,0.13457493230274675,10.88291072845459
-0.4586011025989922,-1.512547507059507,6.461368709566864,11.237489938735962
0.04207722776575462,0.17286505387393536,0.6004963736411607,11.51465368270874
1.687076214717516,0.8486527903015562,5.370663684637346,11.840055227279663
1.4043548462850568,5.12,30.28243921954504,12.220920324325562
0.01195814166214415,0.16145013599920421,0.5009188781429946,12.636343717575073
0.009567229740177652,0.16465393217696178,0.5180968567889119,13.045140027999878
0.007256191587979188,0.16750171945957604,0.5336993294041836,13.44167971611023
0.004875908908655191,0.16951752544480048,0.5448212588037047,13.807144165039062
0.4127432901757446,0.12607706745936564,2.337384988011207,14.265736103057861
-0.0346980737238205,0.15730839949411202,0.49959243651699314,14.66709589958191
-0.038876284799937544,0.16114084183676614,0.5274020179726233,15.116951942443848
-0.042101848713980594,0.16247970347826968,0.5403504050257416,15.456993579864502
-1.356358704132841,0.6406368443101851,5.504090438312835,15.87589693069458
-1.160028465667435,-0.8633533701541278,2.901853408082295,16.25693964958191
0.06980966761781815,1.6392574553236194,4.427714706503726,16.583959102630615
-2.2484255217051534,-1.8395178427170356,9.896084180321385,16.951889753341675
0.4663112461192487,-1.0413259553816472,3.313009102920669,17.406354188919067
-0.0007646950588231505,-0.005982841244031256,0.0007543915228911402,17.791651725769043
-0.0008472925045444057,-0.005821403211240472,0.0007176397220214348,18.219085454940796
-0.0006981810210655581,-0.005674084224650322,0.0006777457771691697,18.67840838432312
-0.0006295461617726872,-0.0051858091398715445,0.0005659041507609652,19.11057186126709
-0.0005571938137896026,-0.004848835642819793,0.0004940067282535043,19.633338689804077
-0.00044450535910200983,-0.004494572278452402,0.0004230277434403851,20.084710836410522
-0.00038538996893144883,-0.004223498772046419,0.0003730044369106844,20.59025239944458
-0.0002797581115077108,-0.0038969581461341107,0.00031655965903987227,21.055583238601685
-0.0003503543630065664,-0.0037005582981457508,0.000286538978397477,21.559076070785522
-0.00014074517355666671,-0.0034600051531050724,0.0002486837718649326,22.045838356018066
-7.704972485012007e-05,-0.003179229545738238,0.0002097380508399027,22.558505058288574
-1.5256156761900286e-05,-0.002949725587865437,0.00018044929958371814,23.08187437057495
-7.64485162463302e-06,-0.002887430028472693,0.0001729047117802196,23.644285917282104
9.972538724944968e-05,-0.00252506389751872,0.0001324357250384045,24.178680658340454
4.6823207354940166e-05,-0.0024786779772618672,0.00012746149191311673,24.782889366149902
0.00016160076534799117,-0.002267346564744699,0.00010715726234744594,25.422346115112305
0.0001981067713918705,-0.0021214372800475445,9.414935067697527e-05,26.021315336227417
0.00014729584687067643,-0.00203899005491337,8.667169179465972e-05,26.612095832824707
2.674376137168366e-05,-0.002006440676754373,8.350577448446028e-05,27.19775390625
0.00030825061220429717,-0.0017021120397764378,6.205539446613173e-05,27.800708532333374
0.00027888334940584514,-0.0016081737573729882,5.524879171769914e-05,28.550692319869995
0.00036806571175329594,-0.0014639417729620519,4.7256017810637374e-05,29.229323148727417
0.0003838770929780466,-0.0014851707009713166,4.880098284110179e-05,29.92350482940674
0.00036430881574656127,-0.001272525821704562,3.633581169359967e-05,30.644384145736694
0.00044344076205860006,-0.0011353635950417384,3.081192890552753e-05,31.35579538345337
0.00046615030368890586,-0.0010402443517065763,2.6948540412630173e-05,32.016509771347046
0.00048317995918711887,-0.0009408990341306378,2.3202015577594715e-05,32.699970960617065
0.00043143354632757536,-0.0009521664267841956,2.266283526908275e-05,33.41539168357849
0.0005330888850263449,-0.0008122010077444841,1.957475658198593e-05,34.070526361465454
