0.9837680969863625,-0.8979480380978302,5.056474639395678,-2.448139913309804,-3.154256028015836,2.7134277244164426,-0.053327349601378415,0.392684242310648,4.0357719723996075,-3.7404934384588735,-0.32952805716764644,-2.6834019918779592,0.490144761492628,4.737033801535323,0.07110976992276097,-2.579863376435403,1591.4117788467595,0.6801409721374512
1.3150829697245534,0.12818612944904118,-3.331062638226822,0.026225079912649996,0.9920884416587583,2.955968769826911,3.3177216809449304,-3.4841776903725687,-2.088024727871528,3.7018628734647114,-4.9096678853998235,-2.6405924295348693,-1.4490206627526545,-4.296969132072227,2.8619059610351716,-0.6854503742463711,1612.0052646562915,0.970203161239624
0.40375402752178857,-1.3964608117402162,2.198618820787872,0.4385337269147307,-0.16395956582347804,-4.4299287731577,2.2655897069024844,-3.4809446261578625,-0.7698492447033569,3.7022631211573556,4.447715427937047,0.35914116506956795,0.22464748832114445,1.1391380933644726,0.7085374532634194,3.0107788057544154,2081.0276718125656,1.550184726715088
-5.059835290952909,2.8474837510114366,0.35114957870801433,1.308016985352979,-1.271267583444594,0.8106708333783139,-3.276347610661479,-2.056340077995429,3.3062013490188837,2.319001003531679,-1.1502250206900535,-0.5118867965914786,0.7136156091484773,-1.2583848897601286,-2.7062126064370995,-4.2649502529148995,1723.707896667017,2.210125684738159
3.448023097567174,3.9307762561712964,-0.9506712810296305,1.164482248355175,2.9356306071478793,2.8343278307783395,4.871009669676638,-3.2144618982322286,-3.482457142110446,2.557083038588896,-2.8982845313345,2.3071896934801144,-2.920219583476813,1.2438573999061102,1.4057122752150324,4.697691623825929,1542.5054010540484,2.930266857147217
-0.1301686135726019,2.316748366770696,-2.7799733266454707,-3.90976583294292,0.6848821660970694,-4.023937940332341,2.9069074660395886,-0.7530046954319154,4.405919945040089,-0.1599990665075781,3.096702766531199,2.9099889725193266,-2.663267539998082,-2.998836497902583,2.262589523458864,-3.8584561394917145,1212.2491957662492,3.6653316020965576
-2.450567560368732,4.879922165410648,-2.688944651898517,-2.7770207190475498,-4.397859474587832,5.019969135681808,-4.328620024125654,0.43810079364283716,-2.4002449850145733,-0.1136952348230329,0.49156954266341835,2.406270290316594,-5.000435002985991,1.2180878789828897,2.8275121131260326,4.706465172117542,1989.1430946016853,4.440370082855225
-1.4997013557537988,-4.979931684738335,-3.459533167335082,-2.8751493421871857,0.6995189118914356,4.884285409538582,-1.3565517379990064,-2.847355839563998,-3.725045463102858,-3.8454896999855213,-3.0847809420083703,4.417555278791617,-1.1741376153274086,1.8266140629924221,-2.1962283832949967,-3.523032561153932,1682.6461421706165,4.740448236465454
-4.110320782288623,-2.471951001537618,1.494115540184084,-2.450529357306229,0.5704531009905773,4.9196392034011565,3.143703355377375,-0.6048627913993299,4.529205368597986,0.8501941572663752,1.5308180515117478,2.3192942194243464,2.8327964714336558,-4.093069956233757,1.9309444494896866,3.4720317246047427,2026.5702513344675,5.550370454788208
-0.15320189438832266,-2.524222127000348,3.464662618659948,1.039363390196999,-3.184092085302571,4.8358886125135205,-2.1490193392966166,-1.616077451192095,0.033599651986706114,0.24225322718285724,-1.012320962834452,5.045954603775042,2.847866172571628,0.9575476261047013,-4.855304759077539,0.4267686754262128,1261.3199211521344,6.460550546646118
-0.538904018062162,-1.996422534171025,2.386237659096661,2.0311887980549432,-4.034633634493883,-2.51014272893444,3.7832341373601723,3.119175551210213,0.6337413945512651,4.827373003190661,-4.896592888641843,-3.4888917206115213,2.293224898612112,2.437172190287998,-1.3742317614186943,-3.3012567778643844,1888.5081061662654,7.410516023635864
0.4951450635508081,0.36497923631217155,-2.6029031685931563,-1.523731736613823,0.6331839391670284,1.3729001224965076,3.0492028547398187,-4.412716213449483,1.473935977163169,-2.415782848619289,-3.6748284950570755,1.9746616114958089,-4.676590447988441,3.7968767036215203,-3.1206776696973333,3.9112822095637183,2188.633553413813,7.700282573699951
2.6613657544996823,-1.4135521032783034,4.115136728961251,4.518627214997514,4.6815529692690765,0.3042270470234767,2.3706815642862304,3.5286515403577168,4.9237088364560835,-2.5018547542894742,-1.204197321264877,1.0917734127464511,-4.000220240269101,-0.1943027495529952,-1.0906875105608504,2.184297121679193,1787.1882829546803,8.86071491241455
1.0306422089921945,-1.6541038882370511,-4.492610612759729,-4.111282946208318,-1.7974058421916466,3.315079365500682,-2.5173358768881138,4.371965399386997,0.9769186339152114,-3.8533248305589707,-1.9237139518483746,-0.35053172504594965,0.7037020870615471,-0.6967973454927678,1.4366866218033172,2.4972355311324907,1935.0893001056907,9.960782051086426
-1.8428055715556066,4.582342031892318,2.713139669383972,-0.1300097571786134,4.684050270104691,4.44915586857653,-1.502340006575643,-4.321791366528066,1.4023126561702437,-0.3142676691587356,2.0646928243443927,4.560884316922595,-5.10347303678862,-0.19886658984563876,0.47023098655256046,-4.328607340262733,2188.196260980972,11.10076904296875
4.432194283633561,2.1785432528060236,4.035133180672864,-0.14067829130472198,4.239043382641628,2.310819145673878,2.154603853567015,-1.1598224195056592,-0.7338857496518383,3.8893911115603723,0.5144486525352372,2.88336478287927,-4.5829306595656,2.6167557314284107,4.669496432260035,-2.0110883918194755,1623.18585458671,12.300766944885254
-4.234314981315352,-3.020961608513464,-0.11854814241698719,-4.193746697928289,2.5017000004913177,3.9082516459980647,-1.520169687992985,-0.747420247498229,4.924008439974997,1.426125424205737,4.074517443993293,-0.6797639200971277,-3.0739646142475414,2.172202874844162,3.6934454667540146,-0.9587960787458742,1396.8499869418465,13.580869913101196
2.802406409920766,-0.7515919976514915,-4.2382092275937655,-1.6837925888658214,-3.8618927992999295,-4.93377289307417,4.70111190111323,-1.084273178577754,-1.0759178566565968,-2.1571307592235516,-0.16850478073429365,2.2368140992263212,-3.693789854831701,4.206620818430964,-4.978930453795049,2.5271936956643204,1358.4709955092055,15.005875587463379
3.1346856485896675,-2.6620053013861416,-4.8535416214971665,2.9183450670231457,4.205677145492861,-2.3478849295926802,-2.8168300668837727,-3.3436888458286598,-0.820747646758325,-1.2570861020476514,3.3981343352890887,4.59302304153137,3.560221844749088,-1.3311341144242141,2.603528727285765,4.418131222294213,2083.8733506219837,16.48108673095703
-3.0879593639696665,-0.7500173012264861,2.0772681990471256,-0.699432723625514,0.3166076772387729,0.9079691499971947,1.0898734929822593,-3.0074357627602892,-3.246000210731364,3.6970224766355733,-1.6749714431897127,1.2810142186860904,1.6880653076596515,-3.6526530112966893,4.9112279429324035,-4.331810313499473,1498.6185199686913,17.986077070236206
0.5719609002626722,-1.4796398904236874,0.45755182147256246,-3.769386160123075,0.3402614214075186,3.942145081665383,1.0589674903574933,-2.6834576778225365,-3.6637948350974656,-4.4338734345925035,-0.5920180062067519,-4.716527622196387,-2.5043620805584177,-1.3527060344021304,3.467996938825947,-2.3544058639925067,2470.1130463995164,19.501065492630005
-1.0154259117303255,2.345453676509165,1.7388648291292874,-3.8325543013767396,2.171299100825461,-4.467938093430299,-3.1952964596432385,3.700267033172559,0.398307219916445,4.686912049402685,-4.011981987794055,-2.4133573053579798,2.6471013175302813,-4.28633413289916,4.890567863916959,-1.9304856655165903,1751.4770194571572,21.061199188232422
1.8892183585374918,5.090239704614308,-0.24686119149754937,0.835342598932086,-4.08275534668722,3.4665117654809334,1.462562311423281,0.4070105126351766,-2.978374160458184,-0.3559855794400555,-0.4014711106650646,0.014663957835526986,-2.845118329487796,2.2582307200563863,-3.6468243657105344,-4.757081549110991,1646.427525792537,22.68130660057068
-4.985769773207782,0.6399656482557408,0.09791961162779561,-0.33997967462652845,1.106026367485672,1.8410078101115106,1.6694606009516288,1.896092756906949,1.2087764753010246,-1.3837084077926551,-4.741362416953349,-3.5800369439363973,-3.35814478592488,0.7015954773734583,2.409535698678763,-4.057297218085878,1706.8439479104861,24.36143732070923
-3.3884689800038617,2.137357424404242,-3.640868838287102,3.8711193108676403,3.9587018536093703,2.7136011213566134,-0.054393037157602464,-4.044575506491701,-3.21113611790135,-4.311524036948101,-1.1766995163353706,-3.0744707036000234,4.044959460271511,-2.0201888135607935,-1.1629183374710363,-4.605712779841606,1219.2188986138026,26.151444911956787
3.113796725593388,3.373578471745769,1.8161757500344926,2.3146151347760453,0.15201448028666142,1.6553594707461707,0.48694751571231887,3.3921884537551383,-5.093199776198254,-0.14595073211577514,-3.254265070591,1.7638630469289147,-2.401734947574592,3.550198128088879,-0.7667523220682275,-5.079107330442053,1826.2081957842256,28.06158947944641
0.681712787956676,-1.4845166542443025,3.6224966346816183,-0.40353520537111187,1.4002604410405137,-2.1119400888770126,-2.8693870835160435,1.8786782618671394,3.582798975838373,-5.086247907598038,-4.930586168325533,-2.0267963215891056,-2.3720625171596845,1.3577141241466313,-4.139242996094893,0.7790798225146887,1747.450437995474,30.02175807952881
-4.606258827487581,-2.8714958877179693,-1.4712445364388946,-0.6397937035547976,-3.78810691582962,-1.708423596868227,-0.734535194770233,0.8829207474371898,-3.483738277297192,1.4990383759097599,-4.340943458992306,-0.4166292223249961,-0.31121052260550996,4.228491156388739,-3.32109286870589,-1.819866985090877,2190.513525050224,31.961960792541504
2.598261935443161,3.1997685863482372,-4.418711358411032,-3.0058220321473033,1.9734904249011755,2.9040993569346805,-3.183898905729007,2.8098720319026222,2.9898581097950876,4.030491661119407,-3.8841140734771975,1.4996500059215512,-3.714157433747796,-3.690518017162833,0.3934050043977324,0.16856850235026055,1441.4068455083875,33.99192714691162
-2.5518373048140375,4.484466443552862,-2.923522666803527,-1.2027619984399927,-2.112699510581194,3.3190441512866284,-2.9840938553535516,3.9017816913679093,1.5851609774774067,-2.8302678250097237,3.7378632569360084,4.468531215290665,-3.0923446794168896,1.8857111198588612,-4.223155689195915,-2.2675280523867962,1596.7793831276165,36.108065366744995
3.8903374792433185,-3.7762573965930626,3.463518112531088,3.9581465801991405,0.011279313264076052,1.997268761592399,-3.974390616999592,-4.193391423502254,4.591629125981103,4.685853810121485,2.4361483597428695,-3.3815364802046144,4.567631287054401,4.8863484800943935,2.463505514911886,5.063362904593439,1714.687227229379,36.47206521034241
-2.5497719230643003,3.9139319086269273,3.0763891412366116,4.0947943014579105,2.5472412713618864,2.654660291870287,-3.765583439932551,3.359465077429868,-0.44095270448771995,2.121340162086897,-1.460439702137713,-4.489190670866951,0.10608110982069441,-4.65870115753089,-0.15575198119516998,-3.4152575080870777,2014.6795271683366,36.952282428741455
-1.7240125594067939,-1.9920971517827781,-0.4249535675343763,-3.967878970986151,-2.4244974755007984,-4.350925021370795,-2.197345462414466,-1.6079374555548651,5.032345739493411,1.1061888549476349,-4.917726029511105,5.048351032291753,1.7300554853425938,1.3760749814784345,-4.007880143260419,5.098088258202943,1422.6889293845527,37.45216751098633
4.750927800765353,4.943428078564172,2.5725231164486626,2.2495930329727756,-4.005974516032332,-4.509904347062067,0.8761308691811989,3.7499027768881374,-3.331488316207599,-1.007542853349988,3.0559162306946446,-4.110512915754377,3.5162145555731437,3.351967228938533,-2.830215136456589,-0.9188300209428011,1506.6974495105678,37.95730686187744
1.7518000270906589,3.73045867067541,5.09769614740333,-0.045032797864084095,-3.373916070824107,4.276554570657054,2.0714190352014077,0.7005419981934278,-4.797133595834567,2.217884899331498,4.45680494297975,-0.16206923873015633,3.3439415417968794,2.172106679509934,-2.947121247384734,3.6637125194113294,1584.2651452904242,40.60228991508484
4.039972666194454,3.186018126154816,2.842180275379313,3.9523354812663714,-4.0672713401352825,-2.1673447210858985,0.26463952933545176,0.908163238873442,-4.633771479161197,2.2492015308250863,1.7358223885869215,0.9478942669415851,-3.2627014160971806,3.1331382052387022,3.175582089354651,2.0126614018958753,1012.2447905305542,43.25252437591553
3.6709995057020945,-1.7731633776282703,1.246566012037281,-3.601653300059776,-4.702857665839826,-4.608182651860841,0.6850355150379617,0.5210763793854376,0.8348549606243241,-0.2835554636459259,4.955473445224775,-4.620250064810314,-0.41985422106910963,4.457134314385512,3.1756389988111886,2.1920069589362186,2163.967261244078,43.73267984390259
5.016285182947018,1.006601585709376,-0.6843269176084137,-1.4246520187591516,-1.6583560224676859,0.7671552729883162,-2.803177614886353,4.238307894884593,-0.18792341753666975,-1.4362435212905238,0.40119909550892796,4.089473260319353,4.4522134717379975,2.3401482223891064,-3.0131950475323124,-4.0105740804845444,1661.0967806982105,44.29240345954895
-4.179663402047591,4.549092815106476,-4.432566269849003,-2.400657789319005,2.4454643177995488,3.383369687311684,-3.103786644326046,2.6703116226379917,2.613138792164243,4.070778637438376,1.8237235343144471,0.8063108390803926,2.7052832089282326,-3.83444837395954,-0.09445947672502442,-4.8777666981435255,1861.2875438691824,47.23287272453308
-3.5176545735880778,-1.5809736457403476,0.1993389360577007,4.654840412717742,-1.8597338392198317,-0.53877265657108,4.359461072691068,0.6972234434916054,3.104679527598033,4.770889518237422,3.616370072461799,0.17389971029963558,0.06260264232601997,-1.591697110916471,-3.2484901651460563,-3.285435763950836,2019.2239248947185,50.23283576965332
5.1176425891343795,0.5297753946380137,4.2036230182019265,2.4878989977441908,4.101307087322499,3.5115751321324113,-0.2537860120271045,-3.1603706930466497,3.3329817730932527,1.4987215753456136,-4.843621357733076,2.101200755919413,-4.6669580811105105,-2.1552150681063513,-2.1664830204807455,2.0286348275632076,1688.7656569856372,53.40296006202698
1.6766663626097147,-4.927208965988438,-3.0336140451436613,-1.1877615740924727,3.968947639348902,2.9614129335722117,2.7035698472142755,1.1104498113818089,-0.939788432272695,-3.4361667506935905,-3.137993166364219,-1.0359412934990608,-2.863503994589544,-2.6806457973574545,3.8835194938570057,2.323172773744493,1089.5346457882451,56.64320087432861
0.7597480059362747,3.1229782423784735,2.075137277998338,0.957024971167157,-2.357153610516535,1.7120817395357584,4.3748242405833695,-0.7829483786040718,-3.772389199582733,2.033208706721359,4.073332470941646,4.857929373944475,1.2570024047329946,-0.7557539357783956,3.1297754308481993,0.026393874611539303,1156.605682494871,59.943241596221924
-0.962297669285439,-1.7339814456330993,1.964849125258593,2.498144314463226,1.0055990787076432,2.138971144754863,-1.0838912716763627,-3.8885913907967606,4.551540730132911,-1.116437342400916,0.8925462350705189,2.1227714092994123,1.1666168113244124,-0.5772875110796187,4.897762248831582,-3.5468273097763787,1214.302583335632,63.333632469177246
3.912981228968177,4.70367015342807,2.0367119297530643,-4.901732459901651,-0.9393923635144334,3.6664132249417554,-3.07881175483356,-3.011911905545831,-0.4133371778227142,-1.0810474326545307,4.4153577025177375,-4.066903314646757,-0.6646156257905593,-1.9036393408610612,0.8535796383548773,4.037023065828529,1095.0555622644447,66.88396668434143
-4.226580920476935,4.710528299902593,3.695673813384098,-1.8539968371149582,2.5709054252549395,-4.699183948251756,4.136084030500814,2.7018549004551264,-1.190682776381235,-2.226185082856089,3.8713385282583035,-3.7986356251449456,-4.584726369230038,-3.4260319535385495,3.7105030660375435,3.7535375958190675,1922.445567579711,70.54413914680481
1.1774759048728178,3.7035391563164266,-3.6355328441416033,4.294870498396247,2.034474681772198,0.3142804847654608,-1.5711009118429224,0.8173915761472763,-2.5124902908673694,3.1399597625520057,0.8111651955618937,1.4905778169837092,5.109601350749272,2.0324492657076796,-3.8228232003622766,-4.264956618018162,1693.770990938672,74.2542953491211
2.7622348577177105,2.4767529131860044,1.396516312724148,-1.9276584861097055,1.4059754999422172,2.6876980790314704,-2.973585186578426,-4.698361304950798,-0.17003315141774955,3.1642295241489515,-4.687911370846747,-0.09885554693995502,-4.856407042839643,-2.3422106060550543,-4.5321472696122305,-2.8359708350762145,1781.2232356877103,78.08440971374512
-4.3855924271643705,-1.3212516518427715,-1.5259252617990735,-1.3362968643226005,-4.7400392963767395,1.5907229511273435,-4.317368286761267,-0.15641987058005036,-3.4158671390512936,-1.1014006898551862,4.051298232878339,2.1509059242238964,0.1270073418967934,-0.5246759870836195,-0.006767812438382315,1.2602952606939644,1837.775210001128,82.0146484375
-4.303720376637699,-5.01903449341002,-4.569862066582586,2.857024839596873,-1.3648652368463634,3.805778097797849,-1.143433973505239,1.752983890903817,3.112381532938074,3.045490334144195,-2.64240002800907,2.14228467026855,4.532973895072401,1.157278597722999,-2.6028999801072867,-0.8437451492940715,1578.264746492741,86.08490562438965
-0.80276188147859,4.091443534283692,-2.6097739297668143,-4.157802641393701,-2.82850960796763,0.16682819770437884,4.770016831410039,-4.435531181457188,-1.3652477470386764,-2.9484303218156818,1.060985141579291,3.6353942889582678,-4.117108059272137,4.211561168039503,2.7855089168517875,0.12841196030772029,1402.6044533234583,90.31528806686401
1.6333940404521492,4.7491387956994755,-4.646577417621257,-2.448083980154774,-0.48063908036704106,1.8216990653489207,-2.778915186985328,-2.218578196468572,-0.34043250629058974,-4.759267073367437,4.7779530275710735,4.248555701910047,-0.5200928812548282,0.4054831529520859,3.888648938386045,1.837011017189253,2075.4696676272983,94.58536100387573
0.6666861859344646,-1.1985064850508822,0.8065260029956312,4.0782059708667076,-2.3541834147580203,3.727389892849252,-1.512898969587663,-5.020004700557536,1.366997015380373,3.6298888926953436,2.868808050937538,-0.7927436969145889,-3.3555008876478905,4.662898199746931,1.3643392428228776,3.042290075374411,1828.9032495765773,98.98574686050415
2.419486209527385,2.549284487233563,-0.6636655502672104,4.887309491254141,-1.9924020291170321,-4.430330553093569,0.23167333554735325,3.4298545731075736,-4.315950022165492,-3.6106584446666963,1.752738441932058,-3.6516841398026907,-1.0183459469411558,-4.311643286142544,1.4618725794283751,0.32728463815371,2225.554522070504,103.51572728157043
4.613050446901126,2.6099154393015462,4.49342806743758,0.652712530634532,3.133792176828961,-3.8372869197204613,-2.1147082078586283,-1.6388272917019102,-0.5754537113687537,4.906466777658403,-1.237572995100967,0.5561299037854299,-2.56882215552554,-0.6174115258447408,2.9688940983585015,3.6428246100876533,2137.1286442894184,108.14629864692688
-4.19588494503392,-3.6971451362606658,-0.7744453533215401,-3.3387699895705527,-3.398607544851029,1.569857971201369,1.9386742957087861,-2.976320622365926,4.702420280357766,0.9477465115432553,-3.68785999113187,-1.9379816253202247,4.9133532742039625,-4.848825336884956,-0.17194319213006803,4.23522265341344,1472.1162710009585,112.8761830329895
-3.579226154427955,0.8416753655585651,2.3362796926495504,1.0486703667481185,-4.92852850163272,0.32321101090888504,-3.5973599791398385,4.613136789770247,-0.570439685608517,-1.3903295971971108,1.0519779839232646,-3.341254668641832,3.8355849757960128,3.708209718262455,-2.1644514627458973,-2.8093204447662123,1850.0487872550698,117.7466390132904
-3.315545928757998,0.7666945602976849,-3.6071597620504345,-5.019305201990765,1.9938711152297515,1.686648831047659,-3.3247159755763436,2.5024604407027446,-5.052091572293352,4.740866858394129,1.5395858051280014,-3.624737116966572,2.73734921573533,0.9982678225062935,-1.1979640500102255,2.6929722715634874,1836.8361716365057,122.73706340789795
-4.297310797273561,-4.646604010173439,-0.266926723886197,1.9089311552586938,0.351005170901999,-1.6518298689213173,-0.760022338282254,2.5209816881305214,-3.6365325410894442,3.3516639519435367,-0.3569021966607533,4.343190678291882,2.5136376129292595,3.9145453865826143,-3.5443046851127766,3.4047180438010054,2404.0861694805417,127.86732268333435
2.5453654266141728,4.750130487103342,3.0675972938858456,0.644284136277137,-2.0772597790690104,4.3071873964307175,-0.3388633104889651,0.4371732755311504,-1.8366947769151336,3.882773686511057,-1.4200702823811304,1.8293772648529352,4.282591520475058,3.201505919252397,2.681824781880649,-4.721057811888296,1866.2220386034808,133.10752940177917
-0.5066844826046175,3.7040813183834276,-0.14470653814234868,3.679655869226912,-0.31339407117452733,2.8020946035649805,-4.862855174685029,-0.30786432627276916,-2.159471544040678,0.06871534864066842,1.0872391947692268,0.8379194414248357,-0.08843722444288549,-3.1217465116719856,0.8302596652945757,-1.2491953345476658,1276.1401690918863,138.48260235786438
-0.04816782319760371,-0.863983042067404,-2.2464835962783543,1.100425425409508,-3.164723941620569,1.1817219653077062,0.009938650588598996,-2.3640958326788595,-2.2657417099697303,-2.0099962647972878,1.8589987320756443,1.2729989560389185,-0.32155170027634394,-2.43045707700632,3.1635275021657216,2.2721030681324397,1246.0516787400072,139.24797463417053
-0.47990360905842167,0.16854207097261753,4.946053461978113,3.1868217110605324,-4.481998334729709,4.8103020429609,2.1553186305784324,-2.563605061048392,2.006731835459047,-4.5824103425356295,4.606290773230104,4.649118625395821,1.8665499258552192,3.2531725958240445,3.333469447342746,4.684354976494348,1970.0253227852977,140.078022480011
-1.0992991665479108,-2.5334279641629753,1.983396007789639,3.584263559406769,-3.8227546528144862,4.459194186959258,-3.996809065305398,-4.915954951136208,-3.7955922571753966,-4.983165999075717,2.345553591548481,1.6915498723743463,-2.351066553121045,2.2349475813386857,-5.041345304613649,-1.3486126941313121,1630.1408809198538,140.8229832649231
-0.9142199947837284,4.739479700769947,2.310521766763471,-1.686651563699547,-0.6967334312256552,-5.107029322659527,3.7864717419637453,2.442826176711611,-2.9552063663022357,1.1760007021047079,4.5760325333817855,-4.459050502208713,1.6247706738825203,4.514732265077545,-2.191627694408549,1.68506068770255,2000.9513306093772,141.60801815986633
-0.34884961852176044,1.735793117068341,4.472060739668245,-1.9492974831363692,-0.07547322721947936,-2.455977390837207,2.0056136770989266,2.457082209694452,1.3371277278125397,-3.11772067343286,-0.3354293788327958,1.7706833395919181,2.235078545283838,-0.2827753830073245,4.597554217437964,5.111573104037947,1817.2335696950815,142.41803073883057
4.1786955939514305,-2.197639393146628,3.0157243287818742,4.558165802291817,-0.2875473441683596,-3.8216552484032604,-4.066573466705998,-1.7936295250158985,4.439780120370572,-4.052574719762517,4.400777346635993,-0.6895301435115266,-0.40914512578417117,-0.040544103314740454,-0.07985132595103739,3.111717981301294,1472.048272519307,143.25810480117798
-1.1645294977149572,2.415663479132827,-3.7482716792004283,1.1724762806017726,-2.9628558901242066,0.9131921420072642,0.32374345139297045,-2.1313086938083057,3.8596016804611333,2.7080214347215312,-1.2993562133435121,0.42702554759548406,-0.20853163826442334,3.66334532293818,3.641679211466383,3.445098362694476,1748.8184443093382,144.11793637275696
4.109636036217217,-0.8647561974828273,2.7403066664080757,1.331263731404115,1.057616950312016,-4.41565208979604,2.2823944103593883,3.9110616806262017,2.759908945014696,-3.5877942387820845,-0.18808608119327808,-3.999082948695204,3.413924993095157,4.0112435501817965,0.24848879631965204,-0.1975999876827954,1466.0513783921092,144.97844862937927
4.09747554228558,3.044139576233081,-1.8759461719298072,-3.4942778603219944,1.4728538011896806,1.3522824676725733,3.2666491589405924,-3.0332437205159652,0.12572266160648748,4.414764887012217,4.942486541299123,1.858906819929829,2.3129826832092304,2.7206190871001414,-1.0387621359990753,-1.6563396597126205,1525.7411650009528,145.9083378314972
4.046093942171917,-0.9179652341916782,-1.1901902912707998,3.370111214778963,3.8658653119498085,0.5958046184757286,1.449338079211917,1.5547603053960675,1.0497937870446856,0.8967701021185146,-4.105760595614358,-3.230617840667247,3.916502373382605,-2.994341982402919,0.9681706083472967,-0.5863386731715776,1293.9944498094578,146.77832341194153
4.237057363990252,4.598273250014878,-2.4458686955652804,-3.670336984645453,2.511284878267718,2.895749986650533,3.988358518897967,0.35919914294408617,-1.6180662367598022,-0.86886835377212,-3.9808577716276075,-3.7006089588237545,-0.4024287230346628,1.9101941508707174,3.3788622041899155,-1.8950967317080343,1868.4439475447425,147.92847514152527
0.03827643287379168,-5.053140227413668,3.6096738412887808,3.753060126094815,-1.0156985909073901,4.802368624836993,-3.5236012022427357,3.488332340863738,3.49869038150264,-4.025150015221989,0.11977480107697414,2.784082060856944,-1.9838411940270504,3.6305633152831236,-3.27283699231526,3.9357695561487924,1529.3644487452036,149.10835647583008
-2.9303095773278467,-4.813917902639104,-4.650941255270108,1.3264688062237733,-4.375741101810914,-3.2846154057160284,1.288985234703425,-1.0475671587897901,2.0892850121699,4.845768214002679,1.7679027122443776,2.337182635294611,2.5640417111468103,3.715234799248006,-3.8585751672102226,-3.3704194976313144,1785.9259960262823,150.28842496871948
-0.1864711310731888,-4.915740219097098,-2.4369782776880853,2.7249511914962925,1.3745617371144565,-0.6812520460686597,1.3800507229653851,0.7979727192917672,5.0204934091708155,-4.80886920912468,4.97228543589305,-2.987178414284661,2.8811975249442527,-3.2525887209989626,4.788816469571544,-2.6338062573431564,1548.832509873273,151.4124653339386
0.06732079786236422,4.784285841604407,4.2807319654582345,-2.0311372347021024,4.612623527273761,-5.01509243876729,-1.7432991909627544,3.5695485793735307,-3.0695637967922513,-3.001245914850145,2.9433155483070186,-3.8364719655946065,3.674769802134869,4.881105667710883,4.900882536069974,-3.1290463695125363,1186.3107189534417,152.70856165885925
0.06855714958550418,4.580816917522571,-5.051154633810529,-4.608570611123837,2.140170675650057,-3.182540004977247,4.653725386445893,-4.113616603402676,-2.9829497542432404,-0.8922503455458424,0.5322060234234689,4.482822113986404,3.0367544239261024,-1.2300608089833496,-4.608089897837377,0.0289852067410159,1528.4593528165788,153.94863605499268
-1.322566128577924,-0.8167599799251208,-3.77720338759099,-0.41342263326759365,1.2684554918613422,2.364370327781388,-2.8235836374295067,2.0188726154353285,-3.345622205593183,-3.3026712688775257,-0.7630262863855712,-4.157830385108128,1.2964490437128893,-4.410656807395765,-2.1233624471245474,-4.110641472249972,1715.2932207298227,155.19891023635864
-0.021583810241984303,4.423975645985871,0.1728454411927025,-3.049723213259079,-2.9506001134484228,0.156258056468765,4.573337209283236,-4.648337506259261,3.554235790506355,4.9822871383861385,3.541921740876391,0.39406724900746326,-2.9388608574073767,1.0330372803985437,-0.877310673051312,2.0665235738796177,1407.8251149984371,156.47398447990417
0.12684921255354897,-4.3956719445666295,0.7342491975479444,4.994109051773406,1.927562108505473,-0.9092362482660965,-2.114169529661976,1.2906977701392988,0.15620912640123397,4.549127489208998,2.8139489823289274,2.1377428397539084,3.4580407820459262,-2.996377083858161,4.963758497691848,-3.8589039666689744,1216.1520056096067,157.82399702072144
0.12640039667233083,3.825569544154674,-1.4482274516026572,-1.2551098080042427,-1.8351094791359541,-4.487845077123529,-2.2978302092376026,0.4499173167945756,-1.0983232999834032,4.060092216704983,-2.2896174940472402,2.558389225590357,3.0155983959214483,-3.9449429397019413,4.100536994206608,1.038797675344287,1447.1084927193224,159.24889135360718
