3.3343156180403932,-4.996017775962712,4.065631028332475,3.4918470816384692,-4.620781753112288,-3.7725988985541776,-3.3206307231555963,-2.6517177664483764,-3.7571777414033507,0.014162954043253073,3.0105561300579433,2.2113793481836934,4.573886797450972,1.915794119095132,1.950107490767607,-2.230096938151591,1565.5103835699497,0.22521376609802246
-1.471729549286168,-2.1456451812319104,-0.6478214033188614,-1.756611214386059,-0.09387810697266641,-3.0919163051584366,-2.225692077160315,0.511246205659412,3.354632620725229,2.7990204367694886,-4.899109463387833,3.022666334482211,2.0464482529071075,4.597780101078105,-2.3280552749972543,-1.6094534028981848,1683.0059578257024,0.41011834144592285
2.1700235687866005,-2.4764421117050888,-2.557574693405813,1.3645375948460163,-0.6908025737033769,-0.23734429625945008,3.3831587861932197,-3.793016381456856,5.082700288070275,2.4358507047055147,2.364689386513324,2.4367289018908354,3.1161344331872884,4.459444947794892,2.923926220991164,2.8450967848100888,2061.828249527773,0.6106679439544678
-4.313204761511576,-4.694602799880195,1.7590554604778514,0.1711606444546412,4.873834728132967,2.4278007065046348,2.22534396481327,-0.4588157200300591,1.0631186976904017,-3.9624201880208147,4.32546306108815,0.5891673731762399,-4.6007024080083605,-1.370635430943191,-2.0324890492301217,-3.31188042971492,1903.3870532387741,0.8112196922302246
0.885602253016069,-4.8126315999712235,1.0063779313966048,-1.228739543171681,4.294613307602375,2.2212169468441543,-0.6070198050718743,-2.615487903494439,1.6769497637257231,-2.3105595732522675,-4.190156462368073,3.391512742387115,0.6564833532055898,-2.722609367394802,-3.8592580579687548,0.5343657644942219,1882.394836331466,1.0118608474731445
-0.13984481456794828,-5.089831066545285,-0.5277942021294475,2.946109969947,3.930191781152332,2.0437388037202364,-0.21154181041154896,-0.3859688456807655,3.234399044406783,1.3082126423994467,-1.0866189062635874,4.4170788297270205,-3.3100559085681707,0.8659639336334566,-3.2700036590024286,-2.2815982049419534,1465.4004255349496,1.21244478225708
1.2254989016604911,-0.9924732610311908,4.667113334978256,1.6421330922385406,1.6645777819690206,-5.081188353213732,-3.472599727170709,4.599225959132174,1.1323382714925083,5.077576198286585,3.3709670864943773,-0.17046286975107972,2.46763785706828,-0.4590529421718763,5.104441026683923,-0.07452609398991861,1791.822974114866,1.4286415576934814
1.3878491088687461,-3.563970715443385,-5.047369132522553,2.475944230228695,1.5511377756589555,-0.31525329042559314,-2.7614770124271097,-1.7335122418053488,-3.1638616697340494,-2.620466415664667,-1.7555796649576387,4.323754419623113,0.4413519774459349,-4.910266598985748,3.3941488312311767,2.21448468331217,2175.7965433013705,1.7264132499694824
-0.38418647749662416,2.6706492356147002,-0.5508983057656875,0.9438322598521065,-3.983701765558913,-4.734212251286368,3.785096691895853,3.7657116986894943,1.450372494428649,0.4532407198242492,4.654502459787415,-3.25952487343221,-0.24472661030223986,3.9441595952239537,1.0931859178688992,0.0004991685983615213,1701.7308511814324,1.9334144592285156
-2.1676355246424586,2.98036065130903,2.3313105958175893,4.399735810609264,-0.5994093825822056,0.30571879142495995,-5.095947199216259,3.5651169635340407,-0.1721269533583154,0.45705583268918293,-4.3943324697707125,1.3300665477929927,2.6201893238020277,3.4210969344579345,-2.2578567790753885,-1.272084064484218,2185.7815893329753,2.155888319015503
-4.380810324189972,-1.0614251551305198,0.22521270690236772,2.4321529416579164,-0.37010995440161576,-4.454952989155175,1.217987149741747,4.469103302065579,-4.489835049586308,-3.115179975199564,-4.883066275420827,0.6472786790215226,4.113468129550086,0.5891429659408436,3.2683334838578473,-2.9616780300598275,1991.6452150501477,2.372136116027832
1.5212965929486586,0.9627886392306868,-4.752295605206985,-0.564131246993762,0.700749009778411,-1.6523274223040354,1.8017696447397835,-0.35829504867854656,-4.527657937047358,-3.6845553068164083,2.409366352316278,-1.5342597363580732,4.899744664253746,-3.5255111706229316,3.285073592979745,4.784464725142029,2295.1285760246915,2.588021993637085
-4.544011947732283,-4.995386103988367,-3.783600546926624,2.8006426356647607,-1.4844943051014758,-3.810589595847036,4.229347767287341,3.5242138151830504,0.052273235279980845,4.985360025830452,4.739769379556511,3.517003633535741,2.8179713522561585,-2.3290149964415416,3.3817885610928267,-2.675715594755017,1935.2137135066848,2.8043317794799805
-0.6225820635898378,-1.3954374373521756,2.7640492554702156,0.5657660089839638,-0.42219994311721987,5.0257647770814176,3.884617942469979,0.3846684505243445,-1.3442126420060396,-2.1762202422134482,-1.9819155061900218,2.297671917289483,-0.4509921811726034,5.112918211311913,-2.9600213446244554,-4.299633380236392,1838.1418246461658,3.0361251831054688
4.121636049324526,0.7957883772259198,-4.4359465231255175,4.861740356505163,-1.49542606934012,-3.215872911066028,2.4121739732452463,2.5810607262733836,-3.0252225253503795,4.967103789733106,-1.3931878441943075,2.128202771746415,4.764510518965756,1.8307768033756036,-4.0360045287498725,1.5640340101573313,1698.3619205747316,3.258812427520752
-3.069658394790707,-0.4697872312036999,-4.232084471743648,3.338929930544425,-1.2178265140207394,-0.5415920680364046,2.702595657464072,-4.520286567846681,1.4334654285249337,-0.8744202836275248,-4.715656359276856,0.8682861143510516,2.496747168269845,-3.3846683387222374,2.5015998134716817,-4.26346326009833,2248.602240912668,3.4996039867401123
-2.773796010005855,-2.775686275002276,-2.9412934462792446,-1.649140156837702,3.3396283266304723,0.3611459424415644,0.12514759584256385,4.273592395359462,-4.220120337086495,-2.034139898316152,-1.053733884277726,1.2866975676338779,-0.4610090791462129,2.637664048983554,-1.897558380626867,2.5888240614212688,1674.1425262691655,3.7421319484710693
-5.026999279729668,-3.520732912709767,1.3890548028697989,2.047866554660394,4.707482374733304,-4.547123891741887,3.968937632111788,-5.042012509382525,3.3210737246635214,-4.024127146135784,2.6313317474667635,0.051237897577648184,2.450560151618375,-4.637410553698529,-4.328573007368869,-1.6906464066029132,1881.5508796867807,3.9764561653137207
4.692455872542172,3.5839799807912227,1.2675248620219888,-0.4356324664511293,0.3605017073690906,0.19440090456432557,1.6471266392705015,2.0886028154510834,1.8944420000623667,2.9075239424059047,-1.4303924565558082,2.5804511524805864,-2.778060719014008,3.1105457228544866,-0.5244296543136908,-2.688184587792496,1977.3404553338119,4.22386622428894
-4.844830883469615,1.3117632873548102,1.5776061522151767,-0.21569092709555449,-4.320457300341542,-2.4815855475878146,-0.6740739055911344,-3.764818013363924,4.717365895978605,0.3668879781863241,-2.8207223859912207,3.1854559293125577,2.592779093700016,-2.977527442807062,0.8892040307301894,-0.15387293267740265,1807.4322473339862,4.555931806564331
-3.1881902235654405,-4.694828241657441,2.975093099445435,4.308426666581428,-4.94521236199792,-2.4888993076235018,-3.198752941395756,0.8709207391494225,-4.09157926991619,-3.423166508214929,-0.39515037219388116,-0.6239172696434618,-0.08310790332144169,1.613327732485219,-0.04007140792564101,-2.218771049875895,1603.746327644898,4.809641122817993
-2.9753590168427304,4.711419188705942,0.9883095971030409,-1.2729534561791684,0.27369030894373925,-2.6827130964461587,0.36957578917308,1.4364003289157505,-2.8874244316685638,-0.60039921321727,-3.494975829806209,-1.3653832300754454,-0.9400358453572508,3.6605880074818886,1.5697703025510146,-0.1802851343751728,1918.1782214570494,5.079500198364258
-1.3245819626530402,-0.9334064751760982,-4.191338906502061,2.7868936988703368,-3.476253973111128,3.869725106487743,-1.8399074600411787,0.05978590604387257,3.9668209904197935,4.552572622937478,4.45113288133009,2.418862387254122,2.2375738512198042,-2.039731584931071,-3.2005687222103765,0.570507793540572,1653.5087383691498,5.358163833618164
-2.4137072148817738,-0.7147016791464944,2.782159372306218,1.7693884008716818,-4.098731631404431,0.9150887415942135,-0.7211184134533628,3.1776803941276155,-2.138027644147795,3.5127756889676283,0.10425939446784316,-2.7170498245755956,-1.3889567567510523,-4.795545529260303,4.461831002158379,-2.843325056345828,1671.252974970919,5.635983228683472
0.6381348828100943,1.02065090651623,-5.005045179091451,0.44244463938935485,0.7869954951537235,2.71914398668323,2.6490602569871706,2.46841069773454,-3.1628209664928995,-0.8625184873292131,0.9735147636581223,-1.4207929594369109,-3.88444713442615,-0.339796239576299,0.08921540962545826,-4.146355170333477,1512.1246565053846,5.910329580307007
-1.7264260135495393,3.162207603298186,-0.8995901937512096,1.9354505986426478,-1.629969757005501,-2.7605601985543076,-0.7438953875869068,0.1521962571520472,-2.5499712096756815,3.783410351782721,3.0180337024963135,0.020217258510761837,2.7790095391128116,-3.1122905966082244,2.084398152221902,-0.17749951061661218,1129.03756839756,6.186140775680542
4.607245072945969,-4.3807229252718844,1.112564095045002,0.1544641378407201,-3.320776117524555,2.4854989167991093,-4.369863202941351,-2.5252605762331126,-2.253254336968707,-0.05322952867071962,-2.7253678002800377,2.432184256071997,-0.6037651037312886,4.8538517346316175,-4.557080914624797,-1.8552050295736633,2144.5750862643176,6.47132134437561
-2.4609230424210895,-0.40850525660910897,4.116563255532166,-3.859165116683697,-2.4943932169398333,-0.9162300076372514,-1.8344760915166325,-3.5016716364782643,-4.476758956250843,3.518551264609761,-0.8139215894275278,-2.4586066062102687,-3.582732116546681,4.830987385908508,0.6647915456306599,4.170772367469698,2157.1115898023077,6.756603956222534
1.2793806680024522,-2.5661768199732835,3.56594040775603,-0.7421652742910556,-3.1965809539791517,3.9246684804996184,-3.832787353069401,-3.043058394683985,3.1677053582863612,4.7939401645380935,-4.400434667813609,1.217288216580398,-2.3392257057760975,-0.05026034955082448,4.678739418337627,-2.263025866991564,1689.2399787906943,7.0418620109558105
-1.902611201200087,-3.6885631805022396,2.5328275746900033,-1.6389002556823509,0.805090085408219,4.623537055634965,3.605229183972024,-1.600350368297374,-0.37802221406694336,-1.6548809314009243,-2.1082499398527528,-2.0272905353400033,-3.950885861256249,-0.2056499300429735,-4.925866767977358,-1.2905496429316865,1797.1106348164785,7.3453755378723145
-2.4087030977580124,1.386207902049681,0.8013591843364019,3.9851189817069423,-3.1582880826036406,0.16330667477797967,2.7679305688963725,-3.6996295720038246,3.2489616085164696,-0.9660316561950681,-1.1359868821062888,-1.5054926960345658,-0.0018452504668537983,-0.13833990433334264,-2.131620797209735,-4.332557793629278,1389.005918583695,7.636577367782593
-3.769588624327409,-2.499420039139023,0.898217680776626,1.681712565228878,4.231125232139374,0.45467411253284684,4.572657052073585,-3.4638305207004088,3.2851944627042853,-1.1851597335464303,2.119312127327098,0.22435205553331716,0.5735011561156513,0.8153204002666916,3.6578784205789185,3.3848374075674483,2110.4376495182923,7.956751585006714
2.1788791468738307,0.12459686673326686,-1.9797337810364373,-4.146053823882524,-0.14335048013132656,-4.948594895362326,1.2657026520459258,-3.4415500675525843,2.9325513408983914,-1.9660713753032057,1.058471445730346,-2.4543489510087815,-0.007172116864597733,2.0392762175351695,4.195552094494503,-4.70699176795236,1009.5172505781343,8.32640790939331
-3.6090263894239225,-3.9391411489390373,-4.244933374268197,2.7134468562038956,1.7331808080317073,-3.000128127800262,3.7947055536904157,2.056916916737223,-0.26437805697987216,2.1247712221704242,-4.860803377491882,0.6567653346636915,1.8828885738707344,1.4680396955174286,2.9758851152763937,0.0846561098379075,1289.3561414865521,8.629770040512085
-3.701146308458294,4.402847184302247,-4.713197271575784,-4.000532678344109,-3.42590080350687,2.6775020475867466,-0.21105909402565448,-1.8020535292013373,-2.0358696598645762,3.337979469547501,-3.313595389233579,0.8543346297506513,-0.6004623247045426,5.082962200892804,-0.9470777441362559,2.4162828092781146,1784.452792303839,8.951376914978027
1.8137140850070388,-1.4957996869204697,-2.030911696815198,0.29021736760066563,3.5799131433762694,2.732915140395969,3.322689377254698,4.778755921889192,-3.5581345305500562,-4.1601865636165565,-0.687084325485503,-2.797388072258215,4.274601699830286,-1.1591453376888432,4.282931842329169,1.2827412583877695,1905.5678022537654,9.25842833518982
-3.0816631830166417,-2.794087876941231,-4.967173205134176,-3.6656828687643106,-2.7164881540261065,-5.034889869856231,-4.493025036988973,2.888975215746947,-0.2145503409983469,-4.270037521603836,-2.856346444836158,1.676852264292462,3.9845719006159035,4.208910703425238,0.10667948377692937,3.7994590174596174,1317.5716506058059,9.580804109573364
2.485335544946029,-3.312071343476889,-1.188828143885313,-3.0894295905041265,-0.47730351239167046,-4.545734397159695,-3.351760583755108,2.7739606506358276,1.1064801618542583,-2.0555111123412595,4.856671969276499,1.270683630418115,4.244118595478148,4.323822436555187,4.929229186693045,2.5355991291250053,1847.7407685603662,9.912265062332153
4.849561670174796,4.805189230555425,-3.7650502091028146,-4.803765833146705,-4.405451791241825,4.894111924776134,3.425369385838537,-3.4991671572504375,-3.156421021963104,-0.3342429894003329,-1.7823262713593424,-3.2451793512388494,-3.565042841750178,0.0278028999952733,3.6336988845946268,-0.17493015767053421,1845.6146968668263,10.244181156158447
-0.2372412788892424,1.8842861477248434,-1.2234515427180246,-0.6104155817811092,2.0374479062061592,2.2695612965818404,1.1878090210175118,-2.5228713217157015,-4.793669953821122,1.3911891621551966,-0.8920528532227525,-3.902055501028536,-1.5858157746849835,0.3589137273746701,-3.8941773512988584,-3.4281336505646367,1697.7211553665447,10.582677125930786
-1.6133940948066625,3.6412885537933137,-2.0747947356024232,4.890514828258241,-2.359969414973418,2.6799812806024486,3.1068797429717376,-3.7276615143607996,2.939619633996048,-4.792519995028382,-1.1082708224744406,0.09106241390952974,-3.1914315595031195,4.415994325459253,2.7406597970590694,-2.8362351002097475,1496.475397477373,10.93053388595581
-0.3315618348587748,-2.0449793359815356,-4.605012619700884,0.3465641489650908,2.5909478971474664,3.8522220987248756,1.8139875346222798,0.18016701819778724,0.2710737357095194,-3.8026267291905453,0.9093057240618121,1.429971916690806,-4.793217073416956,0.1724354991341066,4.934243282495545,-2.402696367668405,1656.3111623039438,11.286788940429688
-4.190801772027682,0.24170366412195765,-0.8370268563947114,-2.1870094493468772,-1.7347167987434644,-0.9622941708928305,-1.3862995313915376,-4.786189246978729,-1.4786312987732453,2.2326085873631394,-4.449786357589566,-0.39747977741296836,0.05428466581996183,-3.7605190397872343,-0.8287612996194591,4.288608903354651,1684.4113527302532,11.640931606292725
2.876251527162262,4.215543950917129,-2.6138991264605322,-1.3470807603972825,3.4670150508844406,0.3971290459604653,0.1472498316536326,5.076239853129386,3.329317836580347,2.0411300438204076,1.0807728209055378,-0.8082899295279988,2.0612751826443843,-0.001555314496890503,1.7930812972720425,0.931694823013161,1284.4129808155346,11.991198062896729
2.0930679985249405,0.33019172308465183,-3.8205897306618146,0.36529633557073105,2.9325833432202595,-1.576987968001767,2.740758748118286,-3.443804485482376,-2.6851088028956003,0.5730981948311875,-4.541918010884341,0.9055640035846126,-4.836514981420119,4.459549664948754,3.375793573669873,3.220974983520187,2069.896049913494,12.453645467758179
-2.443429172646018,-0.43266076267560116,-2.219079559193145,1.9930284065708808,3.9248097162142885,-3.102581666349434,-0.812721426286382,-4.263994096130467,-3.4217816484478054,3.2210644006831055,0.4502366210427571,-4.387530506315554,3.7859023057798806,-4.446299865298581,1.437326726486341,-5.034170119354203,1937.0210851733677,12.845063209533691
-0.4986559120320626,-2.3813279106550325,-2.9685883088563396,3.541636607362183,-4.848659460790518,3.143754498198967,0.6905658497551004,0.5601519335197818,-4.664355361709002,0.5024728334898558,2.490382992816433,2.5443285976703542,0.13772461050001983,5.0916776592985835,3.2498178443041086,0.6863574982058847,2151.8613011777834,13.215559005737305
4.145661033783445,0.18168432656449696,4.550251359374626,1.6001900559906703,-0.4764890519378264,4.313366487119812,-1.6083444135382963,4.527948017793727,2.9244944102906283,-1.962464327607384,4.024782410421046,-2.613315444107263,-0.10088506729703184,-0.28945432966828477,-1.8874791038557435,2.4467116032081027,1867.7505230374632,13.598142385482788
-3.7743622783389306,2.3818163680513775,2.193440746802233,3.66830489625304,-0.7709125777903765,1.6440809181716851,-2.9420890278510554,-1.3784874358678296,-0.23389358133949756,-2.139565775103134,0.9877001924829578,-2.8106433887300994,0.8865554060256953,3.950183609925033,1.6288122423029572,3.9879624843531785,1388.2094559676027,13.982611656188965
0.10699491959141039,1.2967561015982962,-2.69868164289271,-0.20340956272162458,1.4520753240481987,2.6634362787274712,-4.234317028425502,-2.5055772410256014,0.06955832462118039,-3.4993401601267022,-2.852103751487992,-2.1994646688455015,-0.43949726580322857,4.243293136906208,3.8038953802777877,-1.0146531530948133,1766.4289140017206,14.374122858047485
-0.6464183841750604,-1.7049010626481658,3.1591047971274753,0.45882679432346674,-4.259425434401459,-0.6676678228027013,3.5197459522966232,-3.9324219985060243,4.867459722786433,5.057563397046413,-1.144359927328476,0.5536598245425219,-0.13916083885611474,-0.8915769533000146,1.9420414216148254,-2.7473015592780716,1555.994901278156,14.794549226760864
4.47070652389677,3.3922977595504316,0.3653559640986348,-1.5544009138386476,-0.5035424221479268,-1.1481900419567581,-4.785780717090308,-3.148422454800678,0.5201493714263821,3.725918071052642,0.6050352843595883,0.32110737053716054,4.218667016187063,3.8635941801519573,-1.491041336257612,-0.7929892536877716,2238.4430037939337,15.210973739624023
2.7406075203164457,3.58174616038096,-0.8951721268831783,-3.4720653033470317,-2.7805392252338637,-2.8048544191014417,-0.431393921127448,-2.8806734145487276,-1.0158106403314715,-4.328194443919225,-0.7755056868981196,-1.7647784054267146,-1.4378152853069235,5.000750463685351,3.9796143423394943,0.3703626552116024,1685.340507142189,15.616388082504272
-0.8091172894560978,2.8415983186241487,4.960764912250128,-0.03934673508651709,-4.240491110715578,2.128657261603527,-0.6158016883199116,-1.68813072087202,2.6792978824531284,0.5064794340079546,-3.6261416228667196,0.5437412708921352,0.07944654974529541,2.404656756013277,-0.35245531017052034,2.647770401273899,1869.8226826158175,16.056310653686523
-4.781585271602695,-4.0779280308196295,0.07331531189936324,5.063758552978601,2.1287444655206356,4.5945972514596205,-4.8823507471516345,-4.754128397066202,0.5529057229497853,-1.6460867246470579,-1.1965765855972892,4.321522754981818,-1.2883720397257123,-1.6916522094259103,-0.9876963170507915,-2.942952535620281,1454.359271763789,16.47745156288147
-2.848711309645284,3.3991800732388784,2.89026014330931,1.3764291520343264,1.1508138982168443,1.974099316108867,-2.3826829717608526,-1.8663635774952665,3.3962962286837604,-4.572869243225702,3.1971485906675907,0.04428958013915718,-4.313779615577905,-2.125718910370062,0.4437490126147683,2.796842050628184,1658.8944798533284,16.92329454421997
1.0265988804428012,4.297896225808883,-3.897229664782089,2.8507328694373895,-3.98198907853161,2.752488635867227,-2.624870229786164,4.192614930341498,-4.608342973256751,-2.7000452035074587,-4.69000126063019,4.95725785441937,-3.0279825862336436,1.84826838841148,1.7573279135645192,-2.9148732499791694,1318.5834044189676,17.352494716644287
-4.305312614828105,-2.9052954451435524,0.7486328417465105,4.35163240930578,1.1840375261517329,-2.4185504559747684,3.6987930834470157,-2.350829218363894,4.430484606177068,4.1711941082973185,1.4234907569933046,-1.5679556784511473,-4.926457510038424,2.0321876750578634,4.7013174661692725,5.038107926585597,1908.0562810830254,17.899264812469482
-1.1795527610159877,0.2018226148791875,-1.696928865169876,-1.6600395056933932,0.6244484862275996,4.662597991794956,4.711347676955639,1.9237212508932409,-3.5990202159451004,3.5672572788816295,3.3185615245632816,-3.3912825373722058,3.06955760734498,-2.0577369154337175,-3.6694441651362997,0.8060864395450551,1924.8346696708172,18.344351053237915
1.9194643643983618,1.6251146168839554,2.393509008065748,-2.2326050143948355,4.600821102391055,-2.1834922119799813,1.892668241593543,-1.6947223720175661,3.1830953253708367,-3.9899966843320134,-1.612107779752594,-0.45420126011736883,2.9986747130997093,2.1781333517134156,-2.0385186668814077,-4.876183399778386,1486.1430107650488,18.82375454902649
0.6500685850582499,-3.217721670672158,1.1765330976315447,-3.575929806162054,1.4446379299160368,-3.2467525891504136,2.142380138515513,-1.884364951479908,2.3730807274071903,-1.9483794156037546,-4.986323301127161,-0.00806181209022494,4.037620551112767,-3.441323945296144,-1.059586778674003,4.356879109240356,1506.5674577420975,19.275229692459106
3.8059037770153887,-3.044345178121592,3.2431347280432545,2.8432702016712392,1.1918772403743993,4.339051068513386,-3.13923457839976,-2.343240812417674,1.0911388336371246,1.1651448804611038,4.119090546201771,-1.6012365702211042,-5.006793135889215,1.1688324839023885,-3.7872250639692817,2.791082409378056,1241.8225369078614,19.74899196624756
3.942159926598296,-0.7780663515905211,0.9025460698087144,-2.1340721429118306,-4.6890237852368735,0.04541276196452859,-3.48483438551047,1.4190384864865555,0.7891649141985679,-1.8212677080189184,0.8138742753534931,-0.5410000311945042,2.9898581246828284,2.2221398896581617,4.754335939787448,-4.850036045049318,1402.7030574846585,20.225263595581055
2.0277000005008547,-1.6811251311601594,-1.3757536877212835,3.9108703216572875,-2.1035869126493543,-2.5050753654016495,4.791688287460761,-0.6169495195547245,3.054480586698147,-2.062309916496434,0.9053240699833953,-1.2775015847227578,-0.10732628282851309,0.20626890677558585,-3.3190942872915707,-0.8285948312883553,1321.578031704835,20.892699003219604
2.8751867273851657,-2.015090405786497,4.397427436208573,1.0996156461363897,0.7648388867795743,4.784835696626881,0.42332021313486834,-0.22580993955422368,2.578424439699586,-4.7511528171988,-2.152823354082894,4.157798572075277,1.8836465117858738,3.2141371636532474,0.19971595118364505,-1.946151991884936,1349.5471609975855,21.394158363342285
-4.536899845699521,-0.5665068454221727,1.6263989643583816,3.8799060338140388,-5.025999461963728,1.761547283441594,-1.935029314889492,0.7801034351651444,4.327357362345853,-0.7703493831154518,0.941937781290167,5.053492829095961,-3.0489564466514962,1.9915458806595243,1.754210272959222,-2.2768017351782937,1373.1244426330818,22.294979095458984
1.5262881720652386,4.507852619342462,0.4637583389299804,5.0612455452287834,-2.3928340622034483,-4.838665030402023,0.006226046518706063,3.5795383980767967,-3.474992168613726,-1.319510424146543,-3.8409193474681795,1.0199789860221653,-2.271195627362294,3.1996126656241506,2.1068692514267244,-0.6439937276610115,1910.118238402892,23.250463485717773
-3.1696723073387223,2.31541053530296,-3.5422177780974193,0.8469474612375292,3.6315078129248652,-2.228928107106704,-0.418893123535943,1.5395329927224655,1.487070563196725,-0.8650681132936473,-2.3429296073415076,2.2802960986828014,1.683645944370669,1.2088354643821866,-2.8869758365655054,-4.869577407060448,1947.417833456296,24.20689105987549
-0.40807815995116936,-0.33430832499754004,4.197155626637836,3.762103559945321,4.341046026451569,1.1523715208547474,-0.23505209640877833,4.766188909675791,3.3423246709237473,-0.6880595121491533,-3.0734827740827786,-2.739388494840071,-0.07379375791208531,2.4750596544991668,2.030346608746491,-4.980307991475746,1631.5930529655732,25.124807119369507
-2.5431512603848008,3.40114146629437,-3.1456765120459815,1.421236961862836,4.412807260203546,-1.1090177370887195,-0.025569516911088996,-1.877286419642275,-5.115020625978332,2.9288760889923084,-0.7687212689542902,-2.208887959574292,0.39825890148470666,4.387724856461124,2.634838461405889,-0.5322590112520427,1881.3158952692042,26.120282888412476
3.9253324360057453,-0.44819932846504074,-1.8984992099982314,-5.075624812053162,-1.6737972211629137,0.07329740415753339,3.2512511531578143,1.6597525402539137,3.884539449590327,0.8381353176784492,1.2816025819298273,-3.125223596857962,-3.1304917049052854,1.8072644527809176,2.9003177771795245,0.45332719344523564,1290.2514619930614,27.21535086631775
1.0464741145301408,-0.32221014090603717,-2.275112045453753,0.023348181523464184,4.51992892783083,1.1104970303728772,3.4243519626062318,4.048710321830904,1.55053687554636,-3.819063124458664,-4.193160669210904,-4.7427245220454815,-3.049962142288592,-3.262115819237823,-4.845984698396311,1.3744688097339743,1588.131217606948,27.91119909286499
-3.2450817906852896,2.9646054082927753,1.8834523847048574,-1.796113044919244,5.008942899927606,-2.544146523081484,-3.5213883570531443,3.7604576381303927,3.886547448663703,-1.915593136980163,4.905736117501104,0.05496429848267592,2.966558211442462,-3.156899819050372,4.4373540973716645,3.5105976965645462,1363.264343666393,29.050716876983643
-3.649073957480799,3.5212646204124907,3.43242482839623,3.587528949309207,-1.344729847464237,3.723001217402804,0.3939564125553412,-1.7387734421826786,3.3232309322839315,5.105172519261051,-4.2368192567175536,2.8722751372934274,-2.15917513872635,1.1582305522540706,0.33687909359371826,4.83177163151785,2037.2538560993953,30.193535804748535
2.473007797750122,-0.7272103002518451,2.401793883630786,-4.395337978417162,-3.1005136633287775,3.719757715691183,-2.575612795285262,-4.516757927280849,2.822125196295482,5.105608213010544,4.415182074456642,2.5538007016346107,-2.970143164713025,0.7301049744766237,2.7859995460870826,-1.7357894884916432,2121.1038052003537,31.419373989105225
4.558185352039383,4.54864989452584,1.3176030131358223,-2.9147924726210652,3.3263920098546267,0.18364031630479882,-0.25989251901672095,-0.41820700933009025,-4.126189865960259,-1.529522996747033,-2.125519780725189,-2.376963055603631,2.144488343325172,1.2925592388253992,-5.058565025758826,-2.0837568000158733,1786.0116314253012,32.746808767318726
0.7333818317452723,-1.0590530441411738,-0.26543901762604527,3.6474731624698977,-0.022404325128255742,1.9614835950696463,-2.3973260448336062,0.8854904136566999,-3.2082343080648137,-1.7912447927510602,-4.322165740936524,5.108968171505654,-3.1761192492108314,-0.08245720917401034,-2.1411375132250936,0.2643973341539301,1222.9763910475338,34.18781661987305
-4.178774753004751,2.5476934713681683,4.471537188584683,-4.765610982560087,-5.027072581352329,-2.059368996800641,-4.36947155430077,4.4009647850943425,-3.092938428925033,5.008545189121155,0.7061636337392807,1.0961504006036726,1.4859197129413486,-1.186497024167927,-0.901230923159619,-1.7787140727542776,1600.320175073367,35.51317811012268
-4.5896781624688865,4.171611063307009,1.5436789353146194,3.2103794320010364,-0.5344801319553376,0.6915387438650189,-3.222405129340948,0.46998011337372514,-1.2973946632665578,5.016839369089163,3.1140844752964023,3.250825289885051,-3.7197837419273934,-5.096298565773603,0.24912570773264253,-1.9170461253627247,1780.995134445824,36.97042775154114
4.5170261215523135,-0.840873232060587,-2.9293118750669946,-2.711673043598444,-2.2397391165060636,-2.3382499364053153,0.37810708111522917,4.790760951220716,-2.8835494923973037,-5.098689286521591,2.1925628970061677,-1.590420369938475,-2.5504969335664187,1.3520021400790991,-3.904313423258003,-2.5385357167714715,1876.7915345576025,38.31760835647583
-1.9474091503938333,4.783969876798065,-4.161258201853465,-0.6370555622394791,-4.273332764230947,-1.2926135583292186,-2.8053196257519786,-4.055943088713041,3.0925818070455575,5.118468610145167,-2.4087817870181123,5.0380305529504925,1.7791650353465949,-1.179606858130196,-0.3913836280855625,-4.472727541501008,1534.7733603229804,39.639928579330444
