3.0184655628550336,2.800800224062133,-1.2889213528358918,2.519114663261421,-3.821855082343201,-5.083312513884762,-3.255300239679088,4.112698812167975,-3.1947552279791465,0.13852748462128162,1.8600259865669448,4.4969105416783615,2.435917903842907,4.623180711714258,-0.09729553679326841,-4.593396376065498,1667.814426343371,0.26666975021362305
2.7595228701300707,-3.0397926068404484,-2.016342528696317,4.7345401677812395,-1.354742817817241,3.123725273848591,1.0252917489967857,-2.3575037796356417,4.0485256710019195,-1.7610024007976195,-3.8664259154922718,2.198799113780236,-1.871849999537853,-2.024597184259431,3.9537042445607886,2.095457764124891,942.3041097315366,0.5166656970977783
-1.9068821818596113,-2.508997515418035,-1.2161851735512959,4.876309491431729,0.6705437570958477,1.7574906052636265,1.7921271541786483,-0.5066657644970416,-1.004696410104991,-0.34366800487959637,3.772679878603296,-3.1115358850982675,-2.967213130472981,3.0464666675362144,-4.729180595594886,4.38191219182871,1525.9349959526526,0.7510418891906738
-0.5903965470315464,-3.512964137961144,-3.077396369872377,0.4850226569941585,0.9235887809719312,2.373357943528524,-0.6611820530088961,4.732909936302197,-2.2755894348671104,2.05785625096419,2.7222413067164455,2.088715455758604,4.054981319838011,3.872195343732588,4.008075498502477,-3.176764961884185,1517.77983884032,1.0011048316955566
1.170032574481099,0.6357465926489905,1.6711198335604074,0.956752970232313,4.9128184172195715,-0.5103471548288239,-3.31095041617084,-3.0629716719235156,3.564900474565408,-3.9770669090591646,3.3975569388805225,-3.834288704994167,-0.33767693010878563,3.352789625258464,-2.3440592593549927,-2.040762184105933,1748.188103147414,1.2858200073242188
1.4561638462078044,0.5457109914731113,-2.1421633820824177,-0.615958055949088,3.5501945725915585,3.6847169851222477,1.3093455355951935,-2.0867752795613996,-3.3391265237508034,-0.370019281920114,-1.0966333157565291,-4.143896396431303,1.4438236137950753,-1.9480967997850094,-3.961884990833356,1.1033459368386422,1781.9524029981603,1.5671038627624512
4.854724633284651,-5.074420851115714,3.0681745007479533,1.503313191522146,1.053370960340935,4.545512793076342,-3.380014213148973,4.495663672890564,3.5367014946452953,2.7411053687013,4.224531408165755,-4.8322928889523675,0.8583080825691889,-0.38140056159493074,1.593114583373553,0.8313599169177373,1895.2926528982641,1.8326771259307861
0.5112715273874393,-0.09413145374821053,-1.7391483261091407,1.2018961794103902,1.8443589281568737,2.4382212687004587,-3.020766066298608,-0.2390838342903665,-2.3785196933528705,-3.495027936637734,-0.2659404427639718,5.043565454730818,3.2773011380589816,-3.4279716884611764,-3.4482214676637883,1.2703484484034266,1927.5470634113829,2.145228624343872
-4.257518035127455,0.46170244391911197,-4.065799085415659,0.2435907717787451,-1.6297193955881828,-2.09079445972318,3.7861737723295112,-4.7878127249268525,-4.460750668693779,3.76261650997231,3.22848231288235,3.3621460237546623,-4.493470197852917,-4.754697220284977,-4.089528701998454,1.9969171886142565,1795.843088402161,2.5166704654693604
-0.9403847069484108,2.267366066551049,2.2130140361691986,4.010714260530285,-3.476965708726264,0.6028158924683495,-4.458473060205219,3.0076271892607354,1.543925670703242,3.430753166326652,-2.584498997991432,-1.3907756638678217,1.340854046390671,4.48153893684857,-2.3519350245039785,4.523860875658921,2372.0777788974233,3.0479156970977783
-3.648962012770861,-3.10831178084535,-0.7980974997813055,-4.754286825330227,2.4017565387283764,-1.9294019944330256,-4.596765261944519,-0.2802018010212395,-4.003262835469628,-1.6782311090983892,-2.1809937079160733,-1.0998273682481878,-2.9624011039758584,0.9639683151577945,-1.808400158784834,0.06923553158487827,1255.3887029515872,3.5791659355163574
-2.667220610961775,1.8027933669275038,3.925223785967673,2.4223172978939758,-3.3256378309393857,-0.832699146938717,-4.3653621853008335,3.3485000928659003,-2.6145986240346217,4.750648988951705,-1.03398310337443,-2.036769555643628,-4.203047721211875,4.350633066576159,-1.033739076261317,-3.1382837791396554,1639.8933243291417,4.619337797164917
3.8865620009984694,-0.6578722078631118,1.940261076594835,-3.5412858148438398,-5.082786023683456,1.3070410636556993,-3.8835598586806768,0.28093336608306885,4.422132565307188,0.8278519111563387,-4.2888445577396315,-1.959834914645167,-0.45853338321497716,-4.032485146185663,3.395733925623012,-3.628652638087253,1749.7471396001663,5.2159507274627686
2.976910343431668,-3.109051495379163,4.03818545405598,1.9123168731344755,-2.3812615533497516,3.4950013129919766,-5.084270121717233,3.9277379713461498,4.955654798350532,1.723573931962732,-0.8918068318458268,1.4487050127559948,-2.702923008624176,-2.2391220562374023,3.906304334372021,1.8109544774048478,1236.6805819017823,6.38782525062561
-3.0212048908293805,-4.714104193454743,-4.961178945658922,0.2320780315583315,4.833160109041498,-1.4907383881857066,4.4667294539773765,0.13436972729789787,0.04534269236253774,2.022788535465277,5.095544379376656,-2.4472103607220124,0.895392768501039,1.868709295513285,-3.365284870462876,-4.375094235476728,1475.748047548292,7.770714044570923
-1.6052184271372876,2.6363715088073922,0.832217110461861,4.659318876230526,-2.6725600018725375,4.44448041397498,-0.23404771209597275,-2.128874325261656,-0.2153590801724512,-0.7070828074000017,-0.30995550009221695,-4.851776792965575,5.042497722569679,3.3636516469010695,-0.6481762013105428,0.24972627629970567,1946.2663242879753,9.103965282440186
0.43158533126233767,3.3567092599776407,-4.1113072892724905,2.08574976503816,-4.345528079505053,-1.3684544180786573,-3.9094449147190797,4.780505181837113,-2.257350601946792,-1.5036730585591926,0.412499522324981,1.1853608432029876,-4.798903399624947,5.070770790535925,3.450693073967588,-4.032489511902032,1816.1949407783231,10.58764386177063
2.3820066367644417,1.3064397456650418,2.1012985583849524,-1.1469067596322056,2.9064433697151477,-2.615866929284534,-3.4545500240671627,3.0626082940773847,-0.06568856039168125,1.0642963217891657,3.249003980730275,-3.7403974145622643,-0.3580641419185504,-4.217262207382296,-4.667294223853394,1.4539709311806117,1689.6838653082111,12.077234506607056
-2.136479072349595,-0.828895495699328,-0.3478828665330216,0.43615082539156447,-2.4189816236495227,-1.2918197147592463,3.668251257145898,-3.0552398160601792,2.2762256642419993,4.19593598733895,-0.5257035617465284,-4.046043372931717,1.31987727021927,-1.9033322409091507,2.3999986560941897,2.691140787215253,1862.2063615982227,13.685321569442749
4.175495925123836,-3.78655768895566,3.1662471813562467,-2.9149888399540957,-1.9963873488631618,3.4629170976454597,4.569053627766359,4.839415760774814,1.1441429823689875,-2.448983216250866,1.4428025440268115,-2.335347554769025,3.463404376241301,4.389324026191967,-2.6671592743245647,-3.217524694150435,1986.2460004631885,15.193882942199707
2.9730877643999145,-4.111919501991547,-0.615029217371367,-1.0525414891891067,1.3388457051114928,-0.9128012697011414,-1.0242476718922582,-0.9150497033491352,1.9321564263614865,2.5788519531100382,3.6622676981696083,-4.953091723910501,2.2550241757509317,2.725328050796379,2.009225803280202,4.412307732665469,1261.890688945204,16.760721921920776
3.559194554914259,2.3113659635075052,-1.7017525819081123,-1.3743410446890145,1.52042133607645,-1.386345311968682,0.4514307631879513,-4.959324735847166,3.1321073291635537,-4.912930540550217,3.5810267262516122,-1.8546555934412123,-4.596505532606156,0.31477983243372165,3.5253763648466565,-1.1785555446981446,2191.901382922831,18.58921790122986
-4.2360980833097415,0.5804585443531218,1.3807553414562426,-4.563765181981189,-4.751428230719358,-3.2267480989189545,2.5804261608613013,0.6837637169136936,3.1741831958667133,-0.5539817955535966,5.085595306998225,-2.7948840578484595,-3.0957583488813825,-3.131428951529577,3.6624455490243255,3.674484220092757,2010.4988235653927,19.153239488601685
0.7024902619556119,1.5174092525162965,-0.6946514739068155,-2.343905349763564,-3.31353593424723,0.6623789125044803,1.0090806698478616,-0.67871069595558,1.860570624142433,-4.8248221847492365,2.1513515086317616,-2.3135296110451913,-0.6410072077034172,1.790012385941238,-0.6109347945407873,3.247273407738404,1910.9075832000512,21.043866634368896
1.5323324067731132,-4.801027395427514,0.8280510233980305,3.796523164335963,2.9291408352716983,-3.813106275789514,-4.596351875851287,-3.8773421590855692,4.98374491622367,-0.8918944920033347,4.820960645758697,4.161158930426088,3.7501398368086702,0.5171713007526249,-2.941050657813077,4.170176139539016,1363.124346654662,22.97071409225464
-0.9658999191898063,2.695182137893661,3.1132769689632775,4.15146512959505,-2.4290246765977073,3.2812491100729817,-1.4932499697836539,-3.3941286284853365,-0.6866543933825202,2.5436499297533546,-4.820274052567352,-3.6863824177095306,1.3315330912437462,-2.7662721388668645,1.2884009025415004,-2.4552779085965852,2107.0237769562345,25.13141965866089
-4.330997565260565,-4.550774535337406,0.17170533333070104,-2.8460020396032455,-1.9345053868437656,1.1726115301835103,-3.6007514201193045,-3.3339487013147946,3.9039413711339135,2.0901564565268247,-2.6147767243563926,-5.098544784571793,-0.3648037956114054,-4.126618575517106,-3.0301601939289737,-5.016040401938269,1438.335909206254,27.393325090408325
-0.2972914870275334,-4.091284814299497,1.5213801409142507,-0.8208348594595627,3.4825755422698927,-4.25440839707408,-0.004044283485601596,2.925096747544628,2.644848696971277,0.7065402611187892,2.6694313886236136,-1.709743039465092,1.4609818858094892,1.1876735393774709,2.8113718832315753,-1.4116308673557993,1872.0431401519402,29.52311682701111
2.6828392847045555,3.5461514073217524,-1.487291279178832,-1.184050232269009,-2.34608305255292,-1.9535152906512887,0.389069953278657,-0.3685966177625586,0.03664059682592402,-0.2769243203952625,-3.881951254861319,2.6833822904088676,2.567625043140466,-0.8827061390427744,3.4819175429267633,2.527287391982192,2084.2553264992894,31.777031898498535
4.541813145406937,4.412227393211434,-4.032172706139436,1.7017321973975426,3.9832135754985076,-4.874351708361835,1.9660198278135557,4.34012626854127,3.287921873544799,1.3531893715657421,-4.291214221683239,-4.860708679996923,4.233340337203958,-2.8077404606275396,3.943803825131739,-3.9438103817327805,1544.781731524844,34.116840839385986
0.23853952158758052,-2.5511588553481412,3.080946928984994,-0.2464939062929341,3.110260767952025,2.5172667854117314,2.523081863889275,2.942835482484166,4.704401845639745,2.9238723381909226,-3.8911676925144727,4.869188272023341,0.5693093299317704,4.909312289792665,2.3682597865385695,3.6113597250424094,1730.2043528985828,36.50668120384216
3.333085815750233,3.965134073637823,-0.08680176696323194,-3.8764877205418506,3.556802014727146,0.8457179288784493,-1.200598217595498,-1.7745181874973839,4.2540222321284835,-0.12066266578732776,0.6630172467654578,3.8345479438382037,-0.27430157898542795,3.16672683569604,1.1285926254464265,-4.110446539516193,1258.4765107369146,39.20682621002197
1.2715220457753178,-1.3453697324122134,-4.260444297758572,4.057354542596616,-1.131443936422662,3.047099710464411,-4.073475326345035,-4.104251426767759,0.7708833624840352,1.5573152844340594,1.5243283029949604,4.219726153173904,-1.6960677068035528,2.818839176764727,2.4410276627942276,0.8010898981423393,1586.6148980848448,41.591254472732544
-0.11959653305212026,-0.4956427627203652,4.225468637320149,1.4850965129407356,2.748882067205046,0.1751794900095618,1.3844480117396714,-2.1912567607156466,-2.128494948679958,1.6059374016263588,-0.5097159946961831,-3.117195756458022,-1.6279742677491065,0.6939731586216933,-1.6373841290325921,2.382756568992126,2046.574846584684,44.28853440284729
4.256355829700685,-2.337827144130553,1.6177409428492293,2.5100875192574748,4.411978752848017,0.43835738788352874,-4.11872770889536,-0.42655387381326726,2.38072005852285,4.083504534017702,-0.9025969634048785,0.8448880726863823,-3.721585926040585,2.6641652946410845,3.7634474455246076,0.8150105570488346,2022.4213103001787,46.86168622970581
1.4584563520368166,4.096285171235773,-2.442299347280967,-4.594011738131286,2.8862198768820813,1.261206544708661,0.39818096158026073,-4.7011196310038965,-3.333548859517583,-2.764601041507139,-3.7569497435705874,4.5204704913445015,-3.594893989275283,2.320723846639246,4.388176724051891,2.9964081352458054,2248.73810781325,49.477739572525024
2.6381473130396156,2.044086495328288,-4.840915213485659,1.0592218567177056,1.429047179156706,-3.5052298801085806,-4.280792547908143,-0.6568890516322918,1.1463583564039759,-2.186311299741821,4.4917977750834615,1.0303927761547733,-4.465219094277938,4.0226792235143085,-4.499624991698588,2.5376403407242547,1942.728569514993,52.37229800224304
-1.8674364687668712,-2.946543686755569,3.6959114112899174,-2.324964092472233,0.6367014423670199,1.4565307446920386,0.6944367966651086,4.14510320405802,-4.176370940224663,-1.1303287149995298,-1.3710643521956336,0.612003080086895,-0.10140196083761488,-4.896755798805264,0.22086672481481084,-0.10411955986952215,1522.6890555687746,55.55401635169983
-5.034902880811819,-1.2853494124216143,-0.029128201919103702,-2.9483314698575938,-4.128870086362963,-0.8037205381391637,4.439350500810813,0.47352141306580986,2.876349986393861,-2.8488206215843053,-1.4117962314228585,-2.921018066155347,-1.0157047988900647,4.0594354273946225,-1.478192907235428,-0.14721620515419964,1254.4966367082627,58.71612572669983
-1.1196479533444856,2.957151116944094,-3.093134453393936,0.2988298155512146,1.91154405745129,0.9192243454208588,-2.954567202953021,-4.860319992964094,4.096134928937571,-1.2516605654813575,2.9307237312664904,-3.825771590103454,0.45473286269136004,1.990238454350548,-1.5615365508165606,0.18424082510733442,980.7864951884955,59.56766104698181
-0.6731429810992697,-2.4376467790938348,1.1220712755035516,2.108669936995579,0.08325192526050706,-0.6210105815423308,-2.8446058052188965,3.208815821008046,4.137770167378775,-2.0648753828461786,-0.7207127716008923,3.430604136960805,1.8313738838126934,3.569712967284528,0.532987939189562,0.49137559921451945,1766.3569701549875,62.880160093307495
-3.376234184751498,2.843048441476868,-4.727070129983627,2.140653655760522,0.5388819045965318,-4.721566157190991,3.370850943179323,1.8389214713434434,-1.52960379044405,4.6017633161466085,-2.559082822082835,0.33135814755913096,-0.42425220291402876,3.0773910386457084,-1.9310533815618207,-1.4309019089208248,2148.0411672147975,63.59801983833313
1.0202664512424215,-4.893808281547287,-4.381589126438015,0.2776520099839832,-2.057373350212543,5.0463318594025965,-1.3306362538056002,-4.7382424282359175,5.1193256342900755,-2.5665152469026493,-3.0613555056660444,1.5772328296965483,2.1588985663261653,2.3688140280969314,3.0321700454778613,-0.5419199534338235,1568.5916990320563,67.09801840782166
-4.100725951464019,4.591648678541577,4.1866409641268865,5.104340474330459,-5.096550438146476,-0.6428215716754675,0.9305217104680477,-3.298753945187195,0.7293318891728893,-4.652624424192141,1.5398484633159262,3.0156736707018448,-4.145877418018015,-3.5781564907159393,2.1575601471173718,0.3348171079271163,1683.9853751071128,70.76473927497864
1.4228757548520221,2.261001455092681,3.977259650499602,-2.309558609164505,4.543802171764255,2.479884071808536,-1.4129445061201777,2.6856609236425877,2.790279170612534,1.1289367012938776,-2.4485594646938766,4.26015599177224,2.2123752286686473,0.9088816598413265,-0.2688564366146071,-1.111526886311597,1892.805366314741,71.72967600822449
-1.4408184804377417,-5.094444586698881,-3.1812867147773187,0.570891033928854,-0.09765310176870301,1.39396285093546,-4.5533036734901895,3.314261072905473,-4.271947452969581,3.765376179056065,-2.395537533885892,-0.4132737246725693,-3.0315105522956065,-3.056864806207928,4.743431992366735,0.5398273325907192,2019.1741315271024,75.65155243873596
2.3932340826732093,4.67059706697517,4.993775211782826,4.994010038574452,1.42423169398048,-2.9694229124765794,-2.381618091183113,0.5770501768047573,1.2262610851295577,-0.975592018494269,3.3769687262008476,-3.2249326183755658,-4.560246340869634,-4.594304480342801,1.381465046374764,-2.8323896361587235,1991.6266448589497,79.45128679275513
-2.6595408024468994,1.0277035929483365,-2.6666094909804263,4.9379106834323165,-2.8938710572141946,-3.1361485493571744,-0.33038680650972285,-2.8376511593391256,-4.75285302151098,-2.067423321070989,-2.206230751225466,-4.884959272941963,4.830946700581305,-1.2012019370568887,-1.656428202994694,2.528703238711886,1400.1411489339946,83.65178346633911
4.104048178869564,-1.7854265253740182,2.6849639218346235,4.0221450585974035,5.060680648772812,-3.0563832747352793,4.773110385949944,2.807461383465151,4.21512462464507,-5.000047783823093,1.5778805829426448,4.9989764264524466,-0.49613639704940304,1.2882669447715003,3.2335990001013704,-1.025514419868773,1276.843916467615,87.7647111415863
1.9050225409823085,-4.900585129397585,-4.8303930834370385,0.5558367187231559,-4.5237427050463745,-3.0987726572486274,-0.4768081252446743,-0.06903378002595861,-3.9736000600558734,-3.6881449490933296,-1.5978705175764327,5.0776187846967575,3.8843990176148653,-4.213295303931727,-3.8784408742299874,0.4850038450395777,1557.1716463346797,92.17906546592712
1.2589645736319532,3.172432732011848,-1.207931333091118,1.1168244573648387,3.823475192800326,4.562621003513246,-0.24240729903453673,3.364355210981807,5.040176968017119,1.7488803390914427,0.41924201093647717,1.1952414727757263,-0.15725291057569812,-1.8722043245921922,4.618171605180097,-4.628134446965679,1680.8473122426678,96.417409658432
2.582415395674409,-2.715799502358688,-0.825014216331601,1.5028124528746334,3.026615452017837,-1.728133166675196,2.046266834270279,-0.9271795301764891,4.433470027899715,-4.554915238937117,4.8265850463926645,3.879920636664436,-1.3167906227560655,0.8922381559373926,-1.371125764719329,1.605780964917085,1789.117842438101,100.97140860557556
-0.6489008336707114,-2.8056190945523687,2.370822151148345,-3.384038447080144,1.0975646931958138,-2.631921557538289,-1.7207352462281453,5.097727155822109,-3.067669572542598,-4.1471228492363235,-3.055679915764485,3.5557596845502077,-3.8474731660963184,0.5299674936411725,4.762044624344083,-3.393478616999184,1811.443466698138,105.57896828651428
-0.8097736010593426,3.0830314382496242,3.4686501937644225,4.406018892693198,-2.1069265144937486,-0.8804279351191315,-3.350896784217303,-2.416063597343497,3.5703049447838735,-1.278050565872102,4.060911806980559,1.2771305321898128,3.13617691699615,-0.07051633217329911,1.7914218258924484,-4.940775831536824,1543.2270551076167,110.23578190803528
1.4948593019345688,-4.687911554956973,-2.867781888968082,-0.6025355185171222,0.634837927504365,-1.6159324509469202,0.826202923817136,5.103877266292289,-0.4599551988223354,4.522638837183851,0.3569530925881397,-4.772933304894068,-0.11317101338702518,4.100078222429205,-2.14285641343642,-3.213981860226621,1905.987788793717,115.20680785179138
1.903787702114852,-1.0193585014256543,0.5663540856112492,-0.6133059321387648,3.2835109490957786,1.8644395333634156,-0.25557651509200596,-1.4230733520218606,-0.8852394752005459,1.0641152829059592,-3.4800883600412655,-2.4732373842473074,1.9094641407838795,-4.469559095449134,0.08907463436917773,-2.9402464722043984,1573.6656958547367,120.24904346466064
-3.8529589836080627,-0.9058843434886281,2.336458362510572,-4.972740329398924,3.494394633150267,2.0864184103912775,3.9151822248082526,-2.9442296910178363,3.8791100780424275,0.8865063898600205,-2.5972241929439592,3.6176018919095148,-2.6431586912245058,4.823146932698081,3.502601810823406,3.5133222711747214,1646.2352453715398,122.06360983848572
-0.508703448308327,1.0514491359055809,3.8989122267809426,0.5290906128059474,2.3429718732628464,-3.410545153255133,-0.6521629513566607,4.24548602749883,-4.275297460611934,3.4079907164749708,-0.15486340332817505,1.484781716842324,-4.117112886529087,2.9261852863255102,-0.5125575823839448,3.1423993715376577,1954.052006033627,127.3417911529541
4.235903830527882,0.637735318043025,-0.532840986305235,-1.2780210463314061,3.57160600685683,4.137531471007722,1.9552211869187435,-0.3192958547633591,2.652451979627008,4.489791919602838,1.5189048836110555,-1.3057228347466259,1.0537785430040563,1.6117467533540957,5.040368385209674,-0.6378470425015692,2098.2979394230856,132.69150853157043
-2.7759436531739454,-2.1085689798839615,2.084177002496628,1.2316003663143844,-4.7043783564046535,-3.7186746838511873,-2.6105163132554954,-2.4974208891857637,-5.052384993450353,-1.0164927832469202,-4.402516846431734,0.32148898546386917,2.8632365823415498,4.886729863644219,-0.41156803892485083,4.9513729434813145,1582.4868141649922,138.39986205101013
-4.844378956960315,1.2537455501569665,1.0002203286616602,-3.5068307214989782,-2.7393030753362706,3.063138272906971,-3.144305442276289,3.940593168501855,-2.7719972729710007,-2.0389338780870623,-0.8654372841998068,-2.8844218969443576,-0.6891522556632186,-4.221186313066761,-0.06637380789603053,4.884717297776613,1050.8886550720472,144.11024618148804
2.513319745091237,1.9231122654338142,0.6271303606931466,-4.252867221282355,-0.4554240212398222,-1.974780550870924,-0.3307742690130677,-3.328776433129687,5.052333804268453,-3.426525896257793,-1.9278774273936445,-1.6528719420434532,2.387445248855557,1.0740121118630803,2.8808250110404527,4.337117333984984,1825.3058985941204,150.12136816978455
3.94816653362751,3.030332415487366,-1.9440158462821406,-2.1144401711632095,4.02188850182428,-0.5271191819206251,-4.8863789148555705,3.3251068545636473,-4.1120025730389465,4.786095505964712,0.8251737971164266,-0.8423587267535746,-2.902045066438796,0.10249245422108277,2.844093258573497,-4.1943623468249385,916.3865155515248,156.27427005767822
-2.8826323881061553,-3.7656205568855237,-0.0038421232371597114,-3.3667454265285013,3.5698072521892614,4.784244933535848,-0.9669111078213124,-1.0561099882901246,-3.6152441817234884,-4.087727487415583,-0.25588104937998324,-4.094746186891355,4.381737281517208,-0.7162707654385176,3.3874388036152423,-4.670433350408478,1661.0109208208787,162.6382987499237
-1.5246156716388426,-1.4924136866675548,-1.6178843615101646,0.13345242979093985,-2.566428363443212,-3.034552602156595,-1.3561700975899607,-1.3903407624297692,-5.025463747487839,2.1374946133288377,3.1529744902407417,2.7116998086859807,3.265530552474039,-1.5978678189564088,1.1148386425997696,-1.2963306349719135,1876.4233029646907,168.98182559013367
-4.111181852903764,-5.028546544380377,-0.7641862062732523,0.9183642531449712,-2.3958293344137505,2.8843638489776007,0.14080986980684784,4.910604131178366,-4.61635232520886,-2.0839744721121183,2.19573875326072,0.9566114415405869,5.1083706972836,-3.645526003607241,-4.031573626393974,-0.6370182487079852,1163.6098567630345,175.2451536655426
1.9017579786460512,1.1566218711906426,4.7326373275097735,4.663673490697062,2.4917188091673905,4.960653403724094,2.2458843124997943,-0.6863300931074194,-1.387215872824974,4.780875258859738,1.834216576949336,-3.8128276243068155,0.49333357257869714,2.73972266516991,-0.4384942080065146,1.908494837836213,1787.3422028557563,181.70623803138733
-0.863247136349437,-0.9759510566178076,3.524793745749407,-4.978235115686186,0.7530800791235368,1.2552710060450014,4.990830034936752,-3.4333190940682243,5.031887156594187,5.104774234760259,-1.7755872223573834,-4.3507850526883765,3.8111921214383964,-4.2874571350531525,0.1894976346249191,3.986090943275035,1343.6440011793343,188.37202715873718
-4.777088834407059,0.5967413668434922,2.535437964241753,-2.1036597509346913,-2.881263334551107,-3.891467660311574,2.9237470758896817,-2.2622490041633245,-2.7476008449450395,2.6204392717216596,3.0159376953556825,0.7157895714293172,-3.1053710323618176,0.13907630082169842,4.108572619441781,-2.8623806376083456,1291.406248908284,191.71853590011597
1.2273759064031164,0.2814512644101139,-0.9573737818040033,-3.6698402272946735,3.399095737630142,-1.940304155026408,0.11243808082872953,-1.4649531273927945,-0.42848768955528627,1.2460029621524846,3.373282262235077,-2.0437675736070475,3.3597986749710467,-3.716017149821832,-0.5094987808315112,-0.54164618553314,1985.238424468939,197.23430585861206
-0.14723711678513496,-2.0736158386477648,2.4709832702398016,-2.828999951289301,-0.5211368508239111,-0.19368773695767771,-4.423381966015313,-4.917224667777117,4.058490004089353,2.6556259857685722,3.1510885264361486,-2.707236376390111,0.763964159194293,2.2934573664520084,-4.80109945666503,-3.752969198941564,1629.2910371200214,204.69072556495667
-1.4591006370455006,5.013135276818869,-3.8259388834386785,1.3374314180537805,3.6854122799292695,-2.9173033052839,1.8099014609101243,2.378126319981428,1.249041993236494,-3.6614863432323963,-1.5514294271157376,-3.162578864278128,1.1144774889342868,1.2894364092784167,-4.467531636441247,3.2792406580806412,1887.3557327213925,212.35591793060303
-4.384865878042451,1.2273993876942066,3.8023002842541933,4.485425780822873,-3.3017836247390275,-0.4645988263610885,-3.1766150728842097,2.533002589097289,0.9587090021045181,2.439201159448163,5.053797618174179,2.383080275324721,0.9188428781692961,-1.241355955011568,4.020320982750191,-0.310057197228331,1871.6038723437387,220.44805312156677
-0.17526843889220434,4.513024152188147,3.4280382343807885,3.3953323064168,-0.6152898907842168,3.517437787877273,4.272962233315595,-1.675520580179147,-4.371949063615626,-2.7866210966187244,1.7907175856169912,0.7836365639181508,-0.549907979407191,-0.9371586075926936,3.732815646938014,-0.6142819080862454,2270.1280526377404,229.0461905002594
-0.4327996206662865,-1.7266170326382273,4.407599317247111,-1.2067996773043,4.401786571592949,3.612645058976965,-1.3823402596520151,-1.9806225439024985,0.0522425302452465,3.4442615787997157,4.068819051829656,-1.188915894192951,2.207649430952464,0.7320092508282503,-0.06368377192266372,-1.5955132349516004,1841.376832520066,236.55781269073486
3.6649237779994843,-0.1739957427166372,2.371255050067349,0.780930942687073,-1.736687107696235,4.733560239663745,1.6018115601743048,4.630779088845563,3.9628370594876534,-2.10757215056019,3.6449459412407643,3.914435462206538,-1.642584177048497,1.7703367787253104,-4.102187922230669,-4.914391171482155,1670.2819256541009,244.20524287223816
4.106115620049395,-3.057110943698934,-1.5024426990739035,1.8085381038033095,3.224930201329866,4.522565417138172,-3.76378052988191,2.7416094559940287,2.2619570353597442,-3.3868337998552454,0.017875177800648068,2.6914375044791043,5.047297882689208,-0.8199972206197934,3.1070838606420077,0.21172701953511464,1495.355962599962,253.0143187046051
-4.384283327766043,0.14767645106838234,-0.3611523101809686,-4.296517443667853,-4.717914878338372,0.6971872608496232,2.48401696425499,4.787820484907917,1.9204182882183538,2.8752527476668606,3.6735823741040265,-4.232408830564431,-1.509951298139999,4.025502341909255,-1.7069636647078408,3.1992540020955476,1874.1291744768455,261.3796305656433
-0.9487693578691996,-3.4965274761345504,3.4079603856191687,-0.24135582750709617,2.3447811029291827,1.1928614223822152,-4.424918648343703,1.7631067426384366,1.478902239618182,-2.4364226273598963,4.240427849866848,0.3705300164239649,-5.022987906206834,-1.9749627927443472,-1.3563849312925194,-1.4650493365547317,2114.78686202515,269.7641570568085
3.7731432884625304,-3.8996319447505865,1.0981748372825164,3.740612100606225,-3.8926382783238838,-3.040709292525591,3.5131889852863596,1.6884413393912645,0.24551419694084942,4.254582103277914,4.357571650583725,0.9545767235263547,-1.5068555334580975,-1.3996495210262498,-2.723714271193616,1.28427918843804,1712.353335096466,278.6043553352356
0.2859543353124252,-1.8257615212785727,-3.8876601682702026,3.551790467045852,-2.6851714453103632,-1.1942164591136977,0.9407147950642365,-1.0091628120850906,1.9043467483869652,0.44486060950159256,-0.5799604191375867,4.461456351589351,4.719423523041953,2.7263812574324353,0.16985176291687942,2.3993731041951136,1771.3628377330933,288.3371868133545
