1.0967087896226984,3.949868368596575,-4.377901302454599,0.04249292058875298,0.824831155782034,4.754719088699207,-1.5401089828256231,2.110842042198268,71.78944747427289,0.0011050701141357422
-5.031575528767482,3.6498439386663444,-3.474197007065678,-3.2021420452988774,0.589340351953771,1.3517454687678105,4.485205348842146,-0.7532296099074065,94.53827816393232,0.0020873546600341797
-0.5000651445776683,-3.6184885382074263,1.8076004320741061,-3.3443480421391643,0.20455745517138535,-1.243840822717679,3.554966205334682,3.6882206702478273,66.5645088992924,0.003050088882446289
4.951876530278116,2.6153474687365694,-2.179692395601697,0.9736221224662263,-1.7633070308193628,-3.0671279321154232,-2.866592931549673,-1.8109132186960535,65.41550140508286,0.004019975662231445
-1.30355376554565,1.915817570819204,-0.3534002726827721,3.7829363268819884,-4.068269116999525,4.255301012818946,2.6231789312137685,4.912817100671355,92.33200869616249,0.005078554153442383
-4.297477598971101,4.763423359075264,0.8989195364113876,-3.900991523958029,-3.3982329136657494,-4.327384281682607,2.857378355120635,0.35794125492419404,103.61576104561384,0.006028652191162109
4.477217264672535,2.0919721710694343,0.366598336999548,-0.983538001530813,-3.1430957195991045,-1.760359257355165,2.9910664939008056,-4.6759099987637445,75.90149929274796,0.006983280181884766
-0.27708773333349423,3.1876563269204565,4.466901061634535,-3.842088839549235,-4.896242361525192,-1.8653809546486588,-3.49660340382746,1.5504907500318836,95.74691720934844,0.007963418960571289
-0.5361491949997497,2.6550949767672503,-3.8886594235393535,3.961736558913718,1.3236995629543218,0.697646973790814,3.027656032381288,2.778920051272097,64.68564029067632,0.009033203125
-2.7346056108208994,-1.3488313648697594,0.27338132111918867,3.5888352870266678,-2.874020660712159,1.694594298072741,-4.374968473583068,-3.731535871711868,76.58236863747938,0.01003575325012207
-4.630232292217836,5.025378309063876,1.1356430776785942,3.1100264232300043,4.720106745330864,-2.242057116328636,-0.3401694208045489,0.8913831182006557,92.03695869133762,0.011001348495483398
1.7902133989901845,0.4426377089654263,-2.9449561017118944,3.7622882565489943,1.0944159005815424,2.980298940571921,-2.117908875578948,-4.903402041683572,69.12424881621925,0.011985301971435547
1.9907922531065445,-1.5194433160662406,1.6982419950218084,-0.48456281606050666,0.9496642774399593,-4.367917919336103,1.127803507814522,-4.9984952113170396,62.96732850376618,0.01304769515991211
-4.165900362426472,0.4113432997995847,4.52281424418745,5.069872313584008,2.465094179416064,-1.005474112280977,1.9307090488346033,0.7196562746259181,82.70524917645143,0.014032363891601562
-4.5332123612198725,4.8461874855448395,2.8817085197636585,-0.5420917728268027,3.814362036753006,-1.192559175292851,-1.3060954026273537,3.983838295548675,93.42484959562772,0.015091657638549805
3.259928657486129,4.98255432172919,1.3212114269787074,1.0060212306267227,2.532383342278515,4.665673147674535,-3.3426366943356163,3.9786932080476705,100.94052207274467,0.01604938507080078
0.8150094963464536,4.136598748305118,0.12994492472573604,2.6480158971249654,2.960544438234728,3.8575063328624095,-1.3130965006872457,1.5369550789120092,59.162879671862015,0.017183780670166016
-3.262818822629814,-5.019978603963704,-2.2497767670206468,-0.8827087919109013,-4.093883979760263,0.49201639672618125,1.0238713386577016,-0.43864499871287244,66.38151510473547,0.01814746856689453
1.6301554599867742,-2.717785754777337,1.3222801814962528,-1.4940093837166324,-3.745606156530916,4.357587690908896,1.1552986747230962,1.1547480264063061,59.56275684507207,0.01910710334777832
-4.941514914915319,3.1907499955601297,1.6044840171324966,-4.118881112282418,-0.621609857409946,3.062956908389995,-1.1088461878718547,-2.5121889184641653,78.23032502501731,0.02006220817565918
5.083099652454453,-2.0413164841537066,0.7145255684520597,-2.602897709519793,-3.0336653932566775,1.982744816952458,-0.4101846911376077,-2.6563255311693648,64.26348398834683,0.021210193634033203
0.24322024894579908,-1.2798405977660394,-3.4095795702340066,2.210483840724521,-4.905495915962057,-4.019209604292465,-1.54083723687048,-1.8530492333534228,71.51803612453095,0.022174596786499023
4.9121978816106155,-4.962185607580208,1.4708544726516015,-0.44260412475497635,-1.0024612597374603,-0.6668562905881954,-2.171615739189204,2.592880504206878,71.95700299998518,0.023143291473388672
-2.342882373289759,0.5872534518636119,-1.834917570899575,4.573685275257888,-2.076840741213486,-0.26103369027694256,2.0517810902702847,1.0779508068762604,47.01688152318458,0.024105072021484375
3.7037070567102903,-4.69681057381734,-2.1022667098656105,-4.131083455042926,-2.4312692944492,0.185469927620332,-1.1154021794796112,2.4300509650027697,78.1625368687803,0.0252377986907959
0.3801690759465419,1.688867750574368,-0.4131183533594678,-0.9586080619080191,2.100903834588129,3.324762869689587,0.026164589300132768,2.356914799586588,33.38554190853931,0.026197433471679688
0.8201954003793501,-2.8737621867313994,1.6258727556804615,-4.809666429937432,4.397719943043616,-2.9422006488697283,3.4902109437163267,4.2303346118555885,100.7305374981811,0.027163267135620117
1.1235608918162026,0.4954699156689344,-4.4288018975354815,-3.344625111117037,-3.6417797940730723,1.1522297916763113,-0.6971612699666085,3.053422303997473,65.89026353077278,0.02813267707824707
-0.8888253440450065,3.0220304057460146,4.909453601852504,3.441675485774417,-3.0728345889834903,4.49559762449245,1.5533224680843514,3.934996790056407,99.88432693754785,0.029273033142089844
3.6564370085559945,3.678724171682105,-3.341523710992154,-2.3270698764078936,2.7613132918693886,-2.9524161119961487,0.9254751330848281,-0.20597611000504035,68.52904158494137,0.03025031089782715
1.5805276944902333,-2.426931983331926,2.127977442586638,3.4027898598954627,0.7755299701937357,-2.63437391055785,3.9216977462252283,0.059055666477367375,56.00769838509572,0.031224489212036133
3.3089153509879656,2.096392104973896,0.15516115614015114,-4.9390845940512405,1.7765200334872535,2.0894101748569556,3.846978532857359,-3.4956362469745494,79.76867930182125,0.032181739807128906
-2.802879172769204,-2.764900154292872,-3.593733592000495,2.09072925190055,-0.1622244921631788,-4.5596610946003535,1.6886400019435959,-3.2718429916707246,75.64962464387021,0.03332352638244629
2.254577659284564,4.099733090936115,-2.2939979175286345,-1.3649752492279794,3.126474808642425,-4.51661366405703,0.47733358693553996,-3.5997407715491567,82.62391330406706,0.03431963920593262
-3.343184350698228,-0.28538918299924276,-0.002930877806187837,-2.5277832162337672,-3.988979765146351,3.369055847588924,-3.83953272829541,-2.6918797602564073,75.16324124370962,0.035288095474243164
-1.4046797805620845,-0.865344576747245,-1.2189955460571542,4.114627125939131,4.133082771619111,3.5301946549794136,0.4395474396439232,3.0976211641491362,68.11170959160971,0.036244869232177734
-4.318425726619349,4.775372491221828,4.1688494638049916,2.06010569014048,4.764469313691893,2.6634405896185847,5.105692725135662,1.4506870243462844,128.4750183559811,0.037439584732055664
-1.1607767069987376,1.389702065626497,-5.045175483162114,-3.287408429110303,3.972026114858557,-3.931157943098384,1.1694725162268886,-0.9544842707711112,77.22320988336503,0.03841733932495117
0.37220211382969737,-1.0776540806536845,-3.9877098774819637,-2.1151056321169444,-0.24765573366699467,-0.07072270501856792,-0.30623702208668924,-1.4002374251625889,30.09903926975441,0.03939080238342285
-4.005250353142873,-3.2239331925653376,1.1372860896750652,1.388944082265323,2.2257298434270583,-1.6304041468634187,-3.0258985435825796,2.01387541930223,55.98329751298972,0.0403592586517334
-1.1483028264750605,-1.0622867736461812,3.2388755892201386,-5.070794343300723,3.3637553823938537,3.075840301718391,2.27768938712871,-2.2983314362225733,75.64182158155299,0.04143381118774414
-1.5540407508116352,0.25039362411739496,-1.2402727204406796,1.293883163625555,-3.439609244878385,-4.181757158860236,-4.768046496728699,1.7494186192726566,70.36304352481129,0.04239487648010254
-0.3777837474927628,2.46607665123775,-2.9328260132872956,-5.088266923372357,-4.5780713782574,2.198414511208182,1.3475479899223135,-0.9920372397800401,77.3824572745043,0.04336357116699219
0.2869655167979914,-3.520090621798712,-1.1761376005852506,-0.8078036591351943,4.921509378069957,3.2508140189230934,-0.7705114149813381,-1.6482666121310077,60.62042255530216,0.04434704780578613
2.3529152917507945,-2.9128582572506225,4.1309120913427035,-4.2183151460334125,-4.345121605893244,-2.9514382580371397,-3.2018007717683323,1.8954832550794265,95.70424449542537,0.04540896415710449
-3.682657602682352,0.45339475187219946,3.1016546698569707,4.23335269582724,2.2095529344370304,-0.42107030778952126,3.8050373448589765,-4.012444767617149,84.69950363461714,0.04637575149536133
4.720464193188593,-3.3768415533764706,-3.0245596195329445,-2.4657959861048044,1.3473372819659089,-1.7118918787759703,-0.4623806756617368,4.611508267267289,86.57624271450737,0.04733133316040039
3.8755532793352314,1.7697019493343564,2.4420390018360116,0.35915440053464476,-3.178620240958095,1.0055802604130477,-4.571535793072206,-0.46494072284149013,65.65245302661745,0.04828310012817383
-2.150012026960332,-2.993061824815147,0.4677523885996262,3.6662842285819783,3.3426014458712734,-1.2710649851474858,-1.149315171936053,2.1636133447981276,53.50073282934138,0.04936623573303223
2.300276815838611,4.889305012074595,4.427035303177754,0.9061455699515157,4.9794677193520185,-0.8279557305042138,3.805303102948197,-1.999389741434047,98.38073107329399,0.05034613609313965
-2.28363405532913,1.2948147986503962,-1.6491818277772192,2.8410029534158303,-4.554817701002998,2.241725800462163,2.3644595186164725,3.4001272168764993,71.50184416283784,0.051310062408447266
4.761306811285118,-0.7295063787105613,2.300902846613086,0.4450762489121596,5.05155362257917,2.005647618216651,-0.411229675271219,-2.1369791914196123,70.53309641611217,0.052268028259277344
-3.166380308965535,-4.902536976711205,-2.446014618095058,-4.202180869362184,-1.6004491515666706,4.510314403842123,0.8714443832874235,-2.2754948278899674,95.14466015531414,0.05336475372314453
4.090383389940334,-3.1888554541809464,4.28322299485241,-3.5618705052150137,-1.1668770870103677,-1.5649405876999087,-2.4467457297386406,-0.33724592743942416,77.64340471473656,0.05433177947998047
-4.7754452457920795,-4.005052301504133,2.3156166233385127,3.3057637120934986,1.4051775081820894,2.2899656311122465,-4.38131064706086,-1.7401642399549866,94.03578198001536,0.05533194541931152
4.588087079453605,-4.918943652930379,-1.9578158333974711,-1.7463093013700535,3.665605371214979,-4.198279620999193,0.9130217124561231,-0.6757900487588646,91.29912752988349,0.05629396438598633
4.436024099244045,1.757218698253089,5.099644787244,1.4230216066361132,-1.2948359539561745,-4.007893451564133,1.3144666028230407,-3.3263102638362074,90.41399615871802,0.05738544464111328
-4.176231722810495,-0.5564634642022659,-3.0870997944894962,-2.8751085789858415,-2.860074818153541,4.967552547683792,-3.474196539620144,0.9055284838246145,86.76359950143375,0.0583498477935791
3.181591308519793,-2.3897520448094753,-3.452222643065887,0.3758964704953245,-1.4833943495143518,2.7852484488920446,-3.7150330568379966,4.834283372230254,85.52925245552736,0.05931234359741211
