2.3857607239811403,-1.0563602319421372,2.841710062859536,-3.1603030925907314,-0.0639089917869855,4.053845884331369,0.5210882108226436,2.2165449145922764,52.14797120375036,0.3613474369049072
-5.12,-1.4400650908127846,-2.960863979395345,-2.6596369131489137,2.396045197511662,1.2377837251646229,-5.12,1.7217526721744996,88.51440139018936,0.8307700157165527
-5.114257205102554,-1.48129553380923,5.12,5.12,-5.12,-2.8296711075987826,4.561671963343286,-5.12,167.79330736469976,1.1637258529663086
0.4267414497342683,-1.6048429698900954,-5.12,1.855122719563763,5.12,5.12,-2.4038409941336454,5.12,123.81541579273616,1.555410385131836
5.12,5.12,5.12,-5.12,-5.12,5.12,5.12,-1.7900096333413198,189.35340558232755,1.9683005809783936
1.7201323166386961,3.8428851173964356,-4.672501644678328,1.9806982625671594,-0.8034798332267767,5.12,3.561914945461125,-1.4637899886401669,93.123549789869,2.356707811355591
0.11583240829815189,-3.3425121055188756,-3.565035336360104,-0.7003501740696576,-0.6089147491242599,-5.12,0.4260895561158131,1.363602342794774,63.63361287429199,2.7878189086914062
-1.3986665214403864,-3.166146460034036,2.8916901144052494,3.7655686219271134,-0.7016926558504215,-3.8332106149782947,0.0005664574261503574,0.7173370734338498,56.65226068465888,3.3270606994628906
-4.052006268339225,-0.9416225464871006,0.9448185747914373,4.519516381887706,-0.4017179130969568,4.043613190124243,0.4143839468195507,-4.359820239115809,81.83542457995931,3.834886312484741
-0.7129786862497731,1.4312264544267421,1.5616770429942832,1.6660878830687897,-4.833913422749631,-1.5142325009721027,-5.12,-4.484730262621779,91.08513281222996,4.315985918045044
5.12,3.9796940383319166,-4.705311405448345,-5.12,0.4798979470348108,-4.843459488419311,-2.0757978133333435,5.12,149.2670552803415,4.833922863006592
-2.766001340793819,-5.105016228710864,5.12,2.652627097030429,-0.7766628463572882,5.12,-0.11949305046423131,-1.4771477215687958,102.29440453224686,5.473135948181152
5.12,-5.12,-0.06821278907432582,-3.4399943025922606,-1.0476372755401044,1.4333545753549846,-0.0031903751336086472,-0.29980756153389976,73.33736107501956,6.01364803314209
5.12,-0.42974159169673065,-0.2532380391245006,5.12,-5.12,5.12,0.040283158235308036,-0.72859730514286,110.81342091871535,6.5304038524627686
5.12,-0.3704123826846546,-5.12,-5.12,0.002546407782229032,-1.132505084342633,1.400157883851831,-0.9065104963918893,87.64907166670118,6.980076789855957
-2.443000719018193,-0.2857620356644235,0.20695750984356298,-2.1875253917076685,0.48118353122607793,-5.052295434011676,2.9009284548243803,-2.711279897881704,60.386311091126636,7.546765565872192
4.06214172662236,3.5083302184421905,0.35886903131352454,4.3533605550263585,-1.420925214072319,3.4078679909304794,1.5743346738304584,0.02282248131532949,74.93144196755827,8.02692723274231
-0.5718206174568374,1.9628002041328232,0.20565257663332215,5.12,0.9687242660493016,-2.9615548439858146,-0.8065681900485364,-2.2880597621028325,50.891480456026194,8.493324995040894
-3.2880277881203535,3.399644101618514,2.2996815868902347,-3.284038923335513,4.006024312646219,-4.337669289414635,-0.6177447454337379,0.9055156841769607,83.50487497718495,9.023606061935425
1.482940663821644,-3.6081624549547047,0.045661126235164495,4.00677962131869,2.6371328863112957,-2.4829101298805716,0.6349756594426355,-4.987095437453586,78.79196021254117,9.55383849143982
3.065563048029552,-3.942680212989525,0.16207236794850033,2.3863175295476005,-0.04337911372874981,4.296675975349255,0.9766715383622797,0.20615630063878498,54.56618019548525,10.226754665374756
4.310862731282243,-0.3805221221745665,2.9438138108350556,2.2698063928288343,-3.276164260427361,3.5586065845174923,-2.6575293670744315,3.8372154674022623,87.14469353392522,10.847592115402222
1.682652385909603,4.239321055139707,1.879010986675902,-5.12,0.35597208785978385,-5.12,-2.7365981369293944,0.12320701519734722,90.54126678317697,11.414569854736328
4.653968396356617,-0.46708245504448964,0.5526215087023774,5.12,0.821950647869147,-5.12,0.6204346948417241,-0.09495987196080069,84.17839537705251,12.11730146408081
0.9693708494376585,-5.12,1.2973552622320081,5.12,-1.3672312977420469,-0.6031216584006618,0.028916477203138058,-0.9794189512994569,63.59238568543658,12.933679580688477
0.8934918140964268,0.7946547089542753,5.12,5.12,-1.284844657234392,-0.4145829589341643,-0.47221191295264475,-5.12,88.93196041539167,13.68718934059143
5.12,5.12,5.12,5.12,5.12,5.12,5.12,-1.3910742417367068,189.10790520790263,14.442551374435425
-4.689798001067502,-4.2236151382855,0.2601655159481986,-1.5717105516142715,-5.12,1.55988835177875,0.739735577415189,-3.051772103500084,89.36552999434052,15.083550214767456
1.8303753209670974,3.179448861683931,0.09116837681771806,-0.3880830723642079,0.47624267507087303,1.07244949178172,2.227241709887296,0.20257006235371833,26.660949109252943,15.584027290344238
0.985349474429488,3.7833658731440876,0.06449377751976826,-4.671516641461427,-0.4309729089051224,-3.796692281584669,1.9544744406022767,-0.6610248547312754,62.50926112502374,16.101746797561646
-5.12,5.12,-5.12,5.12,5.12,-5.12,-1.9846250686261082,-5.12,189.3414187656663,16.791625261306763
0.8580223825645543,0.7698774553386691,0.48396455589009424,-5.12,-5.12,1.149803330036585,5.12,0.33064811870083854,87.5898975944916,17.34400486946106
1.0728360374478045,1.797672349636457,-0.09948622523682804,-5.12,-1.1721722136620216,0.788987635086543,0.38753584610085134,0.964494294067948,38.02483296278952,17.800159692764282
-0.5253773230080387,0.4307647049834067,-0.25704002785228663,5.12,0.27993833983221617,0.6082805276705425,0.8251915090388424,0.44258860751750184,38.721607164434914,18.26002073287964
5.12,4.699685466322651,-0.1540187543827498,3.6850388935030525,4.4149686012613865,0.5511162836278949,1.823408482494858,-4.668610615486317,116.08661083819568,18.67831563949585
0.27736886276845407,0.3093496414731396,0.0927239840038423,-0.13994192046617293,-0.017790969426055625,0.4563620958260515,0.07214195926026079,-0.4848394408559793,7.777708279291086,19.736984968185425
0.37798678673084485,0.27734952454338924,0.0937132212119085,-0.5312539915643644,0.7813215956969426,1.1656723954511072,-0.16082230882765636,-1.0701218228476952,10.554631244756017,20.50297522544861
-0.10494952285819092,0.6814343494308766,0.040981872072656245,-0.009925661184418288,-0.4759653971554343,0.3705491627620381,0.04952573312899844,-0.1986094906447633,6.951455161030352,21.350849628448486
-0.03813595239826029,1.1257729480155483,0.13620399253114357,0.11946207011659826,-0.5615276617275615,0.8466515201979004,-0.5461390337075791,-0.1312530710761992,8.222329458689458,22.07047700881958
-0.5311229914492444,0.5421577507819473,-0.307373050520785,-0.10711864271766025,-0.38213811468976644,0.367325796046023,0.3533447802031686,-0.16745601392478715,12.151955728964463,22.914703607559204
0.7677051148448379,0.40369306253480275,0.42571340699479343,0.09073873279084843,-0.28844058295820574,0.33325788219900776,-0.47729336049303583,-0.17970787658886067,11.459967717728539,23.85315489768982
-0.0765883128217908,1.7908074489099555,0.5630595157017,-0.2337051142051374,-0.016833683925860043,2.089637300584509,-1.2172766440188836,-0.5233356783247674,16.332462930115405,24.726246118545532
-0.7689743827157915,-5.12,-4.4081121030084045,-5.12,5.12,5.12,1.6906322091509605,-5.12,159.39157170899765,25.842313051223755
-5.12,3.2133811433423842,-4.774345561283669,1.3263254193659693,-5.12,-0.8120946143781804,0.4846201727187349,5.12,120.92595171906326,26.93971586227417
0.12980587642813557,0.016562307052657488,0.28353871479873405,-0.13474621579131263,0.010660170921754641,-0.0019425716282563954,0.20713125389732223,-0.130352472315737,3.09560649692237,27.87430191040039
-5.12,5.12,5.12,-5.12,-5.12,5.12,-5.12,5.12,211.88345098062877,28.805298328399658
3.3334752549900584,-0.9834065059032655,3.998700119781783,-0.6797401912476833,5.12,2.950034615795018,-5.12,-0.31116846319935476,94.65849612378648,29.49789595603943
0.17547488490831675,-0.291612651607589,0.2756517919533259,-0.16622048394953204,0.5905174716143904,-0.29050161979282674,-0.27618942251459266,0.5403431694863698,10.712188168420273,30.14756989479065
-1.8825857921209272,-0.7414454434924416,-0.12583690812054105,-0.22964481683853677,0.5343693330799271,-0.046507181586337154,3.5833080540399562,0.6405770200102436,25.703291748493147,30.76951289176941
0.627849209113533,-1.5437002789944945,-2.891952221679431,-1.8824210815947349,-3.229511753436027,2.6298606301401835,-0.9092038417712249,2.0601911717201835,44.026197086633545,31.49834704399109
-1.2695981494102466,1.372168684636506,2.032668687022505,-2.8957248007666996,1.9081894413750513,1.5118471336945252,-2.8472232765583594,-4.865508386066129,59.68547681833516,32.10123944282532
-2.2368519653866583,1.0889112117472486,1.4335583465374713,1.5934259683869234,2.715893576198174,1.0825085387538786,-2.521038615960203,4.299816801509432,53.634773648145526,32.82918691635132
0.06472731114512875,-0.40820827892119915,-0.7438406653678387,1.7394549698651751,-1.2558099078749536,-0.9013173785628048,0.841634333746911,-0.6457508024509453,14.576653471251309,33.497416496276855
-0.35332483325235486,-0.7361266599550174,1.22386817588073,-2.27144135919573,1.3627497459017617,-0.12840833695485898,0.4148883870636686,-0.21612466468317404,18.686892184148416,34.10345697402954
-0.41657449199949426,2.327660863084681,-2.4859812962711936,-0.604130725193138,-0.34325348603113426,0.17560162647387667,-1.2319661523152363,-1.809663582696873,27.825199064164654,34.97947096824646
-1.852666987962154,-0.6645297924974338,-0.4383164863468094,0.9338183218327538,1.1163177467937029,0.40284635792820467,-0.3274857686143813,-0.3279506080631105,15.495805025654153,35.62785315513611
-1.5650111850393813,1.3467104264546688,1.328352552894211,-0.42244720440839423,-0.2771222178796968,-0.014924554541830837,0.8818537513655746,-0.61192534071888,17.4797803816671,36.305718660354614
4.359299947434702,-0.5172251735405551,-4.856572939094242,-0.3762340266425177,-5.0446109772090715,-3.9301013108286122,4.82659275177751,4.9724233214729905,138.31973632767313,36.96340370178223
-0.31380271783644176,-0.7717218907646144,-0.06370173706856086,-0.4627211446836279,-1.2356675150943102,2.108724238797456,-0.5388119264967948,0.3215894376868116,16.125105647298273,37.7748544216156
2.0823234382619047,0.6436753407792368,0.6478908952236022,-1.3437321943127798,-0.5886578076779969,1.7382586052517501,1.6744132574706923,-3.0023977427990456,31.446002562170978,38.471659898757935
-4.295409106332207,4.929248535770779,-2.9716613414517754,-2.7668003845967766,2.826558573687241,3.9140364975920408,2.0874126105816844,4.644267120672068,113.20198137027617,39.245503664016724
-4.9949495658063,-4.038225448142531,-4.777985162571971,4.214467364928482,-0.5448861336103787,0.4222092653719036,3.3528014336372154,4.121044329939667,117.900852038685,39.93971490859985
0.766231206963937,-0.40671422678802926,0.8464692304141774,-1.5633024341827872,-0.3983517111595587,-0.7375481286802597,-1.3142935973859466,0.06761617021937116,15.794087654048091,40.66634178161621
4.357339256664036,5.091843441795668,-4.758721339560096,-3.255899686695609,-3.914810711985493,5.079573994828702,-3.100616672846017,-2.6844684930240708,141.73202335690414,41.44166684150696
0.33122238194713205,1.2333681028456427,1.2849166973793524,-0.6280186492592179,-1.2470341106545026,-1.1525931070105728,-0.15309197147839182,2.710945581977767,22.30572351177301,42.19723129272461
-1.4804607706196333,-4.219628483876303,3.189332044218099,-3.8733211604352173,-4.937995720283815,-4.331226622359245,-3.853809450624692,4.898332402907557,133.04511805304696,43.04630398750305
5.086780631954844,-5.036819361423615,5.068031637806482,-4.940957366764909,-4.201686944435518,-3.031957808903056,2.807213885475533,-4.705353347456156,161.1865206674306,43.80759382247925
0.2699968113433737,0.8073898652025386,-0.20301343709197184,-1.0452807160743252,0.5622109742270673,-0.2684881976140412,-0.41212181439649065,0.129491935924408,10.1601151371027,44.43542504310608
4.501836711814778,-3.3865304130587424,-4.158729235116574,-4.931212954350152,4.640039790888305,-4.573655541196704,-5.001531930674139,-4.123734409702005,165.9409656133463,45.207725048065186
-3.8431105241167547,4.040636190155797,4.980338177958834,-3.230713419070707,4.802100954717884,2.6676705809841152,4.757763783598649,-2.4500497031814117,131.59552081436564,45.8683557510376
-0.30518962484903867,0.5724334034035072,-0.9049308154591253,-0.2928239318159038,2.0382769558314013,0.1268171322219951,-0.9164772853077228,0.5004301969717009,13.727912916052155,46.47799754142761
-1.3015931757208516,4.17636979670123,4.703760107082155,4.6574648891316,0.3387174853633921,-2.3493397208614164,2.9436760423832764,5.10229643133541,111.36916649620937,47.15734243392944
-0.07147436738610846,-1.8674035171023236,-0.5574122229686092,-0.12918597665454357,-0.0568949130604004,-0.4686385009198508,0.8423217463841128,-0.3701723631330518,11.744175775429312,47.85370683670044
0.3580279766285832,4.973074153469494,0.7886312257140533,-0.4118829534534072,4.162038048001622,4.853543293298499,-4.763784094524657,-0.27970751377049474,96.52337355302288,48.55936622619629
-2.3259747081892983,-0.26250094532179435,-0.1411372126904329,0.976018304909517,-0.9797770964779344,-0.027408053136242394,-0.8034283489879188,1.4778189140683482,15.842816208901212,49.32859992980957
1.4904041464042521,-1.4533017803814934,-0.5308756673923289,0.9736007033546068,0.7373938760208993,-0.7649142593365141,-0.10868884522649225,2.5410674161551823,23.287917121510482,50.117982625961304
0.8760904454877654,0.9802565511367209,1.2230777953180905,-0.4930934865138328,1.5780281242695553,0.4868767048866607,0.035786454264466805,0.098883807386688,13.423099055845634,50.86670756340027
-0.11320108632437709,-0.5285104804771539,-0.4099420387155881,-2.3030918393333737,0.7437491903212541,1.1476603719405425,0.5794135357289489,-0.16854614415512081,17.224851858126982,51.758220195770264
0.21973887834274386,-0.05060496717172214,0.8333718767962868,-0.22406298717766937,0.3505546173173526,-1.0675549717580166,1.9363995410948487,0.1683142809061451,10.301890224528135,52.61342453956604
-0.4284748532125908,-0.05130562037120612,0.1506611797538282,-0.41350427272425705,0.6183783920189843,-0.5507947465005358,0.49049892014671936,0.3094390038046235,12.674203293231496,53.52513074874878
-1.1990317072329266,3.4460927579248866,-4.528702991410731,3.8941014139304935,-4.617120134740984,-2.4094481042294893,4.5344005127267755,-3.9266642851858293,122.57934095686412,54.32637858390808
0.7623439438171067,0.4200957148305644,-0.591631269581625,-0.39708331382752515,-0.6224476756682717,0.4893993006438162,0.43860868015542653,-0.4930782551284203,16.40553925867335,55.307676553726196
1.1318248324596212,-1.094963303834926,0.6680143077375087,0.3670412124602169,-1.0480007270123464,-0.04628305183364123,-0.7673997818701386,0.019726007335361118,9.39653214733,56.226404428482056
-2.548500724686998,-0.09149248967280332,-0.0652609648076643,-0.8655053864176123,-0.02033850105865742,0.22719721336000376,0.30121487726704377,0.2488442867084668,13.169513791271916,57.164989709854126
-0.47518463316704285,1.7485700485822422,1.1612117080703328,0.00911138784990051,-1.15578573291363,0.6371823342489904,0.3865906322646273,-1.2245364847930285,16.182029678366327,58.138890743255615
0.4646440297520824,0.7356939934433369,0.3503384555669369,0.06714696949651966,-1.8338552493156253,0.26583578319840306,1.1251448660590002,0.96783950706602,13.17350850717055,59.07554912567139
0.6193998870471837,0.5237249253231786,2.307983720312831,0.3329638906439971,1.4258096959581588,-1.35204064230141,-0.42792858945979706,-0.16503214212737216,22.623418448628406,59.97303652763367
0.946952699619195,0.41438257964907876,-0.7947628281296355,0.648318238701119,-0.7288894880239889,-1.563722330572737,0.663588860988062,1.273793505645683,17.111102159119017,60.943185567855835
0.07271025639258788,-0.7808354065752887,-0.08243653235022386,0.9142379351431655,-1.3961128105021414,-0.461125032647943,-1.7423393262432656,1.1089323359888112,14.105838789666388,61.9444637298584
-0.9568470737198114,-0.6412592118680047,0.4249783087869794,-0.7483620367392998,-0.45195502568882073,0.1953965320002542,-0.9714078306502119,0.5172083620861052,12.718721972515041,62.912729024887085
0.46787627471016524,-1.6990140010865509,1.0832919188526287,1.7402410745395445,1.268654214638615,0.3258721975549239,-2.054278222182607,-0.6524521551538216,22.367322100087904,63.91427779197693
-0.6694717815019082,-0.9130803262356126,0.1362019637405636,1.495407527838017,-0.46968411396930243,2.020080978492299,-2.616003668976386,0.35010637294567104,24.1022723454739,65.00892090797424
1.743542743858975,-1.3067205270221716,0.9661090041623073,-0.21546426725516188,-1.0137441035390626,-0.9884550997844794,0.6153396685465271,-0.7404578786957607,14.670607501264767,65.99294805526733
-4.379872237522787,-4.7108041837810894,3.8283717155852566,-3.2940545721311025,4.6484642140371415,-4.206308015159862,-4.19389398186336,-3.3989728797697634,144.88233599985014,66.96406269073486
-1.0636673102800094,1.2470765643910768,-0.9660639589520814,-0.5911590501030082,-0.9624548708964484,-1.6314345635523835,0.3763464132319436,1.8262101649353948,17.915505920372844,68.03665018081665
-1.398177995876984,-0.3050684447951246,0.5413620922609246,0.20521181564830737,0.35539162002560154,-0.14837567502417492,0.8234104800332602,-1.9564509736595626,15.4782329231631,69.24059200286865
0.1929835627630645,-4.75346081610587,-4.572900393361015,4.969337268249949,-5.05425865822979,-4.0998251639098715,-4.916700362366338,4.640825871751351,161.86188798705965,70.30629539489746
0.09430294230192882,-0.4976075161592419,-0.9374358952970443,-0.9881006469182179,-2.106841992636235,-1.9035952650666612,-0.20480004155738118,-1.7122165348167533,17.747026201562903,71.27385306358337
-2.576239796806405,0.2997912127633846,1.7847034235611945,0.4152113832505826,-0.16308592593309879,-0.5990687535897097,0.16891484688999636,0.5923580918083351,21.331324529613504,72.45425152778625
0.24012142894255106,-0.916479818546776,-0.620086603857783,-1.2796473597951867,0.2612105851513693,-0.3472418768139267,0.07590005328240412,-0.23321150807465862,10.805231178099978,73.55868315696716
-0.159936588947601,-0.9259514188753117,0.8162012169009483,0.3766918796320713,-1.5386396482844003,-0.9199698333572641,0.8879185275677735,-0.7150712649242159,12.635235326309902,74.75742435455322
-5.028064149744264,1.5597974048572203,-4.121475775306292,-4.399550685034615,-4.786887541828138,-3.3397866094097024,-2.124507964295596,-3.510707017941246,123.58802673014613,75.87955331802368
-2.0131277805713723,-2.3352299130584875,0.2583890918552161,1.8090423370264697,-3.898769436243482,4.658465623549872,3.5433115288147166,4.764789237600401,92.81910928579813,76.92857599258423
-0.7039433128946255,-0.49448175139869033,-2.5423326282775833,1.7692410787679158,-0.3343169581397216,0.6580026028814698,-0.09957735746132457,0.0047912584822471516,20.25898589607336,77.92493772506714
2.4856102393851556,-4.809853117607638,0.34166072630568767,-4.759348756515498,-4.79111904094066,4.974998786960792,-4.29281742293651,-2.6023712994066766,133.92446612749657,79.06094574928284
0.02211694646756346,-1.634707547223191,0.04050921444553257,0.23681552783287962,-0.6583489853879101,0.6147558900230239,1.2682784481703662,-0.9836039203535965,13.155213960012745,80.1054036617279
0.19292136244633795,-1.7261198084756648,-0.6005614232922323,-1.4856615461298683,0.7531911241153271,0.13574730052880124,0.0861754196125597,-0.3803590762878972,15.119483795387515,81.25575947761536
1.6684734734250206,0.029700780893545442,-0.5161805805462976,-0.8050744830527901,0.015268857309851391,-0.3807511173647402,-4.042033348505745,-0.5699687262355617,28.3469059317617,82.4622848033905
4.774981218740389,5.049804788389019,0.4926486455708732,-4.6248964241567725,4.925204732797304,2.9584716321453213,3.9267905704563235,4.302723150550498,143.04684372800986,83.62911105155945
-2.3895398054907395,-0.7911067369742621,0.06081249234090169,1.465859826891065,3.211727544280234,1.0425598654842236,0.8432027895580108,-0.1363404613149637,26.772042748633304,85.05173230171204
-3.3354094574532196,-0.03821942537584366,4.909014354879619,-5.084989155113638,-0.9083536820114064,-3.6599911116063852,3.62394173173836,5.008801001865364,118.77227061931279,86.23028707504272
0.8103928321651708,0.29146960948970246,0.14262175590507464,1.0114017477702548,-2.0644239777982576,-1.4046271449521788,-0.1516535565669308,-0.9185266295424572,13.607021217220357,87.4377167224884
1.588911702880547,0.39064121404945684,-0.9573512247080203,-1.1911628411367472,0.9392718117106051,0.2661229643503722,0.6960112414674571,-1.6593436455311683,17.544057643441707,88.708815574646
-0.03230531362939271,0.28295553696517217,-0.4346648715946939,-0.2742060691439585,-2.1570196688978065,-0.28944448507242093,1.7942532965009503,-0.034864649011861815,15.040023585830017,89.98653650283813
-4.625884960250187,-4.804048900251326,-0.5083687921806508,4.839285204877647,5.118266127819999,-4.944797102956079,-4.527366238537748,2.506710498813817,154.72730379365504,91.28037071228027
0.862293019201168,-1.2334235880053428,-0.9036684740337328,-0.017800386901972054,-0.17099528182680057,0.5997159196406123,1.171490732860235,0.909025746849383,10.120152967368726,92.52125525474548
0.12060195842664356,-1.2735866430126386,1.5440189973098475,-0.8312535607346971,0.6676006795062266,0.221279881161613,1.6484590098837195,-0.72215235649821,17.424863119276193,93.64225268363953
-0.9311526524561282,0.7870110317356502,-0.7100211844528523,0.6419703782910862,0.5547183220895624,-1.3046093203358877,-2.3764388480924907,0.08023158984411527,18.920129474091667,94.88992547988892
-1.3687077531244944,1.8749927754239843,0.3478417259451234,-1.2214324876984652,-1.5366706194270598,0.7564471106541681,-0.4725744395829983,-0.5223567805305303,21.709776671901004,96.08454203605652
0.9763774034434753,0.36034596592107526,0.10435340156874062,0.0831782611568519,-0.5542166884021196,0.3976785466356878,0.10393564764474394,-1.827609897068506,11.38829489494347,97.32132863998413
0.8701207934576756,-0.43207575771944295,-0.16319075663168547,0.5356284799598043,-0.23349513984759973,-1.897415566779685,0.05482704793120963,-1.0534310882350475,11.917909382557394,98.65378999710083
-4.588550186562645,-0.7233881672561315,-4.821885738882083,4.8996509709821945,-3.2412266714492723,4.8132068718755425,-4.5635893291508385,0.02590663225186507,130.59875934319484,100.21706819534302
0.3912704303204837,0.5155483738714937,-1.0193957661997288,-1.825448878476656,-0.44072195067081665,-0.38756362893832463,0.564990593861177,-0.27014919148238725,16.584817515542387,101.49212670326233
0.17015902434355823,-1.438697231335587,1.1110455917618616,0.6778756650797915,-1.8928955585079104,0.7967396995346636,-0.6085106677261365,0.5052623226149988,17.457972723885185,102.90762567520142
0.8552331072080417,-0.41764022067298257,1.161563921788666,0.16791941020332057,-0.22406557359718704,0.27896446197665714,0.8947402809532257,0.843248258254631,9.8339163005903,104.26465940475464
-0.37914336456005326,0.21996281607026713,-1.663883739721903,0.6253696324783355,0.7397722898023043,1.3142665510686182,0.9395350813317149,0.6893254660764558,16.642873563732707,105.8202908039093
2.2716644356139684,5.096949046750942,4.008678746415145,5.095708797497898,-0.5089005087038752,-4.901527105703785,-5.0718161810492095,4.199780096724681,145.28658277520486,107.35461497306824
2.381743414972112,-0.7081947666467805,-0.38928188868686764,1.4966426709419265,1.0992507867343582,0.6162893279552035,4.5825820170638005,-0.27370811842826104,42.94209273984074,108.83690762519836
0.44295137891820247,-0.16304931872932382,-0.46355574938848676,-0.48278301127152456,2.219234217918303,-0.10012455396517872,-1.0451456513773367,0.17235384328309955,14.683315468057081,110.23237609863281
-0.39278035682617407,-0.43956715949395075,-0.5671543760160009,-0.8872993309456003,0.3524822317048173,-1.44135081020878,0.015373643603684428,0.06453694542147304,13.144561685016109,111.7868275642395
-0.993261357449085,-0.5326041031308799,-1.5650647694110065,-0.7137100507792251,-0.4113130224814965,2.1685661887185006,0.05613488784336518,-0.6667227542581449,18.59254244045994,113.70209622383118
2.3757516168549957,0.7527019629634912,0.020573183264251504,-0.25586449034260195,-2.7356724071326783,-0.8760943141027395,-1.4383856247850333,0.5233787084359065,25.90278845043003,115.72986125946045
-0.5990150397545984,-0.2648951190589601,1.2344721580067501,0.456113754970775,-0.2102650306634697,2.1735895920502983,-0.3182647696269534,0.6346203775065442,17.57463560826718,117.37956547737122
1.5083423222973158,1.2818098232228206,-0.18043351354857595,-0.3706394873289307,0.32517904588979274,-1.2833781805048186,-1.545523431133848,-1.007104135915478,19.3286351707119,119.05206060409546
-5.018864064779214,2.844199871321189,-4.004473285850123,-4.882705882915741,0.6047215999378217,2.1375028670318397,4.941165220823444,-5.02310538075193,130.66525655191717,120.73214721679688
1.0144400548475074,0.9130252627305611,-0.46332504801411467,-0.022940617665602403,0.7489950511366592,1.2710919206820135,-0.4943925693037219,2.5190001277495666,19.108757460832944,122.2827889919281
4.742239580316288,-4.4034426318476605,-4.778781654683586,4.8020446662446465,4.870029873092338,-4.717239957279864,4.627932407952977,4.204062869332961,181.1352146780323,123.7946617603302
0.34412411695551537,-1.3543794371949076,1.841087325491885,-0.4042595771795847,0.36481905042165597,-0.8657121127592884,-0.7972660880518632,0.6152901407726459,17.304843897106885,125.3300404548645
-2.8625360469612535,4.599525267645514,4.4818123483325065,-0.15409871119320329,-4.973729947629725,-5.092453367818426,2.3578195370390507,-1.0119062524279059,113.10956608903928,126.82258415222168
-0.17338927624469402,2.235419962405209,1.0574019510422081,1.6570188538742778,-0.07288992594155363,-0.5033825299841217,0.3543734182322158,-0.4972651588979957,18.296427644841255,128.41207146644592
5.070188945935112,-4.241483680606376,4.84949988806872,-3.3260504795992354,4.657067495126593,0.6972925791664322,3.85465634805806,-4.9345999025428355,145.9257128003565,130.28335881233215
1.1362680918714236,-0.15892022259335103,0.04551935268373519,0.4433737904509023,2.3675436414440387,1.5181157599865882,-0.27159747022878644,-1.5509490664212962,21.43652103093671,132.04659628868103
0.49556161387595665,-0.49996022679206575,-0.5350837345862889,0.32194907037074927,-0.42137972423923653,-0.27481740246149755,-1.216158646824549,0.713854529799411,15.589343696402924,133.91353750228882
1.2201098197701068,-0.2323901161247992,1.1905854779442766,-0.817235982441737,-0.113908946547709,-0.9142097618707554,0.8375798884926358,1.0452592480998701,10.103480367439388,135.91654515266418
4.301305695749535,-5.013588667072181,-4.652466843239446,-4.252619324802222,-3.5519231087645595,3.5462101507949564,4.993622130450027,4.469054015154884,163.26743189336116,137.932758808136
-0.16807571596405335,-0.010139529355553734,-0.5694338292139207,-1.641657110197726,-0.48730330469658245,-0.7315689803805272,0.8655608221767412,-0.6236450261499638,14.165366535713591,139.5570774078369
0.7387568245128238,0.08198746488789688,3.116725355653524,0.2896590780511952,-0.6707691809849949,0.5982406616556206,0.29241695826257263,0.5698122099047653,20.73413435444961,141.2622218132019
-4.6233474453751855,-2.422233843063115,3.1213542180215024,3.557165220070602,5.061693416578922,4.317087968180334,5.117611580856839,4.832970880507321,151.5010007846075,143.068523645401
-1.973902689888245,1.530609251080545,0.22395913164479087,0.8923780858378292,-0.5937747542363097,-0.409309860406319,-0.9537206562315728,-0.3148855889960531,16.778374248831486,144.99960112571716
-0.2648364075265581,0.8282110799626103,0.24633327263637383,0.20343028388470863,-0.9683327935196386,-2.8552903140388337,-0.13942998972212628,1.1896443570248163,16.087908867913683,146.95827841758728
-0.09171392166356451,1.1556856604440169,-0.4536566195647005,0.8132177806616667,1.0461276781405786,-0.41720811951753856,0.2101676889886095,-0.46918573242841166,11.561009416898925,148.80838656425476
-0.6691675441004588,0.1565491588486987,-0.32877865185091437,1.022525897270783,0.3078917926190625,0.013246301668856653,1.7591008330337221,-1.1462189929991213,12.241762106654644,150.81321740150452
-2.643609828676493,-0.7102568460704353,-0.11546685570665094,0.7151908100501592,-0.3243350425323941,0.35198776042149227,0.771459796681377,-0.43488540843392354,19.198197197803154,152.92342400550842
1.3413473117610577,0.275840771946922,-1.5512764732353634,0.7541056503506756,-1.3712339679268455,-0.31118249416716726,1.2588032739982706,-1.2406288144185988,20.640294605801145,155.33454632759094
-0.46000714545765753,0.16285222242546027,-0.23655916057825,-0.3873990263443776,0.050316469467621694,0.6657800262506033,0.24813643950222897,-0.07762653771844974,8.740459323482291,157.32384085655212
-1.8322983410541709,-1.349076023575313,-0.38205634867882754,-0.8152151363159081,-0.11150388944457745,0.10166311094639546,-0.9441436351764905,1.3216664996536363,15.00582824556652,159.48862171173096
0.5203077106001608,0.3084621781320118,-0.2287381627717311,-0.649399031967282,-0.5304249783451027,0.6290843938697579,-0.853577405064236,2.513290125496579,20.43207221859143,161.34143948554993
0.7910736391139697,-0.08686246964438737,1.6319072856390253,0.26291689455977085,-0.8823953009553929,0.7153534827270525,0.18708724891248707,0.6354757508232431,12.492436027567864,163.44911932945251
-0.38173638837728063,-0.6399970737714247,-1.8666768559603901,0.5793161639937514,0.259794333071488,0.062181860688197865,-0.8391812497972397,-0.19909945927845918,13.064644689682146,165.87575221061707
-1.9268249418155694,-3.042420944205125,-0.9106535250479304,4.728708256788839,4.360308752905522,4.651425102661395,-5.079553368505091,-2.8169355797784665,115.90350643221768,168.10672307014465
-0.495826267252248,-2.819040243881166,0.5931069927651631,-1.7043923038294628,-0.9076440572790379,-0.24797201412022574,-0.17132315508594154,-0.01782328486489515,19.743008207587234,170.46775841712952
-2.126451329678857,0.3832629521883293,-1.1074873364291395,0.4857361963722244,0.7665931633898051,-0.48671114931985215,0.30061444383990565,-1.9711232687763944,19.410676541219882,172.71511673927307
-0.323962018328392,-0.5989334756093294,-0.6990271346975474,-0.3723237085241031,-1.6157131996806817,-0.8079727167424791,1.3977948213343039,1.5459076732997623,21.11936657019129,175.3834834098816
1.980376239978467,-0.2721865437524995,-0.5471872181876121,0.3225081057033492,0.34093748287714565,-0.9847573189072332,-0.6049208954140282,0.939201775505869,14.684226945464586,177.6681911945343
0.15710892456618275,0.12407824498229658,-0.5400560639342515,-0.7740533182680993,1.0014794648639755,0.041051973728010616,-0.797969450594934,-0.7386816122549957,8.480945799516588,180.16416120529175
0.5273775844949933,-0.34119184303499317,-1.6670965051023514,-1.8428570088577776,1.7213146247268858,-0.10190362333102598,-0.5930800556013116,0.8418518892935474,19.743295957611707,182.14454627037048
-0.10808451131775776,-0.7863950440268059,2.4892472816835562,-1.3665659249536675,0.7963555001780858,-0.14243231564443715,0.13280364435099656,-0.49355270827570763,17.68606018075905,184.2155041694641
0.8806310330407179,-4.900709954616154,-4.31155625393567,0.5069611532525382,-4.893370996244669,-1.1794867768581945,2.4616355461807666,-4.734203929689951,105.13817436330551,186.27703881263733
-4.426842194031277,-5.089816117157215,-4.9643771208131104,-2.577693886419416,4.732671464118268,-4.568232314306414,4.796320647633517,-4.6633860135897365,174.0198445606191,188.4783477783203
0.27267561517437766,-1.8910101739960061,-0.17148507359856247,-0.27522992680875547,-0.20183279005343469,0.5968816589764119,1.3883422291471028,1.4153280838838063,17.28279183267467,190.96688199043274
3.6851817505854294,-3.4465892244375516,5.074349466049701,4.05319368558735,-4.329995848521436,2.364092164050466,4.93687205837677,2.6355641407870625,131.67147939797755,193.15604853630066
1.9922437290931079,0.9930178285931293,-0.006751758741518898,-0.9748436437263432,-0.7757559971589778,-0.28164409451090666,-0.1101268174817509,-0.9828681933075245,9.852455497078788,195.43074488639832
-0.9576853562972625,-0.9045365958357436,-0.23546459965201372,0.700542269378043,-0.20952279047693967,-0.797100740807501,-1.455183131753143,-0.08211165878811588,11.056930503168353,197.82991003990173
1.4546440160211542,-1.4775629296150221,-0.13591564927200928,0.09795142751277819,-0.45159984168141953,-0.8629551403824278,-1.2217745084552214,-0.8014050113165441,15.695787764013524,200.02369475364685
-4.826746192643189,4.266227494613108,-3.287425891230816,0.9801507234009623,3.6270782691554073,-4.532239763417608,5.106008752260823,4.75421166383676,143.3802451539415,202.3166983127594
3.944719885436567,2.741028376718331,4.9408923924856,0.6545430977872249,4.208561209965725,-4.2120669932975865,-3.8836637112701915,-4.837040803958956,126.83879176160536,204.7462728023529
-4.955825030507413,4.3686628396995735,4.468023037300688,4.101584233257561,-4.454919609980798,4.032011535484515,1.2400873145393447,-1.462190832220668,128.99429710019302,206.9573130607605
0.1062343826016523,-0.9615541290282952,0.47943531085785374,-0.16019209968163306,1.3629551413478511,0.012321528104439317,-0.2177338309379957,-0.29820564748646383,9.637580394774382,209.30591702461243
4.18150670155402,4.695319362629527,-3.631931417038744,0.5028300440599756,-4.899344643414581,-5.035957900209079,-1.3803816231035984,-3.483274763900937,125.91695510770552,211.78962588310242
0.7070635461170376,-0.4626447556824802,-0.2893812305566117,-1.7558632641785499,-0.45914722505543715,-1.0413123954910848,-0.35411377348038897,-0.6440840918805861,16.390033596823788,214.31936478614807
3.1530742628390938,0.259795140546081,-0.8143060850978365,0.6776878675516897,0.6262627347433725,0.5147622497902242,-0.4733570454569529,0.12097684603959724,21.521249353275063,216.9388644695282
-0.5076178332149368,0.7281393095268278,0.307008599753237,-0.9573211438135658,1.3643255223393904,1.1910461040967162,1.3066899625422597,0.938046385138656,15.90767115951646,219.9447944164276
-0.1896737197419851,1.9445261666295695,-0.36956745675731195,0.7889503306178423,0.4006053700893384,-2.0250624978429306,0.4195905924252896,0.862638371916562,16.936689474827254,222.53347420692444
0.04878605492603949,0.19866619051936674,-1.507627957298991,0.11866631451722931,0.2610139313482547,0.6673579110024797,1.5619220172086985,0.4455501890768856,14.90698299602364,225.09990000724792
0.7846137386868417,0.17837295576778978,-0.4059070983199833,0.49790546381679324,-0.9421503803410349,0.9745045171137541,0.33481699364361095,-0.3764367838012683,11.630273433905701,227.82536339759827
0.3292049917675115,-0.35657728957825086,0.010490014511912449,0.7122643267468929,-0.9882006672107071,-2.050164616616616,-0.3034112047994837,-0.37455212621273315,13.576604554361147,230.72718787193298
-0.35830733548280236,-0.6899347062208703,-0.7580746814309043,0.2193374447669818,0.8562615398605233,0.10300607214749924,-0.8381806944619292,-0.13574642178721508,8.846616335589678,233.73222064971924
0.4794720720476251,1.2873377745929053,-0.054012066805146475,-0.1813244243953065,0.39973896362409267,1.891153250701933,-0.005204114544522298,0.8360470447373851,12.739910369198602,236.6619517803192
5.045584291602013,-4.8015631966788686,4.72383112205839,-4.962303544131178,1.6555390530329808,-2.892040408554013,-4.354428311108641,3.3273888747289044,143.3612684893031,239.45734167099
-0.15705341920588722,-0.5596164902536325,-0.26775436299570554,-1.3087320020047257,0.3156790010109125,3.6527592383925898,0.47371081119086256,-1.1967985359010869,27.705699498594413,242.16898345947266
-3.606722317516428,-4.142625019502286,5.111701453471695,4.854584227668499,-4.698728786020645,-0.7000599228932867,-4.131659793645769,4.774520577585965,148.88031027348543,244.93673706054688
