-0.801602904451939,0.004602036775648521,-3.5603743398387766,-2.0502021388726606,1.8492344738660282,2.1765180238715756,3.707950264750939,4.065333494773307,0.5928651203734274,-3.440041290071261,-4.874152766652182,-0.8557601220767861,-0.09729077412138398,-3.010265822480722,1061.9544511248396,0.19244909286499023
-0.8685493912737652,-2.9391616156797697,-4.987354695479022,0.3539686403972988,4.749957592447152,0.9708775710363637,-0.7365612539988833,-3.728535987105273,4.5677861331291085,-3.766618680739451,3.1673032533086625,-1.6835433832558722,2.15593028929095,-3.0151599468233705,1174.3694768771675,0.3799476623535156
-1.2832126453717088,0.387061562649877,-1.0986608026665952,0.18262492613464776,2.9472068432056036,3.2401954051297954,4.3722429189366805,1.2535688077793923,-2.9204676385481134,-0.6325921237480951,1.2716370520265938,5.0421089535431305,0.4494107787397521,-5.077641624832843,1353.1556840469784,0.5830745697021484
-0.4404566276115096,-2.7404329524994315,1.686893016310556,3.776068521446258,-4.7788491317419775,3.2331626211518456,2.3185329397707912,-0.46254330335308325,0.3895038720197581,-2.646823245892568,-1.0477566410390038,-1.386955751708336,0.6320463046408467,-2.9624194791460314,1802.6527136214347,0.7550013065338135
-0.879537493290619,-3.5439434479197276,-3.373826997641432,0.0655811912298967,-2.871887670757869,-2.702553934507774,-0.4802050315687465,-0.094321444102615,3.427005241462667,-3.9782055476878506,-1.139610967789587,-4.590839549489314,4.077835841783982,-3.3380794751220844,1471.7405100973594,0.9893221855163574
-3.489089641824073,3.898685737712623,-0.8106882144859968,0.22351618227036152,-0.4210879137604131,-4.400496098781726,4.259721920584226,3.5799231402126273,-2.082590400638755,3.715891869351119,-2.3900020098489274,-0.7569214422048764,2.9048833563065086,-0.9552362559551089,1569.1383950838597,1.3018224239349365
5.1111444253975185,-3.2503028123484805,3.229570738932842,-3.5643544590088583,-4.384895795626223,3.9202337318351512,3.786737354009099,1.531221631443925,-1.4491835201100236,-1.5192253752998917,-2.6863862959498674,2.8551259144879486,1.5879441790057083,2.094904736705071,1777.1477581605618,1.696497917175293
2.8983423374685637,0.32444155810317277,-4.195267170955458,0.9670707262597924,4.074951562933399,-2.6209838682536652,-5.034654445381863,-4.0753772335351375,-2.166732785179273,-0.19082814541079163,-3.290746829275542,-4.285310984979508,-0.49418809108712836,3.210243142638098,1203.1388790764765,1.9933719635009766
-3.5443161520470685,2.086986946582104,-0.9913045475139333,-0.5349061262951968,3.1193647411998464,-3.4410951587095315,-1.9586418310421796,2.494967035481416,0.034456451526956755,3.542105177788815,3.2036998449860628,-4.8723630527254285,-4.855421683512443,0.6904922729454173,1427.9272281675924,2.337122678756714
1.8936254907365138,-3.3055686912706186,1.5144687256111657,-0.8929906989326124,1.168372527137934,-3.351378115363169,-3.1242876466867626,-0.025046268212804534,-3.0739413056701035,-0.3081701953089775,-2.2957193774868965,0.8965125912746554,-1.378608309916597,4.383067059779424,1335.964377928002,2.6928908824920654
-4.976505474702044,3.598685359765141,3.2742375393673564,-4.787842571915736,-3.879953377932294,-4.883141144043922,1.8363873220991271,2.8486523955670897,-2.935053350750922,-0.7248626847188699,-2.1491180287151446,-3.0403379152301437,2.581660025765177,2.037919867901622,1030.6579238229963,3.145963668823242
-2.771113907388241,-4.884031302727042,-4.867851878109656,1.163213190411584,-0.7183656728111067,2.0786952734222988,-3.3443504702679876,-1.8317393226380312,-0.8332563825276553,-2.4680559491409504,1.0885662487661385,3.2089187939737913,-2.9297259694931537,-3.2488321743756203,1091.1146052663248,3.6459851264953613
2.675687734983252,-1.8791776851885134,-4.844827255031739,3.4400182079578583,-1.896421979922971,-2.3503578837901675,-3.234899011450816,2.993944556205766,-3.733318134794648,4.803768157071651,-0.09897401808679973,4.561964905456617,-4.679281737407257,-3.887510661793921,1404.2184551615605,4.167884826660156
-3.644744891256636,2.926179597321666,-4.205388047640518,-1.6537850425285483,4.330966105717999,-4.908014575834166,0.6580202883661119,2.739531960000569,-1.7865296922978593,-3.2928095500455647,-4.178097407430102,1.8888059291471642,2.152679684595876,-1.6254117301347533,1459.4064241018948,4.746016502380371
-0.3946998747933197,3.9675194520423345,0.6293036497169773,3.8801311612851377,-3.8726151749992495,4.702731621627941,2.848898681314271,-3.845364533880586,4.30111710227803,-0.9247241053304345,4.535407826081241,0.7725110555024912,-0.3569290548324364,-3.0883562003357548,1366.5999167047862,5.345373630523682
4.015526688499885,4.990065864056461,-4.737557020737322,4.755306649156489,3.056689209585927,-3.293985974929196,-1.0262824109329562,3.7055552721913516,-2.6490145883184444,-2.9981968666078145,4.898703897643705,-3.7442598448662068,0.32942967430142733,0.6365491064871796,1238.9614329657575,5.985998868942261
1.180036489179007,-2.209288335502401,2.820232928271646,2.355101277326928,-1.7549128929275146,-1.6229330601883003,-1.8114434100850572,-5.03916179841921,3.0311696402589865,-3.3669813027930977,-3.4971369865570634,-4.319567550053415,2.0781667734286478,0.1496550810198345,1358.7360356845934,6.6881232261657715
-2.663237898068331,0.09098522745394355,-3.058338178622683,-3.4747476382422873,0.6052738635990416,-4.474311179456729,3.9068974416247526,0.7466509795924763,0.48759837686672114,-2.0666734553668307,-1.3341426662074998,2.4576820038978404,1.6073745077497037,-0.299876061840771,1813.410869355128,7.344371318817139
-4.007513851964761,3.5476456996186085,-1.5179520591581155,-4.408965526430309,-2.6795634200648175,1.57074459699008,4.662225854065203,-0.33146422330790326,-1.8200229421852367,3.706983426088395,4.774314272437739,-1.397938803119136,0.09852217110469752,-3.3765808051222583,1987.6825718571695,8.090054512023926
2.8198527461754477,4.604048462223147,-4.027304190677952,1.7840683433827964,0.06532856759208006,-3.6193995970813715,-0.006056358095958281,-3.6455519212104113,-3.3305280888015396,-1.7595481658172738,-0.6297779629249511,3.0147096284736916,4.715666447926785,-3.6183577903260256,1500.0686354196841,8.840054512023926
4.54030776971748,-1.978663638755716,2.9775697299592254,-3.183775916695893,0.8315972667594291,1.493060675409331,-1.2540517575611454,2.4438427475957694,-2.5700978539855517,2.13061049915635,0.06042280198299288,4.312744608989976,4.678744517608876,-2.423471249905527,1616.7900624025606,9.652768850326538
0.27925089588438023,-0.5362803679934629,-0.4974779373001921,-4.858902192439718,1.8378040779031792,2.2853623487491577,4.1534378798041915,-4.57851839770745,1.189068102315085,-3.6629709996900166,2.63253320681961,2.887040982313942,-1.888487071392039,3.1224652452616395,1525.4014696615989,10.496448755264282
-2.9250333384587095,2.072777700657464,-2.257276785051801,0.578779589800746,2.4232278788146324,-0.785969602404518,-1.2180844518948093,3.2291110907746345,0.2841619499726411,-1.9496392016331319,-3.319317084514008,-2.0074732232032244,-3.3379840363010835,-0.19703747035492825,1302.1074357482144,11.35970950126648
4.567429978699187,-1.8334657367872236,-1.9007112932715908,-4.28624564373962,1.479040084263925,-3.22098746117255,1.3312431229675852,0.35936051280192416,3.639529799230293,-3.1767655514569615,2.5300972363684524,3.5710537427183597,-2.553582171024398,0.36135532544663906,2052.3714609992667,12.265959024429321
-1.8680736191273315,-2.706286957391746,-1.4287492291914972,-0.3593491650789318,0.03983744881842455,-1.6406983026254984,-4.547848050104148,0.6475556739430717,-0.24201585864478226,-1.0405205774493531,-2.036869780643513,4.293820271986308,2.3676628202693317,1.90910343318801,1516.2468286601154,13.2533860206604
0.31384530183495674,-4.32914419040229,4.727085347701851,2.3216711549113658,-2.9274709677538913,1.560131706092684,2.129359196143575,4.696922457799631,-0.6011590875141328,1.3102186522715185,3.445946165466837,2.442019324128685,4.930669600390337,0.4188549016880101,1942.099876747649,13.534634828567505
-3.7566265347049725,-2.44663555082816,0.9590161019669852,-1.0500168744920026,3.600836862877535,-3.344193412248021,-4.436795869262232,-2.5628987131971197,3.570861344814994,3.1724664568449272,-4.209924802454871,-4.1874488467463085,-4.491924304620215,1.1220337750358178,1779.468828784037,14.673707246780396
-2.5665297475668836,0.8824466915069786,-2.3841466938600635,1.7256428607752818,0.9542942502379379,3.7635330675668124,-1.6884092883547699,3.7681892309265423,4.043973904944278,-5.099789083184034,-2.001304773155136,3.57154421430734,-2.1550603681859997,4.078186175170772,1226.3695570703549,15.875175952911377
-1.5165929143460968,1.263664917389078,-5.026503815248078,-3.594805168950935,-4.89840082572665,2.076340950651103,3.4617527432193045,4.7563008214025055,-3.006209724682823,-0.9623070198019459,0.3089003113980189,-4.914726535811605,5.035388796845905,0.6637077421492332,1288.4581244838553,16.965482473373413
4.745809418942145,0.3335750878168824,0.22588469324163984,2.542128433844499,-4.378917017589056,-3.7912480903032373,-0.83817901980819,-0.8792405979724354,2.8418254907411287,-3.7127237646953333,-3.997892963027674,0.6430161789228315,-3.537849118235973,-1.9208590440006543,1514.6765881279546,18.101885318756104
-0.6730112056191704,2.4358228084075018,0.3203368473928814,-5.00849433842895,3.0411921559535218,-0.429717744091727,2.3526568716046903,3.3913073538638487,-2.8969313950971336,-4.429168189950532,-4.960886984216879,1.5876413982360509,3.6844596329956394,-2.467675215493537,1882.3780682762438,19.46778655052185
4.8789080453597515,-4.570030609373341,2.418470938602436,-3.428997659996038,-0.6119095028415451,-4.400545784843075,-4.056847922100775,1.874318583662987,-3.826559857160163,-4.13667780482795,-3.5764046863240146,0.08074451463865184,5.009026700721297,-2.610367255287509,1633.9262632072628,20.869614362716675
1.0621749247274295,3.6935194012602492,0.9857085340241678,1.7474352089834717,4.075345127660776,-4.265018942065014,1.6989427539087796,4.788157805241588,0.6863847896047979,0.5054244506903043,0.8201049238685956,-2.361544442408538,0.2660331770106845,2.3392340214588128,1488.368054554527,22.23370599746704
0.1926013168448284,-2.6592553640905745,-4.6066057372783,1.6221730242588244,0.9366089954016994,-2.5972454280741393,-2.6940648853724913,-1.0421280156892498,2.0454547986120337,-4.1949493475503195,1.5358761130037264,-0.9534254593458629,-0.3113895859241351,-0.41413489668937853,1564.2145660309482,23.643299102783203
4.751125924791359,-2.612586531118639,3.289496759478486,-4.686274061356511,0.733985146384299,1.771623615168962,3.619056980869604,0.34631983527084653,-4.641698716942582,-1.8463017513955955,0.9374879073655356,-3.690287753552958,3.643915343760397,-2.2604804018274347,1821.1490549938646,25.123784065246582
4.399779804006367,-4.484328000511065,-2.7753242753630873,4.366303924911166,3.969991391220355,-0.5852599370719318,4.375996389017719,2.361840537289087,-4.705751461026772,1.5484365297356195,2.920952691482259,1.4435880516075494,-3.855285007509661,1.9500884353849184,1887.8296347046137,26.657988786697388
-1.220461062239866,3.22930835717811,3.2562608727240567,-2.7581804158446626,-4.795963635329475,4.750431921210942,1.0754198062952307,-0.845349702061629,-2.704607364018023,4.858489749010199,-4.174651539310577,4.163515030637051,-0.22162641645762804,2.1950045020561673,1157.5967305392014,28.40690279006958
4.680975826504178,-4.34821216905204,1.3464787815181376,1.3084742446650521,-0.4637432454801287,-0.5715631752564709,-5.114871041666543,-0.1990783013166979,2.5788008742787305,-2.5229915180802953,5.028060883083412,-5.021042287833803,-4.986528752087483,-4.290233829993193,1766.35034644155,30.23586106300354
-1.8768171151543944,2.3057685329029285,0.9631696827117553,2.275728544797749,2.1072064831171335,-4.542664850438926,3.105557094898418,-2.8903487359503055,-1.1141441489388306,-3.701300352621816,1.0224190765058871,0.6396390243252768,-2.5633198347812307,2.7866783290706865,1221.6190761609614,32.141273975372314
2.8288245862856476,-4.439704541594506,2.39358486936021,2.287619196121357,3.970206266962779,-1.3162301975306723,-2.481358135119411,-1.9951403506755052,4.273600818324522,3.4439184400669847,-0.7348353148971736,-4.202082923692445,2.6765277771455134,0.6693521089447492,1792.603527651682,34.09702920913696
-2.772728120381469,1.6685809389976587,-0.39821199179133693,5.090245784790279,3.741313713539836,-1.9815140601302477,-2.0538195979939378,4.574608463837573,-3.697530279674047,-4.539206342477518,4.828522383374231,0.9889112367381587,-4.651399748209075,2.8435921562629654,1484.3418747403834,35.9508490562439
3.2533865322831845,1.454761991864551,4.293008909622917,4.410978693765219,4.7309729699483425,1.7041953648177648,-3.52768680819159,-3.396528891457924,-2.584324177208283,-3.8680075646924728,-4.889088153126823,0.7907179597609533,0.6934477241010111,-0.33199492127571606,1975.410274123314,38.07698154449463
-3.267070083826952,-3.0743677926576476,-1.4787662547252998,1.291473178055372,-4.009594568126614,-2.104452755176704,0.9468052263040327,-0.31657110096527763,0.9263399201243878,-3.127346658801284,-2.5942324144220317,0.12974439594181675,-3.7336622183957884,5.073550677748108,1091.960925959831,40.2777054309845
2.993097160365843,-2.440579661420806,-2.6290650730173826,4.594665882880544,-3.6856328899813304,3.0656848723128816,-3.1171177121209444,3.1112637890304624,3.5863611696666764,-1.2538440960233346,1.3978011928765328,-3.591759215359179,3.4108866155084234,-4.115705138745792,1747.1505553632444,42.62651705741882
-2.31712586783806,4.514742083834602,3.6448452229126422,3.0776193079390355,-0.19490954433391128,1.979092732251237,-2.8052590004342157,-1.7171236475413791,-2.9687635861138513,-0.27983720902609655,-4.571809637900153,-2.7608664395593774,-1.5092847430626826,5.044291051003541,1502.777153820487,44.979000091552734
3.3573793857907797,-1.4343670226566547,3.7018796321808862,1.4919971636224743,-2.0957976656363284,3.103018622862085,-0.48029042746420814,-2.3359755801433115,-2.380248974522454,-0.6615080667091799,-0.4650389459600843,-1.770384242351466,0.017626103329985376,2.614371962418529,1923.9484323049564,47.404727935791016
-1.2914520172683437,2.298577319371957,1.4276548271814873,3.9989607754754095,-2.1809257655126415,-0.41213473961300995,-4.072472283437801,-1.7997049299058467,-3.553826310864456,0.21380694468797312,-1.611680855226313,4.5725711942912275,-0.421186570135621,-2.0377530044669783,1687.1840352735642,49.916736125946045
4.871529491335308,-1.9272662623493413,-5.064032249110635,4.965558266581385,-0.03486137345404039,-2.807666580030587,0.38083207489884696,-1.1009916052902495,3.367121088089559,-1.3103029875490502,-2.413157353693452,-3.3025865982941274,1.9570044051910358,-3.7512434702139146,1170.6483899384127,52.50360655784607
-0.820654185813976,4.477794133381074,1.0641557323710273,2.1262002289747883,4.328729189669544,-3.3964230991088753,2.9890867347887697,1.2744819265560103,-2.9418500274359047,1.9612018686361044,4.1642084550327025,4.279689297412328,3.5675650274804136,-3.021121678197512,1242.5064534141657,55.20723915100098
-2.454958808874714,4.7658372291649505,0.21894883942500343,-1.719199391458056,3.821384877597583,3.720864459571774,0.041524915732721546,0.09018805668855023,-3.7839345426266524,-1.2299090646530488,-2.7703310980875138,-0.36611381841699764,-4.8715167996074396,-2.825946241566823,1300.4374768609366,57.975491523742676
0.49172524795795525,-1.785563694026576,4.98436933769485,-4.549678403181983,-3.423823150943825,3.8017124353148217,4.291025838656551,2.9174938286522734,-2.7725113047739565,1.07092225005929,-0.11472825497993888,4.644045842500915,1.5514830044914278,2.048134666844846,1489.575542085662,60.824585914611816
5.0187496803117115,-4.8924516588328615,3.4947155999492514,-2.6094554325302663,4.925963755049124,4.030919149019026,2.9333680796828316,-0.6729626285204153,-3.155256521543743,-3.869550766734929,-1.2707521641676545,0.033973059092228475,-3.5099961358012783,4.467823513360858,1332.8204873733528,63.77300834655762
0.5993403960927086,-2.325784681948164,1.104182756998413,-0.048325918732691875,0.3172373684577483,4.1045367903621885,-2.622430789029223,-4.27123863801797,-3.5567479084413867,1.972169430455513,-4.21726963459147,-2.376516292500273,-4.5035097634998555,3.8576203879030873,1606.9661029943393,66.82949352264404
2.933324111450939,-2.8417652397651496,-4.1642654382935165,0.07361643531032236,1.0739795636035785,0.8333439894130814,1.79413657732821,0.47737211481717434,1.770977108292806,-0.008553033781424801,0.6967648875083503,2.885088798622051,2.4423334782092825,-4.341798170166619,1114.4629723202756,69.9567482471466
-4.133611275867701,-4.857960804927004,-2.3655297046478183,1.4003062142702634,-1.8579173973485736,2.211801204249806,-0.2579411445617108,-3.3950873220520474,-0.21145172562039427,4.068706616110689,3.279092290958242,3.176981672798994,2.9915272413515455,1.7795478358487573,1273.9035091340984,73.03632473945618
-0.7542186502633861,-0.6811825528109479,2.485330902708445,1.819260467267247,-0.433539280666138,1.1757076011189236,0.5365849079238236,-4.913613508033791,2.771091875102451,4.195729497546387,-4.229894391166979,-3.881972735836145,-2.5745543756394698,-0.08349383432671864,1525.9013136327521,76.24025917053223
4.075311359541845,-2.7568168684667893,0.2720412484939798,-3.509854402253878,2.0642010628457435,2.720995780404678,3.9538427496579702,-2.4624440237732546,-4.155251877613,-0.4512653613307167,-4.152607377046196,4.322031655856521,4.462691016855271,1.8093747781540754,1580.7928411462858,79.74844026565552
1.0541279058491897,-1.7912590132619024,-0.781975458961865,-1.7903109048582513,-4.647576812020783,-5.035875822498523,-2.820056107349322,3.4285059687422708,1.7335461551231672,4.6993976861613485,-0.06415030911263475,4.829524423212475,-0.054724562953981426,-2.9743828048568792,1085.9812971557033,83.13136768341064
3.2527697245444225,-4.288386242951021,-4.4729555579081435,4.008649165706017,-2.5290078654673795,0.2869086089089885,4.2427634781525265,-4.672072985400671,1.4951851223471797,0.7692444245136434,3.6520266921152027,5.04931423321641,-1.6424068986046003,2.075616140778555,1772.2086588419454,86.62735414505005
-2.399074283704039,0.939327431080228,-4.2362106908925,-2.931704578926163,-3.47424568492493,-0.544469059911985,-2.3795576716083957,-4.287651680470272,0.02679080278404733,5.039768212665375,-0.4249507630620952,0.1270476516506065,-1.0669241541706258,-4.350777893980847,1486.0602125285188,90.1915512084961
-2.1905182004832757,1.4518225133548217,3.445009787787389,-3.63971575077776,4.461671900750361,0.02628755567195551,-3.9729905428338825,-0.8546214979464128,4.177149441044661,-0.9256117839386659,-1.7426017892149317,-1.3780601231271152,-2.07016577925297,-2.631121737084995,1479.3550215706814,93.83305835723877
-0.396355580452334,-3.3338751636505455,-2.5413932868581806,-2.2957941904035106,-2.5638932436247255,-2.9861823140675035,-5.057910035616041,-3.305979549114063,-1.6920600644610007,1.6396426370112396,3.3649367644400856,3.2041582816840313,3.7045952013975265,-0.6189226639727599,1943.239084720868,97.7808108329773
5.0690809449001,-0.33397425700692374,-0.011644895621108375,-1.0565333780943993,-3.1219411255826497,-3.352483215939546,-2.252880694589085,-2.342352330470191,4.640724599019745,2.0707820614473302,-0.2877791100899607,-1.4035532711290175,-2.2864076488221183,2.12558657892294,1337.8917000494057,101.8205189704895
-3.6059710397293028,5.0602954228557335,-3.600672661648419,-0.0354682702677529,0.15763532213508213,2.855536157290808,0.6627911320853492,2.587669058715785,-1.880521903790271,2.748738403829342,-0.21202439570863696,-1.203833362025887,2.5186519566937875,-1.359671874242843,1515.7712530255685,105.96708559989929
-0.44771584343290804,2.1116165287434407,4.771463826541669,-2.441244632682547,4.781964696545951,-1.7773978091653082,-4.724612124564031,2.833711965656012,-2.9140321946044203,-1.5643362813493678,-3.8846541393135645,3.6703467862345756,-0.9809463474155313,2.5468210765024537,1539.0964867768905,110.01976466178894
3.3618794601086455,3.446715805193697,1.1133755199137854,-0.06838794233761725,1.448800403385575,3.842743002837854,2.734825856547121,-0.7503616770019228,4.3339632372718535,5.09523186177812,2.613650929681544,4.206809679842359,-3.989261749759014,0.1787906859584769,1449.6335588964782,114.30957770347595
-0.083278536509658,1.1221660444717854,4.5473227129512255,-1.3954820543714885,-0.5944326869476209,-1.8642835509905473,-4.061548300931783,3.5351799980346206,3.5525928406140457,1.2324254998282678,-3.1684624586572085,2.8446292361327306,3.5834916960321435,1.3260162209378574,1652.9405136349737,118.6571147441864
-3.8249543372531045,-4.367916300955032,-4.502552509768468,3.1437453373014828,3.468905133366955,5.096365855370114,3.328941497679298,-3.441440979196143,3.8104351149750526,-2.100314492807345,0.28540681823314706,-0.5340308111814354,-0.15299893550098798,0.7993170249067125,1675.923779844745,123.12451100349426
0.7272693035944391,2.3088898659672505,3.278697922420883,0.42592265808668994,-4.9006273725917975,3.9349699246644603,2.0826139318621815,2.7643522623956764,1.9316456516683456,0.4141561976491541,2.6484708491241715,-1.6184465363567604,-2.107227534994956,3.5817909536432095,1524.9680116278312,127.767573595047
-2.257855287470782,3.4266759421087025,-3.969859082428811,-4.318598418222072,-4.533134368665564,4.4235903329921955,-2.0368399621288615,1.3846185580423267,-1.1681460541668334,-2.4853975519726776,4.158402141098411,3.7800784473224445,-0.1754555770510997,-2.3533263756627725,1736.7403063065951,132.62485003471375
-4.333504774633192,-1.509220687568972,1.7848883867785155,-1.3778833180290535,-2.5542778162687405,3.3302301036228252,-0.5523669180809101,-1.0486971789398432,-3.8376520388634967,4.117046787582157,3.0457276890567018,0.9200926467947541,-2.6452014056884336,3.26490412188672,1607.0973083830615,137.58044815063477
2.238621892194976,-0.345150615332142,0.4108933979743066,-1.8691131437878603,-4.748480172143713,4.991374956859555,-0.934741023082859,-3.333019835635092,4.769016172372065,-4.664176571768214,-0.26317115946923675,2.0691877595172024,-0.6195261049089087,0.3277567929028784,1519.65871403704,142.47640872001648
3.777264748791226,-1.4301749809009134,4.651192432762207,4.495937614043011,1.420494488330946,0.9121688796440859,3.3635409158106038,-3.5329538489737775,0.826913347908766,1.257124938834763,-3.4697490446107526,4.51284146800572,0.7928523163559218,-2.451372121572975,2148.311855294649,147.17281889915466
-4.3715362433437,-4.094504991111943,2.6429819199798787,3.9033232376015308,4.738860059979296,-2.992837401601841,-0.5932387633424803,-1.2736261613495161,-0.7001894146429013,0.9055848722310706,1.5691341110215555,-3.267078206586909,-2.717153984683485,2.487091519679069,1660.618939301864,152.09432315826416
-1.4126458732040459,1.6063278808546384,4.286264745632942,-3.8329695867965734,1.3690119260257392,-4.558194734158315,1.0851497658778317,3.795553757882746,3.8897743052412688,2.7485862574638933,-1.0933634374316918,4.857661711289688,-2.8427303585157317,-3.6796445359443952,1494.5031165863322,157.01130318641663
-0.3107531027966344,5.0268123182066775,4.281821130999734,-0.6878535598738109,2.6701184093112724,2.1161662119743996,0.9451856348055161,-1.2219936184450866,-0.9459424836149966,-2.3726832254137724,-4.598315638445938,2.883877866275456,-2.833733255498964,3.3105215954853753,1340.9482437842098,162.58959341049194
-4.978707467086329,-4.702147999831513,1.3386673218273923,-0.38216297751354666,4.640815475956033,2.633137395988797,0.8848744158744823,1.8456187367756964,0.7885824823707797,-0.8873306287821707,-4.500927984258279,2.0535553478535,-3.2713595416137182,-0.29218329996707215,1519.4391259617178,168.2832419872284
0.5486577985345367,2.82869749833145,0.686014586627409,2.635213200600602,3.2149343791376017,-3.215753800260937,3.344544428213722,2.106320334049478,-4.770915436207466,-2.9973382598896507,-4.149994230498198,-2.117279677461052,-1.7995332450736745,-0.7622916808860145,1312.3483099186922,174.1274929046631
1.7873347654847764,-5.118910236107419,-2.061163748472217,-0.02881891158839256,-3.8373632986527184,-3.00676626111905,0.8586628479232967,-3.0286572929400024,0.6175327784347022,-0.04216542660935563,-3.8445714677242835,0.9110150981541985,-0.07314635916234025,2.221458485217963,616.2356978009416,180.0709490776062
4.10609772688021,-2.510309326314655,3.066663222667059,-2.684936857638434,2.7660048704522255,-3.1606070316059887,-4.672084753745137,-1.6443119563217174,-3.5615444047486378,-0.15482519804782857,0.7063105428753707,2.2198631900038333,0.6885884083916434,-3.6194944897617285,1683.959651162754,186.15117859840393
3.5118550912446205,4.972108828417748,-1.8082843249016043,-3.521426766867423,0.6635444958112249,5.114323955166564,4.343787908511186,-4.972519763577991,0.2917012183781811,-1.7536054871683695,-2.5288858328468287,1.26686868552515,-4.783814217118131,1.9141234727940324,1584.323641859436,192.36790561676025
4.746075614754161,0.6450913555296403,-4.982518829269668,-0.27339641679729354,-4.974735674810324,4.526016352582549,4.134310690646626,-0.3972363249704536,-2.019123703452105,-4.990776571465577,4.290853541759925,-4.993331072358954,3.686373879922251,4.267980820624907,1383.317383631517,198.8674557209015
1.5462153394414928,-3.759103193720053,-1.6665854752367677,-1.0418145616948253,1.4246745594028933,-2.2584087479347916,3.2663846871544484,-2.4462793435128294,-1.5930931612724697,-4.0260270977498225,-4.153419195684462,0.8219623336255832,2.0280897288756616,-4.904219876006311,1454.615455120977,205.42160487174988
-3.739001277239491,-1.5755387138509884,4.891822663315113,2.7894698996882896,-3.076004646870546,-1.9134171709786103,-3.7044908062763895,-4.689703346528338,-5.0846420440197395,-1.0130520433640582,-0.8726343742909419,2.3553327534048814,3.936569886262972,-4.584278006368305,1251.1522717379664,212.18929505348206
-0.7836598803393384,2.1454574884918847,-2.887114183230911,-0.16944469410570928,-1.6527671679628937,-1.5967546399945052,4.8422229003524135,4.013601406308601,-2.0466304502302326,0.0239332031736037,0.6617020839147969,1.8886648727113036,-3.5947446659739013,-4.530771738651961,1241.1863371058098,219.0458300113678
-1.1494743350595322,4.608515949039641,-1.4474291116930162,2.3601358128765755,3.7672080260085705,-2.859249800393456,-1.2243429374368726,-0.7464676572603226,-3.3895980301412623,0.010537039371350865,4.9759391037478915,-1.7760937829916061,-2.671074978975592,-3.3134398533333025,1549.48718745349,226.03503608703613
-2.5412001867925613,1.8101109401827946,-2.2510924912457786,2.225450380333033,0.44906104617303644,-2.3368140495017493,3.486304418994414,2.726310645912175,-3.854324689164746,2.191306604467875,2.102327998340664,-1.6591175901402786,-1.2814222392931147,-3.5492467313260585,1784.329295391185,233.16532015800476
-2.2487952320564175,2.938730807445679,4.347096575036148,0.9895839953114827,-4.304229952568558,-2.718724662148123,0.7781037147885694,-4.883060001810781,1.8108523326373653,-1.417590532606984,0.24855204953059928,-3.849519023788871,0.9980476850835931,3.5431300914705988,1329.3983260476202,240.5477135181427
-4.8288220984332195,2.598712590201786,0.7393604309407946,0.2682456651421061,-3.1455003752357076,4.350068763680793,-0.7621108157780814,3.3773150764051723,4.664513905834485,-0.24880668677762863,3.393243483459085,3.656149395232192,-4.9060360883921135,-2.845427163344671,1709.0882420822904,248.0674169063568
2.9745949769021474,0.5485794526995695,-0.6607383857448443,-4.212897725581922,3.7031901986208053,4.147383029967004,-4.7867252782307155,0.4114126983245008,3.165549172900067,3.9474359481825827,1.6535379331221751,4.9503687534648355,-3.8561054094678613,4.904565937349667,1302.9527004961267,255.7471787929535
4.447900809246527,0.6966999899337303,2.88434700990432,-2.8513226776559515,-4.832059157901311,-0.4695572090599853,-0.8545932689137894,4.152390906019691,2.4831345375809057,-1.404385456816156,-4.079892460643681,-4.1134096128600035,-4.088983820041063,0.9679198577948993,1297.0653916744259,263.57228803634644
