-2.381733941622958,-4.91018166820978,1.0352601521916922,4.605457064908159,-4.407801398978366,4.191471072158513,0.6995982011569764,-2.4872636385507914,190.6358414215083,0.4250504970550537
-5.12,-1.5106093995303498,4.298077490358254,-1.9609372302486712,0.43870026595492817,-4.008657597735027,5.12,-0.5912655255354249,169.99663817942928,0.8331212997436523
-2.1539256814497856,-3.6386842007737212,3.928809190640794,1.855269898516796,1.7289982331019589,2.1141511398315114,-2.0921359786820277,4.571892838725838,129.50372326888422,1.1206684112548828
3.6166384161036964,-4.571891223652948,-0.4450258296145124,-4.680866214733924,0.2160372689706449,-3.4638109057737747,-0.4513225508677108,1.01164929859564,186.59762427311904,1.4812145233154297
-3.6766182327159065,-3.2728521876322922,3.2904004518625465,-0.11595190092189611,1.4665848992676889,-1.6672065263157254,0.8580664811065049,-3.1821327749226542,136.12646613048403,1.8901705741882324
-5.12,-5.12,-2.232448157781389,5.12,0.6563588747164228,-4.848423714948735,-4.3618160422483,-1.0995417813234658,182.93709289699717,2.512498140335083
1.536028327252545,-3.1301691824821107,-5.12,1.4878133393228135,2.9374319343277486,-4.855928704279938,2.445228364887808,3.5314542166527607,180.63912365830788,2.8122475147247314
5.12,3.421945433304658,-1.1241420212155875,-2.465412114128631,1.16571354900036,2.4545908087298347,-3.329605929527147,1.5253421794633821,169.46350350336496,3.5188395977020264
1.0022528538524034,-1.613477816175291,-4.933897287190833,-4.730061761575024,1.0460166719388928,-3.5680840758345176,2.4514972186965016,1.4447092609658272,160.36750480671103,4.217681646347046
5.063457865981918,-2.415146318352612,3.4794116344052357,-3.227128695502037,-1.0066920260754806,-1.9959532555462358,3.0980144763500226,3.9037316469463077,135.33056960161045,4.619622707366943
0.254613905031964,0.34349066968307085,2.6669665327996652,2.9343285054741015,1.041100156846709,-4.176226540570283,-0.3167152502883832,-2.899518820422077,106.45133441619333,5.208580255508423
-5.12,-5.12,0.7718590367627458,5.12,1.3820599210532905,4.4301706718768274,-0.9375999323982454,5.12,184.53039496456623,5.785280466079712
-1.030024337619528,0.11438144538567485,-3.5204634397934402,0.9215284818271723,-2.73575635819987,-4.739104454836231,0.046772059029766666,1.2479360133403157,101.45595555559846,6.373251438140869
-5.12,0.2553354543010764,5.12,0.9817777972184505,-2.991115248211581,-5.12,-1.265570281948503,0.14398060212564445,123.58581319859329,6.964120149612427
3.4035399647254936,0.14558302299365344,4.767272326132226,0.30965675597095377,4.796597139483093,-3.9372528511902036,5.100478437858793,1.9357284484633626,158.00908412545266,7.467947244644165
3.3517637054493674,0.09458015003482512,1.4481028624773273,-4.952338322350297,0.9061061369997878,-3.8388241449556935,-1.013575516559193,4.701875111975489,133.56699186082344,8.232935428619385
-1.1282036277367644,0.17936470009751737,3.6724762939023625,-0.5576140275520123,-1.0823624679727688,-3.5288890351940765,-4.998996203996011,4.169008627108336,140.18281506768594,8.857622385025024
-5.107600040099368,0.32510846204523514,-5.12,5.12,-4.456510400086604,-3.794778778124459,0.8246798570285838,3.7456477891136783,192.36298033369962,9.449211597442627
2.604671894189763,3.196587268619642,-3.6782401453597453,2.3153681570926086,0.9858683697381903,3.3299860413571993,-2.9925082465436534,-2.997501443800602,133.73327220123065,10.118633031845093
-4.357711774291481,0.6877759486797705,-1.7915332798547703,-2.709399063133012,-2.813178073743377,-4.542933024482549,0.16051459882452246,-2.0629050907662494,144.0758831338705,10.711618423461914
-1.451882530658886,0.0663392061078234,-1.6712304097087598,2.112413621533247,4.246409242215667,-4.807484600232625,-4.75367769281755,-3.624221400406764,166.90379013194575,11.12648868560791
5.12,4.520410493173782,-3.8506055289760823,2.751802237791895,5.042384324596658,-4.923801339246323,-0.0013287032151989564,2.2217346259008783,169.97061806320642,11.798231601715088
-2.361746851607579,0.25133515412835017,-5.12,1.5937997378790252,-2.174794733043794,-1.8722410705754622,5.081788102322835,1.7483837912833602,138.971966067056,12.684105157852173
5.009141689260889,-1.0792634704781996,-5.12,0.015298947325049106,-2.6022556082423622,-1.1696332108273269,-0.37676076258474644,2.3633939732042037,127.18029323073651,13.288963317871094
4.468674030361835,-1.1481015604277816,4.828485473633534,2.1773457717994447,0.7702073220461294,2.967209885550786,5.003455812787334,-3.4266040992169917,158.10995163876356,13.760321617126465
-1.9001315799331695,1.309180808138362,-1.6056954163982424,1.6033430827807766,-2.5388333253369524,1.3055917908720236,0.4654441681734349,-4.907067092515011,148.84579852866656,14.320169448852539
3.795071635228644,-5.012669593367835,0.8854718958649093,2.301248794006259,1.161794599310631,-4.506557128979706,-3.599842894602207,1.5521763532127384,167.80980196434953,14.94637417793274
1.8870077060501407,0.9219104029984821,-4.818651845508451,-1.645293494617965,-2.706151060357774,1.860667207892523,-0.7851289839819353,-2.118189217952015,98.51236382025938,15.567601919174194
1.4170441059610015,3.2119023945572964,3.6120298367688184,-1.9531956628804954,-2.684827114027599,1.3708634718396988,0.19412381005662827,-0.2665245004392087,131.1996463257398,16.121097803115845
-0.46469080422242737,-3.172121048496245,-2.1285363702254747,1.7064184422861528,-2.7597195290038075,2.812272954480145,-1.1665200154867978,-0.151359871708876,100.23555368061798,16.70469832420349
-1.6843949570288426,-1.0738502410701987,3.8655124180227096,-1.669425336375864,-2.727438994580144,-2.266075731742681,-1.8003194152599735,-1.894171405640527,105.84056076323824,17.334623098373413
0.4848328394141914,0.6740076773682997,-4.3768301775092056,4.190437802166932,-2.7919219318298842,-5.074147130551936,-0.12704389251715575,-1.0121471468966972,141.54587890266544,17.983189344406128
-0.020383642041440275,5.021595337120956,1.8285536106483322,-0.13713046810393248,-2.773665118932822,-2.944409094566964,-0.927521342906795,5.0449994532514415,90.71689637684449,18.704071283340454
-0.3473049962261836,-3.311321063354341,1.4736003289010897,0.8079983117840577,0.9507042781923509,5.112582015121373,-0.7290806990468033,-2.3950972553186087,135.10830502470967,19.38438606262207
-2.6735111447438165,1.636249589248699,2.793322491653604,0.08206592030924398,-2.712622250723154,4.416192342351242,-1.0624053217154108,-2.8059148806113976,131.57585712715576,20.19257164001465
1.6499581505032959,-2.3896729967647836,-5.12,-0.2659598705608257,-2.7587412750899625,-5.12,-2.0485898544178935,3.03957920870583,142.1936858351331,20.944657802581787
4.223832580631888,5.12,-1.0544171621319736,-0.06738554798115537,-2.9547909326997215,1.8181522864600064,1.6304173807071587,-4.125050743995187,115.42348593609134,21.69535779953003
-0.8171940715922643,-3.488312632791339,3.6709320987768033,-1.5964643454423886,-2.983166827080306,4.318252805262662,-5.0178021559299975,5.12,183.64710053344882,22.265188694000244
0.674223950304512,1.9991633306243353,4.5891940192090255,-3.062696713794711,-2.8243794737457324,-1.661120527290083,-1.159105375359054,-1.6393951131296887,125.27070399602198,22.9950590133667
3.3010088925548215,4.825335484821381,1.625786750470394,-1.8577127458168947,1.077629997319633,-2.185189347737392,0.298085710012324,2.6851112739366307,127.02094116237191,23.61614680290222
2.48767658360722,4.426058827299715,-0.6488898589551857,-4.654203617544375,-3.0809601864061027,2.8852492001799552,1.0115817392610245,-3.8330128768297502,160.6984761493543,24.276424407958984
-2.9525235818827626,-0.9006305580805813,4.716532164408155,-2.0644465935702674,1.0834577657861226,-3.128917035793589,-0.9340595751202612,2.6652603318886205,90.57170342547641,24.96792507171631
-0.9695127467116853,-0.9725539475764338,0.9849170557265134,0.5929428387767723,1.2968143315923228,-1.974258963690433,-0.9086044365462298,5.12,71.88976779578107,25.820127248764038
-0.6722360597759636,0.9283107103960289,-5.12,0.15389253575710526,3.1329285044490627,-0.3478172658614538,-1.0639272430639126,5.12,110.12011825178331,26.666314601898193
-1.2641415987294367,0.002277472181801521,4.828605092822898,0.23719889111720693,2.096100491147749,-4.860470825439204,-0.9817616063791004,5.12,113.65737145609232,27.40448832511902
-0.31654578991680893,-5.12,2.1219031393529724,0.7230917805889554,-3.410060448173943,-1.403617877057255,-0.8964123508630033,2.9032566838189693,125.91975178160195,28.06460475921631
-0.8155929882973183,3.4668535711585227,-4.303678635073835,0.6021695507008387,-0.4680372141011775,-1.7014277272636424,-1.1457536891228068,-3.202689681445734,147.13227457410545,28.837942600250244
-5.12,4.739282510175987,1.1765133527856566,-1.347887301124039,3.0795631984494394,-5.006382499020858,-0.9046384817596804,5.12,153.83878147921087,29.641615629196167
-2.4209911718567914,-1.590886885639558,-5.12,-0.05765779988126507,-5.048293955278788,1.3869380784463967,-0.876275578683976,5.12,153.18728368534494,30.606056451797485
-0.8740870943326557,-2.9290789137595654,-4.52536527995721,-0.15392834563908853,1.2336402512776878,-4.81748537908182,-1.1448076792460236,-1.7407159292852121,116.36384686260125,31.44597029685974
-1.0797483506196004,0.41803909924718496,0.009415929808900714,-5.12,1.9812258677488321,-3.417318028518518,-0.6363952444579875,5.12,130.44556154718862,32.17826843261719
0.07300738933931328,0.40474270044251437,0.468071973156003,0.8936553467588695,-0.5286361542709477,-1.4683109952565383,-1.1258317591989955,4.649254653305687,126.27344835191435,33.042070627212524
-0.945577741790987,3.528706671866874,5.12,0.46082870987900826,4.571394291722178,-5.12,-0.965350883235943,-4.507019469628132,192.9027787986004,33.90760803222656
-4.4296738964114555,-0.3359458246987339,0.9925786645490335,1.023015265313477,1.0879770033771123,-4.910001648918483,-0.936571278264406,3.7883386433494026,108.02737457730436,35.058972120285034
-0.38769864116151354,4.86338940288599,5.12,0.3782603360618353,1.0611026429350332,-3.6659729089327895,-0.8689900145551617,5.12,154.37211977327203,35.796895027160645
4.549002797405628,-1.2776340982689631,-4.879838558047788,0.18338414882485932,3.271697217731284,-3.2031520622408305,-1.0425120441267408,1.3570954064597087,145.020127418949,36.622682332992554
4.162202685617417,5.12,3.3087858148456712,1.2428868742911439,-5.12,-4.604967997714606,-1.0981220352324543,-0.10128516014991717,159.71194850459153,37.35308814048767
-1.3978214073491704,-0.4408503900893468,-1.2972327984842362,-0.06307067897327023,1.3534739646664677,3.753904387391553,-0.4671229814544544,5.12,145.52237614411908,38.10374855995178
-4.902066232329445,-0.5624755616343791,2.364750104930521,-0.6855436703089888,1.6199230327579333,-1.4773927563810099,-1.2568633684743173,-1.9223380736914617,140.8960944800746,38.883333921432495
4.5121046275927705,3.7971167463690536,-3.6949649835120386,3.080732818507234,-2.2860269326228315,1.4053637472906546,-1.4558140858491893,-1.785848228261488,170.04450528979004,39.818968057632446
1.3706325147980296,-1.7567703792699234,2.837078483724972,-3.5622726599696715,0.23249383116517564,-2.0269952509131874,-0.6013676487982256,2.55609779483812,133.72306257460951,40.713019371032715
-1.7143172753107523,-1.5276440547800876,2.9950641885961575,4.047224747332497,0.9001753942615434,-2.6173806256133734,-0.9222928144683031,-0.7140209119065473,104.87366502931819,41.57643985748291
-2.2173571169983437,-1.6402474144444654,3.0715209780799464,-0.45542123414309277,-0.1197641698531422,-4.672074143803338,-0.8676267788916769,1.9216352032939588,110.32051440431096,42.416104555130005
-1.3063325708375664,-1.4551207579505347,3.826789066899825,4.343267992523352,1.5686972521955065,-1.5457296826044908,-1.431477857085334,2.5096178788690224,182.23341025873032,43.28502035140991
-3.3858157597791783,-2.7187631771157594,2.485179162967504,-0.4452977171290877,1.0885511226575977,-5.12,-0.9044345413870465,5.12,157.1965080760967,44.43726968765259
-2.1508755625145057,-2.4464529562362145,4.206635666244845,0.4616734774866673,2.9390795064941413,-2.0950955947638716,-3.679680240474161,3.4603190952771916,154.11126010880602,45.46543741226196
5.12,-0.7490293530848957,3.702497523663369,0.5553790218756856,-0.6373281054134283,-5.12,-0.8707337769951051,1.8907955443488662,141.4559160794555,46.334662199020386
1.7397813938408158,-3.173345358599409,-1.2767586635332244,1.373947759849976,1.3103473662221168,-3.974973334668711,-1.0743626510034678,3.8103757698813068,115.70586642797808,47.285276889801025
3.9969488017175143,-2.2494096159148675,-4.062205753867996,0.014913461900793124,-2.904491477542744,-1.9402223281604747,-0.08872654762085475,4.338445928929956,98.5644435848404,48.36220383644104
-3.8550905549970054,3.165589796362391,4.270666622988441,0.7982792374147358,-2.9290098085536944,1.0238954178808282,0.12815791364658846,4.054820385103796,101.70852751934672,49.307984590530396
-3.3827567990320224,3.4841579854211693,-4.859683342774805,-0.6406876877467589,-2.9208363999910465,3.874588206432928,-0.37888609684969854,-1.0990874711826697,153.1211708502939,50.32286787033081
4.181379419719797,3.8800033236797384,2.43986290961225,0.3452200321628993,-2.1651202209896434,-3.5986757300154872,0.8286598606929987,5.12,157.62919092539357,51.36873149871826
2.238808185008189,-4.393601472664975,2.3324163824726405,1.370409848345262,-2.864200420131365,4.492597356161714,-0.010969812114594468,-2.590180514194577,167.5641989886975,52.42690920829773
-0.7821690806162351,-0.11520457375722692,4.747575747074509,-0.8526034505338824,-5.12,-3.392222518263063,-1.0250508842411925,5.12,136.8586106211488,53.420684814453125
-1.9857170602873508,-0.0684878994644178,-5.12,-0.8368969030926836,-5.12,-4.830869910648459,-0.9956977505135356,5.12,126.64859901570257,54.58586144447327
5.12,5.12,5.12,-5.12,-5.12,5.12,5.12,5.12,231.39770980628714,55.783448934555054
0.3664759194030607,-5.12,-5.12,-0.0673320148830987,-1.1569743028071735,-5.12,0.059362727453327935,5.12,139.91359438777914,56.9494845867157
-5.12,5.12,5.12,-0.15935519212113824,-1.1027774640646069,-5.12,-0.27377992859121036,-5.12,164.04982182865402,58.17478322982788
-0.7167025836443068,-2.0552127102409328,5.12,0.8819460884963055,-3.5166626657391906,-1.7658804537309796,-0.8677403614674057,-5.12,127.11064999292996,59.31567335128784
5.12,5.12,5.12,5.12,-5.12,5.12,-5.12,5.12,231.39770980628714,60.433964014053345
-0.8245083679823919,-1.3905159566499212,-5.12,-0.6212198509108493,-0.2666602464840304,-1.8387072564172842,0.9594543560433362,5.027467630089855,118.24899443985387,61.5495662689209
2.9858348286505043,-0.7870982805113087,0.5121367343267904,-0.6009284230445946,-2.4473081591939834,-1.9479674041883506,-2.5194996719896383,4.714774209786712,146.3822917886398,62.66839003562927
-0.945768534350389,-0.8684921981020732,-2.9045883178786585,2.925587966061001,-0.7044361879522452,-2.139143067173511,0.7917066016002048,4.17227064441327,77.49272151326494,63.80018615722656
-0.5482971796402554,-0.6220189376137624,4.738309420706517,1.7099577872227245,-0.8085521424344986,-1.994506427425692,4.998745468253458,5.12,150.9855030302454,64.99046540260315
-0.9803261038145612,-1.93554152550097,4.254374862016166,2.2917984044029573,3.2282908370189913,-2.262300946364111,-1.798210082607135,4.39062818950051,134.02631421194587,66.1056489944458
-0.9619800123919466,-0.5111954524306643,4.735091633169289,-4.351839421774142,-1.481581556835343,-1.7306136571709563,-1.7201094363953189,3.2313411665928102,160.14788950535714,67.19756865501404
-0.9549212577494242,-0.027691881308196997,-4.5342774661149825,-1.160861429318809,-2.9607077030441533,-2.048116183917814,2.1627887799218897,2.2985102577822216,89.29543795999743,68.3318395614624
5.12,-0.14506486605599633,-5.12,0.43967482328462903,-1.0287730518096696,-5.12,0.7322047339083602,5.12,151.95084026434614,69.55414819717407
-0.979977905660256,-2.1811166581888415,-0.6746109711455368,-0.9314933912473728,2.20391107989557,-2.224816114146197,-4.338785654481668,-1.1281565442580104,92.23684840194807,70.69673037528992
-5.12,-5.12,-5.12,-5.12,5.12,5.12,-5.12,5.12,231.39770980628714,72.07874846458435
-5.12,1.1245782523434737,-5.12,0.34640938226588247,-0.6071628498535828,-0.5400115603964606,0.09529237144851344,5.12,146.67494613173048,73.32748866081238
-0.12902719344078584,-0.13108687454080226,-5.12,0.22916079197064398,-0.8709700911034375,-1.4854407818177635,0.14170441021365932,5.12,102.70697013959165,74.49917674064636
-0.17271586147893814,-5.12,-5.12,0.24121207785481502,-0.7366003368956067,-0.9176950605622043,0.21005071545734832,-5.12,122.73657063177868,75.57613849639893
-0.21182596761957573,-5.12,-5.12,0.2292482267272371,-0.7716867442876199,-0.9747137645268085,0.1812694102596728,5.12,119.35624861638915,76.66541528701782
-0.8614760028156061,-4.219491361795084,-0.9641701085392631,0.649549774789409,-4.344815333533445,-2.0132323798273273,1.5681067271968585,3.2820602197249746,130.60648853255177,77.86665773391724
-0.11608131261881738,-0.101028262660801,-5.12,0.2397476080399903,-0.8645981164556726,-1.4140952353011933,0.13066709910344088,-5.12,99.71242258928731,78.86067175865173
-0.11346039681162168,-0.10971414848426697,-5.12,0.24681416876666962,-0.863724448455109,-1.4094985940468172,0.12854316834749646,-5.12,100.16468410224262,79.91293787956238
-0.1120015752733714,-0.11365271501248042,-5.12,0.2536199025637549,-0.8672414401162003,-1.3948905398032014,0.12825242931230285,5.12,99.95386218782983,80.94395709037781
-3.8823708396474474,-1.365831381270806,0.9119666490302576,0.47546781212109757,2.8334195649376195,-1.8005287228392457,-4.207084554999871,4.897150858907156,132.8078342526843,82.090904712677
-0.10969336069983271,-0.16260556983641195,5.12,0.2738741534540665,-0.8431133695278588,-1.3389268918985566,0.08327679519995623,5.12,100.14790723923471,83.32711410522461
-0.11289742816711712,-0.17789200883842593,5.12,0.2796034664860443,-0.8402165770465873,-1.3547646436428447,0.0747398364966525,-5.12,102.23334203837983,84.40182542800903
-0.12071980488741652,-0.17420651355792582,-5.12,0.27937553957580885,-0.8405027481708256,-1.3478555442133922,0.06434864771263271,5.12,101.68171466416992,85.53410720825195
-0.9216824158060888,-0.11357122120531837,2.2354488924092406,3.289402387676268,2.819203202290722,4.683056988477424,-4.168164007208589,4.043070135623201,130.7589869187323,86.80478477478027
-0.9463256286599924,-2.0057728386061218,-0.8105594769039381,0.5650185887831602,0.12840595015534895,-3.668008200516133,3.4431526466299074,5.02251666546623,119.95716800182782,87.99339246749878
-0.9211694503416501,1.5212275119897827,4.147486622150043,3.800056633365375,-1.8239459760733046,-1.6375730274533917,-3.4292396306429165,4.122910042368834,145.46049511145108,89.37453103065491
-0.938040992403133,-1.817718114105241,2.6763058996683924,2.7093623214316223,-3.9519545554446114,-0.7433531625962244,2.7253264885705555,4.055600474198877,115.36388086286816,90.63125109672546
-1.0856355299174396,0.0610901573913587,2.477030848561669,-1.485980798583705,-3.6037264662021875,-1.2163306790465964,0.6778677226492675,2.2378553409431605,120.92475588395274,91.78077983856201
-0.08713062612234701,-0.22819684362754256,5.12,0.414404745907067,-0.9438428920703696,-1.434745331693731,0.1893981909799356,5.12,115.82106538318689,93.15534329414368
-0.12485315468371727,-0.22212025727103057,-5.12,0.38650286964814917,-0.9371113900165184,-1.4946599692043883,0.1572986813927404,-5.12,115.207660584552,94.30437302589417
-0.1322867258139544,-0.2206674646123803,5.12,0.37497495296019867,-0.9490371149207935,-1.488623575652558,0.1580327039478462,5.12,114.71574207583687,95.47047424316406
-0.9595190770805502,-3.7609287681076298,1.6738492302908954,2.7587450150611055,4.567963097994329,-3.575467898369717,-4.9896278744172795,4.183870940632915,179.2031838341272,96.6606924533844
-0.4876427247851538,-0.6415973912509836,-2.6865881710731068,0.4460841837566507,3.3535602457387457,-2.2601690870950093,5.06312464146798,-4.510397815775695,187.42847644422608,97.8220443725586
-0.3467968600730158,-0.3274978541229947,-5.12,0.4320619984115339,-1.0344420309383349,-1.777593456023618,0.011670750863121526,5.12,120.52441954017134,98.99477195739746
-0.33312861276803485,-0.32594545514065665,5.12,0.40607410709963254,-1.0370572456746858,-1.8037248946005842,0.02792348788271415,-5.12,117.56286157038008,100.29929733276367
-1.1149806086440792,-0.4535937750699457,-3.167565214654699,0.47804866548032265,0.603746295347789,-0.9191460272559446,3.776782529179985,5.12,130.6766999604272,101.539870262146
-0.3277903708163663,-0.31438061107981596,5.12,0.39384308889374786,-1.0105435118530268,-1.7264673632141756,-0.006722187807667979,5.12,120.20476104123505,102.6594009399414
-0.7835144091120974,-0.8385924382928218,-4.8023529393352575,2.7856209601298625,-4.468517927593799,-1.325836418978915,0.49765774514289696,4.157819662638411,157.4936303441163,103.99415326118469
0.3009388288479249,3.7977947615415557,-0.3210331307154979,0.045002964269039936,-1.1828942369678397,-0.7366626507461635,-4.8338094248266055,5.112818118673032,125.09662871207357,105.32068967819214
-0.5939231411659103,-1.5620811675598163,-0.6676525925871593,2.7064618182816744,-0.6928100510135478,-2.065864911735145,1.3826119020581782,4.129707062453181,134.38560233709217,106.66124558448792
-0.4041166101566498,-0.01425337987698061,-5.12,0.024758744261214716,-0.63540924659676,-1.6153875722337876,-0.5496734249556114,5.12,133.32490735952524,107.99572777748108
-0.9706093240278131,-1.9104929303074112,-1.1685645208594742,0.6126917454394114,2.287565148309344,-2.4705204701892614,0.9434058007341708,5.118226285647265,104.59317796555914,109.50391888618469
-1.0463464577664654,1.6072050735190428,2.5566409497805145,-1.0579340314212633,-2.043043953514969,-1.8370477972382186,-0.387132916748711,2.287561824953362,97.62072676633922,110.84856510162354
-0.9560958601175109,-1.4268378820523946,1.306690670780192,0.7712336127047976,0.7175586070757394,-2.3195379186056817,0.46095408774034485,5.12,127.73782166085658,112.22131943702698
-0.3356337544391934,0.11833747855769516,-5.12,-0.06013872539973519,-0.7382105408742463,-1.6419442093079692,-0.35494285760015565,-5.12,122.9618707350257,113.62887191772461
-0.32165517888578243,0.08566379448028805,5.12,-0.03132104663185853,-0.7979244386548432,-1.6256386077446288,-0.2704519729733006,5.12,112.63056077066597,115.01386094093323
-0.3289754450586173,0.06763810020951233,5.12,-0.021354411079520297,-0.8149760603960639,-1.64852362351367,-0.2555579295729764,5.12,109.48194533851698,116.43893647193909
-0.3474620107985986,0.02333617883964756,5.12,-0.005890745928859964,-0.8345916397047244,-1.7346869437597814,-0.2456786923067913,-5.12,103.21989679380546,117.88238048553467
-0.33175218882158486,0.015539910209638741,5.12,-0.014997254468267052,-0.8037231412756674,-1.6522176647913343,-0.25897932781106014,5.12,109.42518942825924,119.44855809211731
-1.346936654761255,-3.6401298500427064,0.5691356560731791,3.1702905609185743,-0.6968534930874197,-2.2325494929432783,0.6510931328747454,4.591244636466413,165.17810438475948,121.1371169090271
-0.24529608634011968,0.5523456429824058,-5.12,0.04694716354635453,-1.4257469157123275,-2.1949554965567546,-2.3896608529084196,5.12,143.61113695795183,122.76282072067261
-0.9846415123721366,-1.250129985605403,2.4996955377285266,0.2923297935403273,1.5707580325542132,-2.1125822672025083,-2.6233408536813174,0.5974292350735615,122.47412611443328,124.34611916542053
-1.136769128945598,0.9649068452436582,4.57943663942826,-1.2288410751037087,-2.5674865098942803,-1.9884889259826117,3.7468193495444035,0.10453217941996584,111.88836607071775,126.12219452857971
-0.9071268612412835,-3.134314354400712,-0.44871535452050626,2.9411121494004506,-0.9636930487960536,-1.9886616202905167,3.792364575955017,-0.6334849738789678,88.67474429458031,127.71537828445435
-0.8010417608956981,-1.03724578213696,-2.476439490512486,-0.9775906921110122,-2.636046362046007,-1.9276160138596445,-3.1871192604395553,0.4637818101301274,100.42650858655188,129.39881086349487
-0.9761767023030838,-1.0916984639377558,-1.2271381484444417,0.7593342750411196,1.5352116059203977,-1.9416721397462426,-1.8797194770521428,3.169332492131514,71.9291689440616,131.08742594718933
-0.8668905205268604,1.2497088164451542,1.9428832239409717,0.685004533318275,1.3846991330577012,-1.6542056280860051,-4.880703782094734,4.92497682196695,124.0973484587475,133.09592390060425
-1.1764947126620098,-0.466140562777019,-3.6414076984152173,3.1551307938464364,-0.5473253413764736,-2.28469409835609,0.2980797345880317,-2.575375416212295,146.66561158150316,134.8162305355072
-1.134540031916544,-0.47332930760449976,-2.078679437105699,0.682059232142108,1.5163099652002812,-2.091797605812427,2.160382238723746,-1.0950254381276165,85.358692374237,136.55494904518127
-0.9839348135311843,-4.4696339164977195,-3.501378867860075,-1.03607470380906,-3.1218363625504435,-1.6941679116317236,-2.442686517918175,-1.936240015914144,133.11218905842696,138.13869833946228
-0.9019035167644152,-1.676864538895809,4.273334387802694,0.6920693338724595,1.5740153498787608,-2.159270013160098,3.21220066703028,-2.3088505342617966,131.25321853568224,139.53724265098572
-0.9108252950710325,-1.0839347955016452,1.7461863255727073,3.0363292868271925,-1.1336771830687007,-2.271590350751773,3.7647929933594417,-0.9194568249244552,74.12659756008824,141.36834144592285
-1.1056469115321308,-0.869526568437097,-3.5453192953762502,0.5654695868682129,-0.7698988715452204,-1.84900224254163,5.057622877499596,2.7344845659938555,120.54642921992888,143.68983340263367
-1.1130262775437307,-1.109473897066941,-1.2251822229262541,0.6558119610860897,-0.3682824994405465,-1.914152375565771,-2.382788485646276,-3.7697226225728446,101.16452670471463,145.40692806243896
-1.0249784864805829,5.12,2.0639107654518094,0.6939245609266047,-0.4199982984550834,-2.012164794048965,-2.936415675712277,-1.9556305442330024,85.72384756239072,147.3716299533844
-0.8814950537821566,-2.4707187635343817,0.9360234843634672,2.935575298705065,-2.9921698853172116,-2.185057129032776,0.06492590047065772,-3.12453369889435,73.72530382597988,149.22118425369263
-0.832033017278035,-3.936244744162461,-2.2757307236748434,3.292782785202877,-1.6054872030459801,-2.1658257709840694,3.2133568428125185,-0.10637905805794201,112.64802229597014,151.11751508712769
-0.9243500095948276,4.847146910545425,0.4052243587831734,-1.1881712186234616,1.0915256654808285,-1.9985447688777551,1.298042856323713,-1.77303865347446,88.94631764200533,153.42121267318726
-1.0462947995188072,-3.320322978602306,4.331163727501537,0.636536590213292,4.467817817371299,-1.9173797022889447,-4.9351881545113185,3.113454991500551,159.45545933534797,155.507896900177
-0.9107567253230702,1.2840179073238192,0.13939135505345668,2.6839763897810007,-1.8865637136661375,-2.2724641416436953,1.4831349539097234,-2.878210081058088,96.76033823486422,157.76852464675903
-0.23815103616342626,1.1795021022420746,-2.9287791460793997,0.039589553681926404,-2.2820261813429967,-1.659819336977276,2.969741983916392,-4.493939872421879,110.80681280943605,160.10104894638062
-1.0727610738095068,1.1074420427446983,3.7890101056090986,0.6933528965266067,1.0966104746127083,-1.8768702622801232,-4.057031360987306,2.3487611657913643,89.27700847600923,162.32088828086853
-0.9570499849334126,-2.530375352743695,0.20919094285701245,-0.9582899334980493,-0.7456751489598155,-2.1321808694967297,4.656294204798411,0.8964736789051964,94.97568052937012,164.71085214614868
-0.8644669142537076,-2.3678758834383338,5.024836414913861,-1.4234115354682264,-1.236743270203811,-2.0105996881897665,-2.790890910279368,0.8743775202183501,106.5060677328566,166.72697710990906
-0.9996605293173095,0.05471559574727625,-2.6265778529254606,0.704187903220503,-4.060714327882182,-2.017720983453377,-2.8866590788348185,1.2491612712772868,82.43401754007571,168.67278742790222
-0.023793238983319753,0.9493428339654937,0.23655327000258275,-0.34405632586311885,-1.2970628092448266,-1.3075176227396734,3.3519347729115507,1.328628903112964,99.97802967037649,170.65475177764893
-0.9846587973161478,1.2179166766377554,2.474506360079147,0.8518900215460325,1.7970246295515198,-2.020520517971283,0.02686817575731215,-0.7404553680160637,67.01790425262696,172.65227675437927
-1.1562298727178768,2.667548920215485,0.3349942419083387,0.9395316110291763,-0.3891637763485658,-2.1385183330499546,-1.0197841500885065,-1.2364482322992445,82.3920221987068,174.68622469902039
-0.8547644866527238,1.7538493554913872,-2.836390344108337,-1.0754236386019258,1.7594170120777983,-2.172502161885306,1.8921454680007068,0.4311126762803532,80.18400964667947,176.8589940071106
-0.9875471289128912,0.030865104597304516,4.708240647965796,0.8136744642418252,-0.31525260294337976,-1.982287599521888,2.540684475076157,2.246707835022886,101.77049434242076,179.59025526046753
-1.0084091314308283,2.519291405290497,-0.39725814784786095,-0.8174107658933485,-0.550980049270061,-2.240654303496283,-0.5942001948463336,-4.882846889767905,131.31980688164492,182.14288640022278
-0.735235165379529,1.983393486748179,-4.609358467415203,-1.33334630191818,-1.962399101077112,-2.0474920337298648,3.375036841703449,2.6476255945776597,131.44497443949257,184.31112146377563
-0.9925173543428043,2.3162942274501708,2.5418157958698018,0.7941728638419159,0.5823552290855583,-2.137696851139152,-3.925575091029634,0.011681858207895246,98.04116053537533,187.39025855064392
-1.090992152816983,2.6905913054365094,-3.5724348671381416,0.8307487804201106,-1.7888815096125112,-1.8342632741245946,0.15293266531725624,1.0980580176209012,87.67768509268478,190.1206283569336
-1.047183329430089,1.793804644927409,3.7315306689508896,0.6417057543361588,-3.520034477774076,-1.9911966397328418,-0.6182760744136147,-4.167866573133411,130.29201105001886,193.0793797969818
-1.1505639995401715,4.527876078974123,-1.9209632845572036,0.7032565486090734,1.6376758044716135,-1.877766810142743,-0.6133042476323203,-1.2482264816556925,119.00593053018038,195.8369243144989
-1.072164402577811,-0.2724228753267566,-2.2236551563018656,0.8706847953291996,4.119724043818317,-1.9004471291330884,-0.8508397771183631,0.49365740915479606,81.03150563616933,198.49477529525757
-1.1252486034505154,2.164053153218097,-2.6203623005942216,0.9385482506342759,3.1213729707224376,-1.875111107939706,0.6841777614684545,-3.3029770972122203,97.12198404464105,201.43594312667847
-0.347477976035524,1.2331228877923648,-1.4684640402132967,-0.014812622535361974,-1.5584510947495192,-1.9487750024169648,0.807850208436145,-1.0650947911319522,83.4657273224316,204.2838740348816
-0.9817667399196237,0.12231621583927943,3.602958584547989,0.7363875196670824,4.139371070916771,-2.092181788801621,-5.12,-1.950275554710418,106.16276237316683,206.9212770462036
-0.9797174361457417,1.7896169202852255,-1.8124254150514503,0.967293052610918,1.622891870833004,-1.9461464272684754,-3.7868272970400145,-5.030315584333177,94.07261653232672,209.27773880958557
-0.8851554928172076,0.8389881619768316,3.815306386409616,-1.0129254775150214,-0.32568675278700976,-1.9173591613669778,4.576986269958611,-1.6692601177281792,107.42664315169017,211.6072506904602
-0.9358575157227866,2.767828680553449,2.3109497361900084,-1.1648054477065295,2.749953746958126,-2.1204030446060504,3.2007922409555176,-0.4658775721693331,105.53232099935292,214.22908210754395
-0.9891499721401429,-0.7562537188439986,-1.5051989973970898,0.7025526822982577,3.922354006194209,-1.70110126255583,-3.054745174560507,-0.4700003116007174,109.3024032635287,216.63856768608093
-0.9284396432842206,-1.2724262587823647,-0.8838788503700599,-1.1424784274298232,0.26683622987726796,-2.2183574334294316,1.4919619373420776,-2.8611699144176157,81.29996458222274,219.0593330860138
-1.091765598839439,1.097128781029479,3.4006260617727877,0.88734974479177,4.093849251714073,-2.134446704479355,1.911900990062346,-0.950790889861012,71.57635719373037,221.30977654457092
-0.9101234282987622,-1.7442908760900906,-2.760632015994692,2.8977305422939947,3.101143557989171,-2.2827160999009237,-0.17542712820128958,3.238531820160241,97.23121043803502,224.61220288276672
-0.9528590117435076,-0.6545225408559165,0.17061506257725423,3.5966653008868947,-0.17541507948215518,-2.2139070679715385,-4.037270720022095,-3.133574554469697,101.6893009883023,227.9320468902588
-0.8380485659656571,-0.7296869296226163,0.8694582398036923,1.7460448673372149,-1.9296955796110664,-2.2117462370221386,-3.6586038176841447,2.7625139243038372,97.34425530380074,231.91560244560242
-1.0466463950213436,0.6593865937433216,1.0544139921066868,1.3070349425773005,2.3454279790746693,-1.9903762067488584,3.1524983738503094,-1.7740291391344356,85.20896209604504,236.08940267562866
-0.8811954322523716,-2.1317660040135853,-2.5883298834564834,2.912571967595075,-2.5012036453124633,-2.4601399088062106,2.0307152335504206,2.135586875740424,110.64948057533103,239.8703670501709
-0.9431711787710624,-0.13608180358560418,-4.133830690217589,-1.4592557122459828,3.5313069759474898,-2.0726058297186256,2.699926173477527,4.083763419447785,123.21110010338776,243.4199619293213
-1.120571471783511,3.0987976708584872,3.5826313378112635,-4.662987720317092,2.631807017563326,-2.0924035297391526,-0.868673120261839,4.739718558309092,150.70462796366414,246.72467708587646
-1.256438474122238,1.3348023309067267,1.1363615382227321,1.0296538363601337,3.282328618241757,-2.2942867634375137,2.563847808280153,1.3467182291283146,118.9247853428721,249.54210662841797
-0.8945463673598928,-1.7457965620637408,-4.429807810837831,3.0956844603921256,-3.042397680300347,-2.039870358703447,-2.5607738267444393,1.952539656490071,110.40427443099401,252.35038447380066
-1.0546636263377307,0.13154359224843226,4.646985922931592,0.926679959834698,2.606396199400838,-2.1255484044044586,-0.23994711493150245,-2.139482373165571,94.18149663174657,254.8824963569641
-1.088097395370057,0.908387386770249,-0.4499385242866296,0.9725166534438294,-3.386588161721238,-1.971067368105626,-3.2558243882528477,3.072892845530041,90.44531362571406,258.31249046325684
-1.0718662379105313,2.6040223822990125,-5.12,1.0507936852300528,-4.227361175946733,-2.1437853989021924,-2.9018735908833317,-3.030369470563047,111.89126927916962,261.5021827220917
-0.9676729645467974,1.564362473140135,-1.2565164841232894,0.6618231711757607,5.12,-2.056203870770031,1.262202222367332,-2.7131665047130764,116.25379474800513,264.0730068683624
-0.1142920436899777,0.13085954133281952,0.03555234170987198,0.6673071497532863,0.06704192554930266,-0.9006949686985983,-0.1904145395845953,-0.15467106685186938,35.69326194185733,266.90893936157227
0.006960035446475388,0.022272801957502253,-0.021711022322208784,0.6917610979115443,0.1562188323250755,-0.758152859687268,-0.1797366205905817,-0.20213014484537695,41.62554061423606,270.09068512916565
-3.9088072774086324,-0.5397911013902021,-4.186390732467091,0.6780616428287063,2.1444375326831917,-0.9644100440145777,1.2138579262383677,0.3105796271770478,107.97283998790542,272.8308753967285
